101 101
0.000000
0.000025
0.000100
0.000225
0.000400
0.000625
0.000900
0.001225
0.001600
0.002025
0.002500
0.003025
0.003600
0.004225
0.004900
0.005625
0.006400
0.007225
0.008100
0.009025
0.010000
0.011025
0.012100
0.013225
0.014400
0.015625
0.016900
0.018225
0.019600
0.021025
0.022500
0.024025
0.025600
0.027225
0.028900
0.030625
0.032400
0.034225
0.036100
0.038025
0.040000
0.042025
0.044100
0.046225
0.048400
0.050625
0.052900
0.055225
0.057600
0.060025
0.062500
0.065025
0.067600
0.070225
0.072900
0.075625
0.078400
0.081225
0.084100
0.087025
0.090000
0.093025
0.096100
0.099225
0.102400
0.105625
0.108900
0.112225
0.115600
0.119025
0.122500
0.126025
0.129600
0.133225
0.136900
0.140625
0.144400
0.148225
0.152100
0.156025
0.160000
0.164025
0.168100
0.172225
0.176400
0.180625
0.184900
0.189225
0.193600
0.198025
0.202500
0.207025
0.211600
0.216225
0.220900
0.225625
0.230400
0.235225
0.240100
0.245025
0.250000
0.000025
-0.002051
-0.003543
-0.004661
-0.005512
-0.006151
-0.006610
-0.006916
-0.007084
-0.007125
-0.007051
-0.006868
-0.006584
-0.006204
-0.005731
-0.005172
-0.004527
-0.003801
-0.002996
-0.002113
-0.001156
-0.000126
0.000975
0.002146
0.003386
0.004692
0.006065
0.007502
0.009004
0.010567
0.012193
0.013880
0.015627
0.017433
0.019298
0.021221
0.023202
0.025239
0.027333
0.029483
0.031687
0.033947
0.036261
0.038629
0.041050
0.043524
0.046051
0.048629
0.051260
0.053941
0.056674
0.059456
0.062289
0.065172
0.068104
0.071085
0.074115
0.077193
0.080319
0.083493
0.086714
0.089982
0.093297
0.096659
0.100066
0.103520
0.107018
0.110562
0.114151
0.117784
0.121461
0.125181
0.128946
0.132753
0.136603
0.140495
0.144429
0.148405
0.152422
0.156480
0.160579
0.164717
0.168895
0.173113
0.177369
0.181663
0.185995
0.190364
0.194770
0.199211
0.203688
0.208199
0.212743
0.217319
0.221926
0.226561
0.231224
0.235909
0.240613
0.245325
0.250025
0.000100
-0.003543
-0.006390
-0.008663
-0.010494
-0.011973
-0.013157
-0.014088
-0.014799
-0.015309
-0.015641
-0.015807
-0.015821
-0.015694
-0.015432
-0.015046
-0.014541
-0.013922
-0.013195
-0.012365
-0.011436
-0.010411
-0.009294
-0.008087
-0.006794
-0.005417
-0.003958
-0.002419
-0.000804
0.000888
0.002653
0.004490
0.006398
0.008374
0.010418
0.012528
0.014703
0.016942
0.019243
0.021606
0.024029
0.026512
0.029054
0.031652
0.034308
0.037019
0.039786
0.042606
0.045480
0.048407
0.051385
0.054414
0.057493
0.060621
0.063799
0.067025
0.070297
0.073617
0.076983
0.080394
0.083850
0.087350
0.090893
0.094479
0.098108
0.101777
0.105488
0.109239
0.113029
0.116858
0.120725
0.124630
0.128572
0.132550
0.136563
0.140611
0.144693
0.148808
0.152956
0.157135
0.161345
0.165586
0.169856
0.174154
0.178480
0.182832
0.187209
0.191611
0.196036
0.200483
0.204949
0.209435
0.213937
0.218454
0.222982
0.227519
0.232060
0.236600
0.241129
0.245636
0.250100
0.000225
-0.004661
-0.008663
-0.011965
-0.014703
-0.016976
-0.018853
-0.020392
-0.021632
-0.022605
-0.023339
-0.023853
-0.024167
-0.024295
-0.024249
-0.024042
-0.023682
-0.023179
-0.022538
-0.021769
-0.020875
-0.019864
-0.018740
-0.017506
-0.016169
-0.014730
-0.013195
-0.011565
-0.009845
-0.008036
-0.006142
-0.004165
-0.002108
0.000028
0.002240
0.004526
0.006885
0.009314
0.011812
0.014378
0.017009
0.019704
0.022461
0.025280
0.028159
0.031097
0.034092
0.037143
0.040249
0.043408
0.046621
0.049885
0.053199
0.056562
0.059974
0.063433
0.066938
0.070488
0.074082
0.077719
0.081398
0.085118
0.088878
0.092678
0.096516
0.100390
0.104302
0.108248
0.112229
0.116243
0.120289
0.124366
0.128474
0.132611
0.136776
0.140969
0.145187
0.149430
0.153697
0.157987
0.162298
0.166630
0.170980
0.175348
0.179732
0.184131
0.188544
0.192967
0.197401
0.201842
0.206289
0.210739
0.215189
0.219637
0.224078
0.228508
0.232922
0.237312
0.241669
0.245979
0.250225
0.000400
-0.005512
-0.010494
-0.014703
-0.018260
-0.021267
-0.023797
-0.025913
-0.027663
-0.029085
-0.030211
-0.031068
-0.031678
-0.032061
-0.032231
-0.032205
-0.031994
-0.031610
-0.031062
-0.030359
-0.029508
-0.028518
-0.027394
-0.026142
-0.024768
-0.023277
-0.021673
-0.019961
-0.018145
-0.016229
-0.014215
-0.012108
-0.009910
-0.007625
-0.005255
-0.002803
-0.000271
0.002338
0.005023
0.007780
0.010608
0.013504
0.016468
0.019496
0.022588
0.025741
0.028954
0.032225
0.035552
0.038935
0.042371
0.045858
0.049396
0.052984
0.056618
0.060299
0.064025
0.067794
0.071605
0.075457
0.079349
0.083278
0.087245
0.091247
0.095283
0.099352
0.103453
0.107584
0.111744
0.115931
0.120146
0.124385
0.128648
0.132933
0.137239
0.141565
0.145909
0.150269
0.154645
0.159034
0.163435
0.167846
0.172267
0.176694
0.181126
0.185562
0.189998
0.194434
0.198866
0.203292
0.207708
0.212114
0.216504
0.220874
0.225221
0.229538
0.233820
0.238058
0.242243
0.246362
0.250400
0.000625
-0.006151
-0.011973
-0.016976
-0.021267
-0.024940
-0.028075
-0.030731
-0.032964
-0.034814
-0.036319
-0.037508
-0.038408
-0.039041
-0.039427
-0.039581
-0.039521
-0.039258
-0.038804
-0.038171
-0.037368
-0.036404
-0.035286
-0.034022
-0.032619
-0.031083
-0.029419
-0.027633
-0.025730
-0.023714
-0.021590
-0.019361
-0.017032
-0.014607
-0.012088
-0.009479
-0.006783
-0.004004
-0.001143
0.001796
0.004811
0.007899
0.011058
0.014286
0.017580
0.020938
0.024358
0.027839
0.031377
0.034972
0.038621
0.042322
0.046073
0.049874
0.053721
0.057613
0.061549
0.065527
0.069545
0.073601
0.077694
0.081822
0.085984
0.090177
0.094401
0.098654
0.102933
0.107238
0.111567
0.115918
0.120289
0.124680
0.129087
0.133510
0.137946
0.142395
0.146854
0.151321
0.155794
0.160272
0.164753
0.169235
0.173714
0.178191
0.182661
0.187123
0.191574
0.196012
0.200433
0.204834
0.209212
0.213564
0.217885
0.222171
0.226417
0.230616
0.234762
0.238846
0.242860
0.246791
0.250625
0.000900
-0.006610
-0.013157
-0.018853
-0.023797
-0.028075
-0.031761
-0.034919
-0.037603
-0.039858
-0.041722
-0.043229
-0.044408
-0.045284
-0.045879
-0.046212
-0.046300
-0.046159
-0.045802
-0.045241
-0.044489
-0.043555
-0.042448
-0.041178
-0.039751
-0.038176
-0.036459
-0.034605
-0.032622
-0.030515
-0.028288
-0.025946
-0.023494
-0.020937
-0.018278
-0.015522
-0.012672
-0.009731
-0.006703
-0.003591
-0.000399
0.002871
0.006216
0.009633
0.013120
0.016673
0.020291
0.023971
0.027710
0.031507
0.035359
0.039263
0.043218
0.047221
0.051271
0.055364
0.059500
0.063676
0.067890
0.072140
0.076424
0.080740
0.085087
0.089462
0.093863
0.098288
0.102736
0.107205
0.111692
0.116196
0.120714
0.125245
0.129787
0.134337
0.138894
0.143455
0.148019
0.152582
0.157144
0.161701
0.166251
0.170792
0.175322
0.179838
0.184336
0.188815
0.193271
0.197702
0.202103
0.206471
0.210802
0.215093
0.219338
0.223533
0.227671
0.231747
0.235754
0.239682
0.243524
0.247267
0.250900
0.001225
-0.006916
-0.014088
-0.020392
-0.025913
-0.030731
-0.034919
-0.038537
-0.041639
-0.044271
-0.046473
-0.048282
-0.049727
-0.050836
-0.051632
-0.052138
-0.052371
-0.052350
-0.052089
-0.051602
-0.050903
-0.050002
-0.048910
-0.047637
-0.046192
-0.044583
-0.042817
-0.040903
-0.038846
-0.036654
-0.034331
-0.031884
-0.029317
-0.026636
-0.023846
-0.020950
-0.017954
-0.014861
-0.011674
-0.008399
-0.005038
-0.001595
0.001926
0.005524
0.009194
0.012933
0.016739
0.020608
0.024539
0.028528
0.032572
0.036670
0.040818
0.045014
0.049256
0.053541
0.057867
0.062231
0.066631
0.071065
0.075530
0.080025
0.084546
0.089092
0.093661
0.098249
0.102856
0.107478
0.112113
0.116760
0.121415
0.126077
0.130743
0.135410
0.140077
0.144741
0.149400
0.154050
0.158690
0.163316
0.167926
0.172518
0.177088
0.181634
0.186151
0.190638
0.195091
0.199505
0.203878
0.208204
0.212481
0.216703
0.220865
0.224962
0.228988
0.232936
0.236800
0.240570
0.244238
0.247793
0.251225
0.001600
-0.007084
-0.014799
-0.021632
-0.027663
-0.032964
-0.037603
-0.041639
-0.045123
-0.048104
-0.050622
-0.052713
-0.054409
-0.055739
-0.056728
-0.057400
-0.057773
-0.057869
-0.057702
-0.057288
-0.056641
-0.055775
-0.054700
-0.053427
-0.051967
-0.050328
-0.048520
-0.046550
-0.044426
-0.042154
-0.039742
-0.037196
-0.034522
-0.031724
-0.028810
-0.025782
-0.022648
-0.019410
-0.016074
-0.012644
-0.009123
-0.005516
-0.001826
0.001942
0.005786
0.009702
0.013687
0.017737
0.021850
0.026021
0.030250
0.034531
0.038863
0.043243
0.047667
0.052133
0.056639
0.061182
0.065758
0.070366
0.075003
0.079666
0.084353
0.089060
0.093786
0.098528
0.103283
0.108049
0.112823
0.117603
0.122385
0.127168
0.131949
0.136724
0.141492
0.146249
0.150993
0.155720
0.160429
0.165115
0.169777
0.174410
0.179011
0.183578
0.188105
0.192592
0.197032
0.201422
0.205758
0.210036
0.214250
0.218397
0.222469
0.226463
0.230371
0.234187
0.237903
0.241512
0.245005
0.248370
0.251600
0.002025
-0.007125
-0.015309
-0.022605
-0.029085
-0.034814
-0.039858
-0.044271
-0.048104
-0.051405
-0.054214
-0.056566
-0.058497
-0.060034
-0.061205
-0.062033
-0.062541
-0.062748
-0.062673
-0.062330
-0.061736
-0.060904
-0.059847
-0.058576
-0.057104
-0.055439
-0.053592
-0.051570
-0.049383
-0.047039
-0.044543
-0.041904
-0.039128
-0.036221
-0.033189
-0.030038
-0.026773
-0.023398
-0.019920
-0.016342
-0.012670
-0.008907
-0.005058
-0.001126
0.002883
0.006967
0.011122
0.015344
0.019629
0.023975
0.028378
0.032834
0.037340
0.041894
0.046492
0.051131
0.055808
0.060519
0.065263
0.070036
0.074834
0.079656
0.084498
0.089358
0.094232
0.099118
0.104012
0.108913
0.113816
0.118719
0.123620
0.128514
0.133400
0.138274
0.143133
0.147974
0.152794
0.157590
0.162358
0.167096
0.171799
0.176465
0.181089
0.185668
0.190198
0.194675
0.199094
0.203453
0.207745
0.211966
0.216111
0.220175
0.224153
0.228037
0.231822
0.235501
0.239067
0.242511
0.245825
0.249000
0.252025
0.002500
-0.007051
-0.015641
-0.023339
-0.030211
-0.036319
-0.041722
-0.046473
-0.050622
-0.054214
-0.057288
-0.059882
-0.062029
-0.063759
-0.065099
-0.066076
-0.066710
-0.067022
-0.067033
-0.066758
-0.066215
-0.065417
-0.064378
-0.063111
-0.061629
-0.059940
-0.058057
-0.055988
-0.053742
-0.051329
-0.048755
-0.046029
-0.043157
-0.040146
-0.037004
-0.033735
-0.030345
-0.026842
-0.023228
-0.019511
-0.015694
-0.011783
-0.007783
-0.003697
0.000470
0.004714
0.009030
0.013415
0.017865
0.022376
0.026944
0.031567
0.036239
0.040958
0.045720
0.050523
0.055361
0.060233
0.065135
0.070063
0.075015
0.079986
0.084975
0.089978
0.094991
0.100011
0.105036
0.110061
0.115084
0.120102
0.125112
0.130109
0.135091
0.140055
0.144996
0.149913
0.154800
0.159656
0.164475
0.169255
0.173992
0.178681
0.183320
0.187903
0.192427
0.196887
0.201278
0.205597
0.209838
0.213996
0.218065
0.222041
0.225917
0.229686
0.233344
0.236882
0.240293
0.243569
0.246701
0.249681
0.252500
0.003025
-0.006868
-0.015807
-0.023853
-0.031068
-0.037508
-0.043229
-0.048282
-0.052713
-0.056566
-0.059882
-0.062695
-0.065041
-0.066948
-0.068446
-0.069559
-0.070311
-0.070722
-0.070814
-0.070603
-0.070107
-0.069342
-0.068321
-0.067058
-0.065566
-0.063856
-0.061939
-0.059825
-0.057525
-0.055047
-0.052399
-0.049590
-0.046628
-0.043519
-0.040271
-0.036891
-0.033384
-0.029758
-0.026016
-0.022166
-0.018213
-0.014162
-0.010017
-0.005784
-0.001468
0.002928
0.007398
0.011938
0.016544
0.021212
0.025938
0.030717
0.035547
0.040423
0.045341
0.050298
0.055290
0.060313
0.065364
0.070439
0.075535
0.080648
0.085774
0.090911
0.096054
0.101200
0.106346
0.111488
0.116623
0.121747
0.126856
0.131947
0.137017
0.142062
0.147077
0.152060
0.157007
0.161913
0.166776
0.171590
0.176352
0.181057
0.185702
0.190281
0.194791
0.199227
0.203583
0.207855
0.212038
0.216126
0.220113
0.223994
0.227763
0.231413
0.234937
0.238330
0.241582
0.244686
0.247633
0.250416
0.253025
0.003600
-0.006584
-0.015821
-0.024167
-0.031678
-0.038408
-0.044408
-0.049727
-0.054409
-0.058497
-0.062029
-0.065041
-0.067566
-0.069635
-0.071276
-0.072515
-0.073374
-0.073877
-0.074044
-0.073893
-0.073441
-0.072706
-0.071701
-0.070441
-0.068940
-0.067209
-0.065261
-0.063105
-0.060753
-0.058213
-0.055495
-0.052608
-0.049560
-0.046359
-0.043011
-0.039525
-0.035907
-0.032163
-0.028301
-0.024325
-0.020241
-0.016056
-0.011775
-0.007402
-0.002944
0.001596
0.006212
0.010899
0.015654
0.020471
0.025346
0.030275
0.035253
0.040278
0.045343
0.050447
0.055583
0.060749
0.065941
0.071154
0.076386
0.081631
0.086887
0.092149
0.097414
0.102678
0.107936
0.113187
0.118424
0.123645
0.128846
0.134023
0.139172
0.144290
0.149371
0.154412
0.159410
0.164359
0.169256
0.174097
0.178876
0.183589
0.188233
0.192801
0.197290
0.201694
0.206008
0.210227
0.214345
0.218356
0.222255
0.226036
0.229692
0.233217
0.236604
0.239846
0.242935
0.245863
0.248622
0.251204
0.253600
0.004225
-0.006204
-0.015694
-0.024295
-0.032061
-0.039041
-0.045284
-0.050836
-0.055739
-0.060034
-0.063759
-0.066948
-0.069635
-0.071850
-0.073620
-0.074972
-0.075930
-0.076516
-0.076751
-0.076653
-0.076242
-0.075534
-0.074543
-0.073286
-0.071776
-0.070025
-0.068045
-0.065849
-0.063447
-0.060849
-0.058065
-0.055103
-0.051973
-0.048683
-0.045241
-0.041655
-0.037931
-0.034076
-0.030098
-0.026002
-0.021795
-0.017483
-0.013071
-0.008566
-0.003973
0.000704
0.005458
0.010286
0.015181
0.020139
0.025156
0.030226
0.035346
0.040511
0.045717
0.050958
0.056231
0.061532
0.066857
0.072200
0.077559
0.082929
0.088306
0.093685
0.099063
0.104436
0.109800
0.115150
0.120482
0.125792
0.131077
0.136332
0.141552
0.146734
0.151873
0.156965
0.162005
0.166990
0.171914
0.176773
0.181562
0.186276
0.190911
0.195461
0.199922
0.204287
0.208552
0.212711
0.216757
0.220686
0.224491
0.228166
0.231704
0.235099
0.238344
0.241431
0.244352
0.247101
0.249668
0.252046
0.254225
0.004900
-0.005731
-0.015432
-0.024249
-0.032231
-0.039427
-0.045879
-0.051632
-0.056728
-0.061205
-0.065099
-0.068446
-0.071276
-0.073620
-0.075506
-0.076960
-0.078006
-0.078666
-0.078961
-0.078912
-0.078536
-0.077850
-0.076872
-0.075615
-0.074094
-0.072323
-0.070314
-0.068079
-0.065629
-0.062975
-0.060126
-0.057094
-0.053886
-0.050512
-0.046980
-0.043297
-0.039472
-0.035512
-0.031423
-0.027214
-0.022889
-0.018456
-0.013921
-0.009290
-0.004568
0.000238
0.005124
0.010084
0.015113
0.020205
0.025356
0.030561
0.035815
0.041113
0.046450
0.051822
0.057224
0.062652
0.068101
0.073567
0.079046
0.084532
0.090022
0.095511
0.100994
0.106468
0.111929
0.117370
0.122789
0.128181
0.133542
0.138866
0.144150
0.149389
0.154578
0.159713
0.164789
0.169801
0.174745
0.179615
0.184406
0.189114
0.193734
0.198259
0.202684
0.207004
0.211214
0.215306
0.219275
0.223116
0.226821
0.230385
0.233800
0.237060
0.240158
0.243085
0.245836
0.248400
0.250772
0.252941
0.254900
0.005625
-0.005172
-0.015046
-0.024042
-0.032205
-0.039581
-0.046212
-0.052138
-0.057400
-0.062033
-0.066076
-0.069559
-0.072515
-0.074972
-0.076960
-0.078503
-0.079626
-0.080351
-0.080699
-0.080692
-0.080346
-0.079680
-0.078710
-0.077451
-0.075919
-0.074127
-0.072088
-0.069815
-0.067318
-0.064610
-0.061700
-0.058600
-0.055317
-0.051862
-0.048244
-0.044470
-0.040548
-0.036487
-0.032294
-0.027976
-0.023540
-0.018992
-0.014339
-0.009588
-0.004744
0.000186
0.005197
0.010282
0.015438
0.020657
0.025936
0.031267
0.036647
0.042071
0.047532
0.053028
0.058551
0.064099
0.069665
0.075246
0.080836
0.086431
0.092027
0.097617
0.103199
0.108767
0.114316
0.119842
0.125340
0.130806
0.136235
0.141621
0.146961
0.152249
0.157481
0.162652
0.167756
0.172789
0.177745
0.182619
0.187407
0.192101
0.196698
0.201192
0.205575
0.209844
0.213992
0.218012
0.221898
0.225645
0.229245
0.232692
0.235980
0.239100
0.242046
0.244810
0.247384
0.249761
0.251933
0.253890
0.255625
0.006400
-0.004527
-0.014541
-0.023682
-0.031994
-0.039521
-0.046300
-0.052371
-0.057773
-0.062541
-0.066710
-0.070311
-0.073374
-0.075930
-0.078006
-0.079626
-0.080815
-0.081596
-0.081990
-0.082017
-0.081696
-0.081044
-0.080079
-0.078817
-0.077271
-0.075457
-0.073388
-0.071077
-0.068535
-0.065774
-0.062805
-0.059638
-0.056284
-0.052752
-0.049050
-0.045189
-0.041176
-0.037018
-0.032725
-0.028304
-0.023761
-0.019104
-0.014339
-0.009474
-0.004515
0.000533
0.005662
0.010867
0.016143
0.021483
0.026881
0.032333
0.037833
0.043375
0.048954
0.054565
0.060203
0.065863
0.071539
0.077228
0.082922
0.088619
0.094312
0.099997
0.105669
0.111323
0.116954
0.122558
0.128128
0.133660
0.139150
0.144591
0.149980
0.155311
0.160578
0.165778
0.170903
0.175949
0.180911
0.185783
0.190559
0.195234
0.199802
0.204258
0.208594
0.212805
0.216885
0.220827
0.224625
0.228272
0.231762
0.235088
0.238243
0.241218
0.244008
0.246604
0.248999
0.251184
0.253151
0.254893
0.256400
0.007225
-0.003801
-0.013922
-0.023179
-0.031610
-0.039258
-0.046159
-0.052350
-0.057869
-0.062748
-0.067022
-0.070722
-0.073877
-0.076516
-0.078666
-0.080351
-0.081596
-0.082423
-0.082854
-0.082909
-0.082607
-0.081966
-0.081002
-0.079732
-0.078171
-0.076334
-0.074234
-0.071885
-0.069297
-0.066485
-0.063458
-0.060228
-0.056804
-0.053198
-0.049417
-0.045472
-0.041370
-0.037121
-0.032733
-0.028212
-0.023568
-0.018807
-0.013936
-0.008962
-0.003893
0.001266
0.006508
0.011826
0.017216
0.022669
0.028182
0.033747
0.039359
0.045013
0.050703
0.056424
0.062169
0.067934
0.073714
0.079502
0.085295
0.091086
0.096870
0.102643
0.108398
0.114131
0.119837
0.125510
0.131145
0.136737
0.142281
0.147771
0.153201
0.158568
0.163864
0.169085
0.174225
0.179278
0.184239
0.189102
0.193861
0.198510
0.203043
0.207455
0.211737
0.215885
0.219892
0.223750
0.227454
0.230997
0.234372
0.237571
0.240588
0.243415
0.246044
0.248468
0.250678
0.252668
0.254427
0.255949
0.257225
0.008100
-0.002996
-0.013195
-0.022538
-0.031062
-0.038804
-0.045802
-0.052089
-0.057702
-0.062673
-0.067033
-0.070814
-0.074044
-0.076751
-0.078961
-0.080699
-0.081990
-0.082854
-0.083314
-0.083390
-0.083101
-0.082465
-0.081498
-0.080218
-0.078639
-0.076777
-0.074645
-0.072257
-0.069625
-0.066762
-0.063679
-0.060386
-0.056896
-0.053217
-0.049360
-0.045334
-0.041148
-0.036811
-0.032331
-0.027717
-0.022976
-0.018115
-0.013143
-0.008066
-0.002892
0.002373
0.007721
0.013147
0.018644
0.024206
0.029826
0.035498
0.041217
0.046976
0.052770
0.058593
0.064440
0.070304
0.076179
0.082062
0.087945
0.093824
0.099692
0.105545
0.111377
0.117183
0.122957
0.128693
0.134386
0.140031
0.145622
0.151153
0.156619
0.162015
0.167333
0.172569
0.177718
0.182772
0.187726
0.192573
0.197309
0.201926
0.206418
0.210780
0.215003
0.219082
0.223010
0.226780
0.230385
0.233818
0.237073
0.240141
0.243016
0.245689
0.248153
0.250401
0.252424
0.254213
0.255761
0.257059
0.258100
0.009025
-0.002113
-0.012365
-0.021769
-0.030359
-0.038171
-0.045241
-0.051602
-0.057288
-0.062330
-0.066758
-0.070603
-0.073893
-0.076653
-0.078912
-0.080692
-0.082017
-0.082909
-0.083390
-0.083480
-0.083197
-0.082561
-0.081587
-0.080293
-0.078694
-0.076805
-0.074640
-0.072213
-0.069536
-0.066622
-0.063483
-0.060131
-0.056575
-0.052827
-0.048896
-0.044792
-0.040525
-0.036104
-0.031536
-0.026832
-0.021998
-0.017043
-0.011974
-0.006799
-0.001526
0.003839
0.009289
0.014817
0.020416
0.026080
0.031802
0.037575
0.043394
0.049253
0.055145
0.061064
0.067005
0.072961
0.078927
0.084896
0.090864
0.096824
0.102770
0.108697
0.114599
0.120471
0.126306
0.132099
0.137844
0.143535
0.149167
0.154733
0.160228
0.165646
0.170981
0.176226
0.181376
0.186425
0.191366
0.196193
0.200899
0.205479
0.209924
0.214230
0.218389
0.222394
0.226238
0.229914
0.233415
0.236735
0.239864
0.242797
0.245525
0.248041
0.250336
0.252403
0.254234
0.255820
0.257152
0.258224
0.259025
0.010000
-0.001156
-0.011436
-0.020875
-0.029508
-0.037368
-0.044489
-0.050903
-0.056641
-0.061736
-0.066215
-0.070107
-0.073441
-0.076242
-0.078536
-0.080346
-0.081696
-0.082607
-0.083101
-0.083197
-0.082916
-0.082273
-0.081288
-0.079977
-0.078354
-0.076436
-0.074237
-0.071769
-0.069047
-0.066083
-0.062890
-0.059477
-0.055858
-0.052042
-0.048040
-0.043861
-0.039516
-0.035014
-0.030362
-0.025572
-0.020649
-0.015604
-0.010443
-0.005175
0.000193
0.005654
0.011200
0.016824
0.022520
0.028280
0.034098
0.039966
0.045880
0.051832
0.057816
0.063825
0.069854
0.075897
0.081946
0.087997
0.094042
0.100077
0.106095
0.112090
0.118056
0.123987
0.129877
0.135720
0.141511
0.147242
0.152909
0.158504
0.164022
0.169457
0.174802
0.180050
0.185197
0.190234
0.195156
0.199957
0.204628
0.209164
0.213559
0.217804
0.221892
0.225818
0.229573
0.233151
0.236544
0.239744
0.242745
0.245538
0.248115
0.250468
0.252591
0.254474
0.256109
0.257487
0.258601
0.259441
0.260000
0.011025
-0.000126
-0.010411
-0.019864
-0.028518
-0.036404
-0.043555
-0.050002
-0.055775
-0.060904
-0.065417
-0.069342
-0.072706
-0.075534
-0.077850
-0.079680
-0.081044
-0.081966
-0.082465
-0.082561
-0.082273
-0.081621
-0.080619
-0.079287
-0.077638
-0.075688
-0.073452
-0.070944
-0.068176
-0.065162
-0.061914
-0.058443
-0.054761
-0.050879
-0.046808
-0.042557
-0.038136
-0.033556
-0.028824
-0.023950
-0.018943
-0.013812
-0.008563
-0.003206
0.002252
0.007803
0.013441
0.019156
0.024943
0.030794
0.036703
0.042661
0.048664
0.054703
0.060773
0.066867
0.072979
0.079101
0.085228
0.091354
0.097472
0.103576
0.109659
0.115715
0.121739
0.127724
0.133663
0.139551
0.145381
0.151147
0.156842
0.162461
0.167996
0.173441
0.178791
0.184037
0.189174
0.194195
0.199093
0.203861
0.208492
0.212980
0.217317
0.221497
0.225511
0.229353
0.233014
0.236489
0.239769
0.242846
0.245713
0.248362
0.250784
0.252972
0.254917
0.256612
0.258048
0.259216
0.260107
0.260712
0.261025
0.012100
0.000975
-0.009294
-0.018740
-0.027394
-0.035286
-0.042448
-0.048910
-0.054700
-0.059847
-0.064378
-0.068321
-0.071701
-0.074543
-0.076872
-0.078710
-0.080079
-0.081002
-0.081498
-0.081587
-0.081288
-0.080619
-0.079598
-0.078240
-0.076562
-0.074578
-0.072304
-0.069753
-0.066939
-0.063874
-0.060572
-0.057043
-0.053300
-0.049354
-0.045215
-0.040894
-0.036400
-0.031744
-0.026935
-0.021982
-0.016894
-0.011680
-0.006348
-0.000906
0.004638
0.010275
0.015999
0.021801
0.027674
0.033611
0.039605
0.045649
0.051735
0.057856
0.064007
0.070180
0.076368
0.082565
0.088765
0.094960
0.101144
0.107311
0.113454
0.119566
0.125642
0.131675
0.137658
0.143584
0.149448
0.155242
0.160961
0.166597
0.172144
0.177594
0.182943
0.188181
0.193303
0.198302
0.203171
0.207902
0.212488
0.216923
0.221198
0.225307
0.229242
0.232995
0.236559
0.239926
0.243089
0.246038
0.248767
0.251268
0.253532
0.255550
0.257315
0.258818
0.260051
0.261004
0.261669
0.262037
0.262100
0.013225
0.002146
-0.008087
-0.017506
-0.026142
-0.034022
-0.041178
-0.047637
-0.053427
-0.058576
-0.063111
-0.067058
-0.070441
-0.073286
-0.075615
-0.077451
-0.078817
-0.079732
-0.080218
-0.080293
-0.079977
-0.079287
-0.078240
-0.076853
-0.075142
-0.073122
-0.070808
-0.068213
-0.065351
-0.062236
-0.058879
-0.055293
-0.051490
-0.047481
-0.043276
-0.038886
-0.034322
-0.029594
-0.024710
-0.019681
-0.014515
-0.009222
-0.003810
0.001713
0.007338
0.013057
0.018863
0.024747
0.030702
0.036720
0.042794
0.048917
0.055082
0.061281
0.067507
0.073753
0.080013
0.086279
0.092545
0.098804
0.105049
0.111274
0.117471
0.123634
0.129756
0.135831
0.141852
0.147812
0.153704
0.159522
0.165258
0.170906
0.176459
0.181910
0.187252
0.192478
0.197580
0.202552
0.207386
0.212075
0.216612
0.220988
0.225197
0.229231
0.233082
0.236742
0.240204
0.243460
0.246501
0.249319
0.251907
0.254256
0.256357
0.258202
0.259783
0.261091
0.262117
0.262852
0.263288
0.263415
0.263225
0.014400
0.003386
-0.006794
-0.016169
-0.024768
-0.032619
-0.039751
-0.046192
-0.051967
-0.057104
-0.061629
-0.065566
-0.068940
-0.071776
-0.074094
-0.075919
-0.077271
-0.078171
-0.078639
-0.078694
-0.078354
-0.077638
-0.076562
-0.075142
-0.073395
-0.071336
-0.068979
-0.066339
-0.063429
-0.060262
-0.056851
-0.053209
-0.049346
-0.045274
-0.041005
-0.036549
-0.031917
-0.027118
-0.022163
-0.017060
-0.011820
-0.006451
-0.000962
0.004638
0.010340
0.016137
0.022020
0.027982
0.034014
0.040109
0.046259
0.052457
0.058695
0.064966
0.071262
0.077577
0.083903
0.090233
0.096561
0.102878
0.109179
0.115456
0.121702
0.127910
0.134074
0.140186
0.146240
0.152228
0.158143
0.163979
0.169728
0.175383
0.180937
0.186383
0.191714
0.196921
0.201999
0.206939
0.211734
0.216377
0.220859
0.225173
0.229311
0.233265
0.237028
0.240592
0.243948
0.247088
0.250004
0.252687
0.255129
0.257323
0.259258
0.260926
0.262320
0.263430
0.264246
0.264760
0.264963
0.264846
0.264400
0.015625
0.004692
-0.005417
-0.014730
-0.023277
-0.031083
-0.038176
-0.044583
-0.050328
-0.055439
-0.059940
-0.063856
-0.067209
-0.070025
-0.072323
-0.074127
-0.075457
-0.076334
-0.076777
-0.076805
-0.076436
-0.075688
-0.074578
-0.073122
-0.071336
-0.069235
-0.066834
-0.064147
-0.061187
-0.057969
-0.054503
-0.050804
-0.046882
-0.042749
-0.038417
-0.033896
-0.029197
-0.024330
-0.019306
-0.014133
-0.008821
-0.003380
0.002182
0.007856
0.013632
0.019503
0.025460
0.031495
0.037600
0.043767
0.049988
0.056256
0.062563
0.068901
0.075263
0.081641
0.088029
0.094418
0.100802
0.107174
0.113525
0.119849
0.126139
0.132388
0.138588
0.144732
0.150813
0.156824
0.162758
0.168606
0.174363
0.180020
0.185571
0.191007
0.196322
0.201507
0.206556
0.211460
0.216211
0.220802
0.225226
0.229473
0.233536
0.237408
0.241079
0.244541
0.247787
0.250808
0.253595
0.256139
0.258433
0.260468
0.262233
0.263722
0.264925
0.265833
0.266437
0.266727
0.266694
0.266330
0.265625
0.016900
0.006065
-0.003958
-0.013195
-0.021673
-0.029419
-0.036459
-0.042817
-0.048520
-0.053592
-0.058057
-0.061939
-0.065261
-0.068045
-0.070314
-0.072088
-0.073388
-0.074234
-0.074645
-0.074640
-0.074237
-0.073452
-0.072304
-0.070808
-0.068979
-0.066834
-0.064386
-0.061651
-0.058640
-0.055369
-0.051849
-0.048093
-0.044112
-0.039919
-0.035525
-0.030941
-0.026177
-0.021245
-0.016153
-0.010912
-0.005531
-0.000020
0.005611
0.011355
0.017201
0.023142
0.029169
0.035274
0.041448
0.047683
0.053971
0.060305
0.066676
0.073077
0.079500
0.085937
0.092381
0.098825
0.105261
0.111681
0.118078
0.124445
0.130774
0.137058
0.143289
0.149461
0.155565
0.161594
0.167541
0.173398
0.179158
0.184813
0.190355
0.195778
0.201072
0.206230
0.211245
0.216108
0.220812
0.225348
0.229709
0.233885
0.237870
0.241654
0.245229
0.248587
0.251720
0.254618
0.257272
0.259675
0.261816
0.263689
0.265282
0.266588
0.267598
0.268301
0.268689
0.268752
0.268481
0.267867
0.266900
0.018225
0.007502
-0.002419
-0.011565
-0.019961
-0.027633
-0.034605
-0.040903
-0.046550
-0.051570
-0.055988
-0.059825
-0.063105
-0.065849
-0.068079
-0.069815
-0.071077
-0.071885
-0.072257
-0.072213
-0.071769
-0.070944
-0.069753
-0.068213
-0.066339
-0.064147
-0.061651
-0.058865
-0.055802
-0.052477
-0.048902
-0.045089
-0.041051
-0.036798
-0.032344
-0.027697
-0.022870
-0.017874
-0.012717
-0.007410
-0.001963
0.003614
0.009312
0.015123
0.021036
0.027044
0.033137
0.039307
0.045546
0.051845
0.058197
0.064592
0.071023
0.077482
0.083962
0.090454
0.096950
0.103444
0.109927
0.116391
0.122830
0.129234
0.135598
0.141913
0.148171
0.154365
0.160487
0.166530
0.172486
0.178347
0.184106
0.189754
0.195284
0.200688
0.205957
0.211085
0.216062
0.220880
0.225532
0.230009
0.234303
0.238405
0.242307
0.246001
0.249477
0.252727
0.255743
0.258514
0.261033
0.263291
0.265277
0.266985
0.268403
0.269523
0.270336
0.270832
0.271002
0.270836
0.270323
0.269456
0.268225
0.019600
0.009004
-0.000804
-0.009845
-0.018145
-0.025730
-0.032622
-0.038846
-0.044426
-0.049383
-0.053742
-0.057525
-0.060753
-0.063447
-0.065629
-0.067318
-0.068535
-0.069297
-0.069625
-0.069536
-0.069047
-0.068176
-0.066939
-0.065351
-0.063429
-0.061187
-0.058640
-0.055802
-0.052687
-0.049308
-0.045677
-0.041807
-0.037711
-0.033399
-0.028885
-0.024178
-0.019289
-0.014230
-0.009010
-0.003640
0.001870
0.007511
0.013274
0.019148
0.025125
0.031196
0.037352
0.043585
0.049885
0.056244
0.062654
0.069107
0.075594
0.082108
0.088640
0.095182
0.101727
0.108266
0.114791
0.121296
0.127771
0.134209
0.140603
0.146944
0.153225
0.159437
0.165574
0.171626
0.177587
0.183447
0.189200
0.194838
0.200351
0.205732
0.210973
0.216065
0.221001
0.225771
0.230367
0.234782
0.239005
0.243029
0.246846
0.250445
0.253819
0.256958
0.259853
0.262496
0.264876
0.266985
0.268814
0.270354
0.271594
0.272526
0.273140
0.273426
0.273375
0.272976
0.272221
0.271098
0.269600
0.021025
0.010567
0.000888
-0.008036
-0.016229
-0.023714
-0.030515
-0.036654
-0.042154
-0.047039
-0.051329
-0.055047
-0.058213
-0.060849
-0.062975
-0.064610
-0.065774
-0.066485
-0.066762
-0.066622
-0.066083
-0.065162
-0.063874
-0.062236
-0.060262
-0.057969
-0.055369
-0.052477
-0.049308
-0.045873
-0.042186
-0.038259
-0.034105
-0.029736
-0.025162
-0.020395
-0.015447
-0.010327
-0.005046
0.000385
0.005957
0.011660
0.017483
0.023419
0.029457
0.035588
0.041803
0.048094
0.054452
0.060868
0.067333
0.073840
0.080379
0.086943
0.093523
0.100112
0.106700
0.113281
0.119845
0.126385
0.132893
0.139361
0.145780
0.152144
0.158443
0.164669
0.170816
0.176874
0.182835
0.188691
0.194435
0.200057
0.205550
0.210904
0.216113
0.221167
0.226057
0.230775
0.235313
0.239661
0.243811
0.247754
0.251481
0.254983
0.258251
0.261276
0.264048
0.266559
0.268798
0.270756
0.272425
0.273794
0.274854
0.275595
0.276007
0.276081
0.275807
0.275174
0.274172
0.272793
0.271025
0.022500
0.012193
0.002653
-0.006142
-0.014215
-0.021590
-0.028288
-0.034331
-0.039742
-0.044543
-0.048755
-0.052399
-0.055495
-0.058065
-0.060126
-0.061700
-0.062805
-0.063458
-0.063679
-0.063483
-0.062890
-0.061914
-0.060572
-0.058879
-0.056851
-0.054503
-0.051849
-0.048902
-0.045677
-0.042186
-0.038443
-0.034459
-0.030248
-0.025820
-0.021188
-0.016363
-0.011355
-0.006176
-0.000836
0.004654
0.010285
0.016047
0.021929
0.027923
0.034019
0.040207
0.046479
0.052825
0.059237
0.065706
0.072223
0.078780
0.085368
0.091978
0.098603
0.105234
0.111862
0.118480
0.125079
0.131651
0.138188
0.144681
0.151122
0.157504
0.163817
0.170054
0.176206
0.182266
0.188224
0.194072
0.199802
0.205406
0.210875
0.216199
0.221372
0.226383
0.231225
0.235888
0.240363
0.244642
0.248715
0.252574
0.256209
0.259611
0.262771
0.265678
0.268325
0.270701
0.272796
0.274602
0.276107
0.277304
0.278180
0.278728
0.278937
0.278797
0.278297
0.277427
0.276178
0.274539
0.272500
0.024025
0.013880
0.004490
-0.004165
-0.012108
-0.019361
-0.025946
-0.031884
-0.037196
-0.041904
-0.046029
-0.049590
-0.052608
-0.055103
-0.057094
-0.058600
-0.059638
-0.060228
-0.060386
-0.060131
-0.059477
-0.058443
-0.057043
-0.055293
-0.053209
-0.050804
-0.048093
-0.045089
-0.041807
-0.038259
-0.034459
-0.030418
-0.026150
-0.021665
-0.016975
-0.012092
-0.007027
-0.001790
0.003607
0.009155
0.014843
0.020661
0.026600
0.032649
0.038800
0.045043
0.051368
0.057766
0.064229
0.070748
0.077313
0.083917
0.090550
0.097203
0.103869
0.110538
0.117203
0.123854
0.130484
0.137084
0.143646
0.150161
0.156620
0.163016
0.169340
0.175584
0.181738
0.187795
0.193747
0.199583
0.205297
0.210878
0.216319
0.221611
0.226744
0.231710
0.236499
0.241104
0.245514
0.249720
0.253714
0.257486
0.261026
0.264325
0.267374
0.270162
0.272681
0.274919
0.276869
0.278518
0.279859
0.280880
0.281572
0.281925
0.281928
0.281572
0.280844
0.279736
0.278237
0.276337
0.274025
0.025600
0.015627
0.006398
-0.002108
-0.009910
-0.017032
-0.023494
-0.029317
-0.034522
-0.039128
-0.043157
-0.046628
-0.049560
-0.051973
-0.053886
-0.055317
-0.056284
-0.056804
-0.056896
-0.056575
-0.055858
-0.054761
-0.053300
-0.051490
-0.049346
-0.046882
-0.044112
-0.041051
-0.037711
-0.034105
-0.030248
-0.026150
-0.021824
-0.017282
-0.012535
-0.007596
-0.002474
0.002819
0.008272
0.013876
0.019619
0.025491
0.031484
0.037587
0.043790
0.050084
0.056459
0.062907
0.069418
0.075983
0.082594
0.089240
0.095915
0.102608
0.109311
0.116016
0.122713
0.129394
0.136052
0.142676
0.149259
0.155792
0.162266
0.168673
0.175004
0.181250
0.187403
0.193455
0.199396
0.205217
0.210911
0.216467
0.221877
0.227132
0.232223
0.237140
0.241875
0.246418
0.250760
0.254891
0.258803
0.262485
0.265928
0.269122
0.272057
0.274724
0.277112
0.279211
0.281012
0.282505
0.283678
0.284523
0.285028
0.285184
0.284980
0.284405
0.283449
0.282100
0.280350
0.278187
0.275600
0.027225
0.017433
0.008374
0.000028
-0.007625
-0.014607
-0.020937
-0.026636
-0.031724
-0.036221
-0.040146
-0.043519
-0.046359
-0.048683
-0.050512
-0.051862
-0.052752
-0.053198
-0.053217
-0.052827
-0.052042
-0.050879
-0.049354
-0.047481
-0.045274
-0.042749
-0.039919
-0.036798
-0.033399
-0.029736
-0.025820
-0.021665
-0.017282
-0.012683
-0.007880
-0.002885
0.002292
0.007640
0.013147
0.018805
0.024601
0.030526
0.036570
0.042724
0.048977
0.055319
0.061742
0.068237
0.074793
0.081401
0.088054
0.094741
0.101453
0.108182
0.114920
0.121656
0.128383
0.135091
0.141772
0.148417
0.155018
0.161565
0.168051
0.174465
0.180800
0.187046
0.193195
0.199237
0.205165
0.210968
0.216638
0.222166
0.227542
0.232758
0.237803
0.242669
0.247347
0.251826
0.256097
0.260151
0.263977
0.267567
0.270911
0.273997
0.276817
0.279359
0.281615
0.283574
0.285225
0.286557
0.287562
0.288228
0.288545
0.288502
0.288089
0.287295
0.286108
0.284519
0.282515
0.280088
0.277225
0.028900
0.019298
0.010418
0.002240
-0.005255
-0.012088
-0.018278
-0.023846
-0.028810
-0.033189
-0.037004
-0.040271
-0.043011
-0.045241
-0.046980
-0.048244
-0.049050
-0.049417
-0.049360
-0.048896
-0.048040
-0.046808
-0.045215
-0.043276
-0.041005
-0.038417
-0.035525
-0.032344
-0.028885
-0.025162
-0.021188
-0.016975
-0.012535
-0.007880
-0.003022
0.002028
0.007260
0.012661
0.018221
0.023930
0.029778
0.035754
0.041847
0.048049
0.054350
0.060738
0.067207
0.073744
0.080343
0.086992
0.093683
0.100407
0.107155
0.113917
0.120685
0.127450
0.134203
0.140935
0.147636
0.154299
0.160915
0.167473
0.173966
0.180385
0.186720
0.192963
0.199104
0.205135
0.211046
0.216828
0.222472
0.227968
0.233308
0.238481
0.243479
0.248291
0.252908
0.257321
0.261519
0.265493
0.269233
0.272729
0.275970
0.278947
0.281649
0.284066
0.286188
0.288004
0.289503
0.290675
0.291509
0.291995
0.292122
0.291880
0.291256
0.290241
0.288823
0.286990
0.284733
0.282040
0.278900
0.030625
0.021221
0.012528
0.004526
-0.002803
-0.009479
-0.015522
-0.020950
-0.025782
-0.030038
-0.033735
-0.036891
-0.039525
-0.041655
-0.043297
-0.044470
-0.045189
-0.045472
-0.045334
-0.044792
-0.043861
-0.042557
-0.040894
-0.038886
-0.036549
-0.033896
-0.030941
-0.027697
-0.024178
-0.020395
-0.016363
-0.012092
-0.007596
-0.002885
0.002028
0.007133
0.012417
0.017871
0.023483
0.029242
0.035139
0.041163
0.047304
0.053553
0.059898
0.066331
0.072841
0.079420
0.086058
0.092745
0.099472
0.106230
0.113010
0.119802
0.126598
0.133389
0.140164
0.146916
0.153636
0.160313
0.166940
0.173507
0.180005
0.186425
0.192757
0.198994
0.205124
0.211140
0.217032
0.222790
0.228405
0.233867
0.239168
0.244296
0.249243
0.253999
0.258554
0.262898
0.267021
0.270914
0.274565
0.277964
0.281102
0.283968
0.286551
0.288840
0.290826
0.292498
0.293844
0.294854
0.295516
0.295822
0.295758
0.295314
0.294479
0.293242
0.291591
0.289515
0.287003
0.284043
0.280625
0.032400
0.023202
0.014703
0.006885
-0.000271
-0.006783
-0.012672
-0.017954
-0.022648
-0.026773
-0.030345
-0.033384
-0.035907
-0.037931
-0.039472
-0.040548
-0.041176
-0.041370
-0.041148
-0.040525
-0.039516
-0.038136
-0.036400
-0.034322
-0.031917
-0.029197
-0.026177
-0.022870
-0.019289
-0.015447
-0.011355
-0.007027
-0.002474
0.002292
0.007260
0.012417
0.017754
0.023258
0.028920
0.034729
0.040673
0.046744
0.052931
0.059223
0.065611
0.072085
0.078636
0.085253
0.091927
0.098649
0.105410
0.112199
0.119008
0.125828
0.132649
0.139462
0.146258
0.153027
0.159761
0.166450
0.173085
0.179658
0.186157
0.192576
0.198903
0.205130
0.211247
0.217246
0.223115
0.228847
0.234430
0.239856
0.245115
0.250197
0.255091
0.259789
0.264279
0.268553
0.272599
0.276407
0.279968
0.283269
0.286302
0.289055
0.291517
0.293678
0.295527
0.297053
0.298245
0.299091
0.299581
0.299705
0.299449
0.298803
0.297757
0.296297
0.294412
0.292092
0.289324
0.286097
0.282400
0.034225
0.025239
0.016942
0.009314
0.002338
-0.004004
-0.009731
-0.014861
-0.019410
-0.023398
-0.026842
-0.029758
-0.032163
-0.034076
-0.035512
-0.036487
-0.037018
-0.037121
-0.036811
-0.036104
-0.035014
-0.033556
-0.031744
-0.029594
-0.027118
-0.024330
-0.021245
-0.017874
-0.014230
-0.010327
-0.006176
-0.001790
0.002819
0.007640
0.012661
0.017871
0.023258
0.028813
0.034523
0.040379
0.046370
0.052485
0.058715
0.065049
0.071478
0.077991
0.084579
0.091232
0.097941
0.104696
0.111487
0.118305
0.125141
0.131985
0.138828
0.145660
0.152473
0.159257
0.166003
0.172701
0.179342
0.185917
0.192416
0.198830
0.205149
0.211364
0.217466
0.223444
0.229289
0.234991
0.240541
0.245929
0.251144
0.256176
0.261016
0.265653
0.270078
0.274279
0.278246
0.281969
0.285437
0.288639
0.291566
0.294204
0.296545
0.298576
0.300287
0.301667
0.302703
0.303386
0.303702
0.303643
0.303194
0.302346
0.301087
0.299404
0.297285
0.294720
0.291696
0.288202
0.284225
0.036100
0.027333
0.019243
0.011812
0.005023
-0.001143
-0.006703
-0.011674
-0.016074
-0.019920
-0.023228
-0.026016
-0.028301
-0.030098
-0.031423
-0.032294
-0.032725
-0.032733
-0.032331
-0.031536
-0.030362
-0.028824
-0.026935
-0.024710
-0.022163
-0.019306
-0.016153
-0.012717
-0.009010
-0.005046
-0.000836
0.003607
0.008272
0.013147
0.018221
0.023483
0.028920
0.034523
0.040281
0.046182
0.052217
0.058376
0.064647
0.071021
0.077488
0.084038
0.090662
0.097348
0.104089
0.110873
0.117693
0.124537
0.131396
0.138262
0.145125
0.151974
0.158802
0.165598
0.172352
0.179057
0.185701
0.192276
0.198771
0.205178
0.211487
0.217688
0.223771
0.229727
0.235545
0.241217
0.246731
0.252078
0.257247
0.262228
0.267012
0.271587
0.275943
0.280070
0.283957
0.287593
0.290968
0.294070
0.296888
0.299412
0.301630
0.303531
0.305103
0.306335
0.307216
0.307733
0.307876
0.307633
0.306992
0.305941
0.304468
0.302562
0.300209
0.297399
0.294118
0.290356
0.286100
0.038025
0.029483
0.021606
0.014378
0.007780
0.001796
-0.003591
-0.008399
-0.012644
-0.016342
-0.019511
-0.022166
-0.024325
-0.026002
-0.027214
-0.027976
-0.028304
-0.028212
-0.027717
-0.026832
-0.025572
-0.023950
-0.021982
-0.019681
-0.017060
-0.014133
-0.010912
-0.007410
-0.003640
0.000385
0.004654
0.009155
0.013876
0.018805
0.023930
0.029242
0.034729
0.040379
0.046182
0.052128
0.058206
0.064405
0.070716
0.077128
0.083632
0.090217
0.096873
0.103591
0.110361
0.117173
0.124018
0.130885
0.137766
0.144651
0.151531
0.158395
0.165234
0.172039
0.178801
0.185509
0.192153
0.198726
0.205215
0.211613
0.217909
0.224093
0.230156
0.236088
0.241877
0.247515
0.252992
0.258296
0.263417
0.268346
0.273072
0.277583
0.281870
0.285922
0.289727
0.293276
0.296556
0.299556
0.302266
0.304674
0.306768
0.308537
0.309970
0.311055
0.311779
0.312131
0.312100
0.311674
0.310839
0.309585
0.307900
0.305770
0.303183
0.300127
0.296591
0.292561
0.288025
0.040000
0.031687
0.024029
0.017009
0.010608
0.004811
-0.000399
-0.005038
-0.009123
-0.012670
-0.015694
-0.018213
-0.020241
-0.021795
-0.022889
-0.023540
-0.023761
-0.023568
-0.022976
-0.021998
-0.020649
-0.018943
-0.016894
-0.014515
-0.011820
-0.008821
-0.005531
-0.001963
0.001870
0.005957
0.010285
0.014843
0.019619
0.024601
0.029778
0.035139
0.040673
0.046370
0.052217
0.058206
0.064325
0.070563
0.076912
0.083360
0.089898
0.096515
0.103203
0.109949
0.116746
0.123584
0.130452
0.137340
0.144240
0.151142
0.158036
0.164912
0.171761
0.178573
0.185338
0.192047
0.198691
0.205258
0.211740
0.218126
0.224407
0.230573
0.236613
0.242518
0.248277
0.253880
0.259316
0.264576
0.269649
0.274523
0.279189
0.283636
0.287852
0.291828
0.295551
0.299010
0.302194
0.305093
0.307693
0.309985
0.311955
0.313593
0.314886
0.315822
0.316390
0.316577
0.316372
0.315762
0.314735
0.313278
0.311379
0.309026
0.306205
0.302905
0.299112
0.294815
0.290000
0.042025
0.033947
0.026512
0.019704
0.013504
0.007899
0.002871
-0.001595
-0.005516
-0.008907
-0.011783
-0.014162
-0.016056
-0.017483
-0.018456
-0.018992
-0.019104
-0.018807
-0.018115
-0.017043
-0.015604
-0.013812
-0.011680
-0.009222
-0.006451
-0.003380
-0.000020
0.003614
0.007511
0.011660
0.016047
0.020661
0.025491
0.030526
0.035754
0.041163
0.046744
0.052485
0.058376
0.064405
0.070563
0.076840
0.083224
0.089707
0.096277
0.102925
0.109640
0.116414
0.123236
0.130096
0.136985
0.143892
0.150809
0.157725
0.164631
0.171517
0.178373
0.185189
0.191956
0.198664
0.205304
0.211864
0.218335
0.224708
0.230972
0.237117
0.243133
0.249009
0.254736
0.260302
0.265698
0.270912
0.275934
0.280753
0.285358
0.289739
0.293884
0.297782
0.301421
0.304791
0.307880
0.310675
0.313166
0.315341
0.317187
0.318692
0.319846
0.320634
0.321046
0.321068
0.320688
0.319895
0.318676
0.317016
0.314905
0.312329
0.309275
0.305730
0.301682
0.297118
0.292025
0.044100
0.036261
0.029054
0.022461
0.016468
0.011058
0.006216
0.001926
-0.001826
-0.005058
-0.007783
-0.010017
-0.011775
-0.013071
-0.013921
-0.014339
-0.014339
-0.013936
-0.013143
-0.011974
-0.010443
-0.008563
-0.006348
-0.003810
-0.000962
0.002182
0.005611
0.009312
0.013274
0.017483
0.021929
0.026600
0.031484
0.036570
0.041847
0.047304
0.052931
0.058715
0.064647
0.070716
0.076912
0.083224
0.089643
0.096157
0.102758
0.109434
0.116176
0.122974
0.129819
0.136700
0.143607
0.150531
0.157462
0.164390
0.171306
0.178199
0.185060
0.191879
0.198646
0.205350
0.211984
0.218535
0.224994
0.231351
0.237596
0.243719
0.249709
0.255555
0.261247
0.266776
0.272129
0.277296
0.282266
0.287029
0.291572
0.295886
0.299959
0.303778
0.307334
0.310614
0.313606
0.316298
0.318679
0.320737
0.322459
0.323833
0.324846
0.325487
0.325743
0.325600
0.325047
0.324072
0.322660
0.320799
0.318476
0.315678
0.312391
0.308603
0.304301
0.299471
0.294100
0.046225
0.038629
0.031652
0.025280
0.019496
0.014286
0.009633
0.005524
0.001942
-0.001126
-0.003697
-0.005784
-0.007402
-0.008566
-0.009290
-0.009588
-0.009474
-0.008962
-0.008066
-0.006799
-0.005175
-0.003206
-0.000906
0.001713
0.004638
0.007856
0.011355
0.015123
0.019148
0.023419
0.027923
0.032649
0.037587
0.042724
0.048049
0.053553
0.059223
0.065049
0.071021
0.077128
0.083360
0.089707
0.096157
0.102702
0.109331
0.116033
0.122800
0.129621
0.136486
0.143385
0.150309
0.157247
0.164190
0.171128
0.178051
0.184950
0.191813
0.198632
0.205397
0.212096
0.218721
0.225262
0.231707
0.238047
0.244271
0.250370
0.256331
0.262146
0.267803
0.273292
0.278601
0.283720
0.288638
0.293343
0.297824
0.302070
0.306070
0.309811
0.313282
0.316472
0.319367
0.321956
0.324228
0.326168
0.327766
0.329009
0.329883
0.330377
0.330477
0.330171
0.329446
0.328288
0.326685
0.324624
0.322090
0.319071
0.315553
0.311523
0.306967
0.301872
0.296225
0.048400
0.041050
0.034308
0.028159
0.022588
0.017580
0.013120
0.009194
0.005786
0.002883
0.000470
-0.001468
-0.002944
-0.003973
-0.004568
-0.004744
-0.004515
-0.003893
-0.002892
-0.001526
0.000193
0.002252
0.004638
0.007338
0.010340
0.013632
0.017201
0.021036
0.025125
0.029457
0.034019
0.038800
0.043790
0.048977
0.054350
0.059898
0.065611
0.071478
0.077488
0.083632
0.089898
0.096277
0.102758
0.109331
0.115986
0.122713
0.129502
0.136343
0.143226
0.150142
0.157080
0.164030
0.170984
0.177929
0.184858
0.191759
0.198624
0.205441
0.212201
0.218893
0.225508
0.232036
0.238465
0.244786
0.250988
0.257061
0.262993
0.268775
0.274396
0.279844
0.285108
0.290178
0.295042
0.299689
0.304107
0.308285
0.312212
0.315874
0.319260
0.322359
0.325158
0.327645
0.329806
0.331631
0.333105
0.334217
0.334953
0.335301
0.335247
0.334777
0.333880
0.332542
0.330749
0.328488
0.325746
0.322507
0.318759
0.314488
0.309680
0.304322
0.298400
0.050625
0.043524
0.037019
0.031097
0.025741
0.020938
0.016673
0.012933
0.009702
0.006967
0.004714
0.002928
0.001596
0.000704
0.000238
0.000186
0.000533
0.001266
0.002373
0.003839
0.005654
0.007803
0.010275
0.013057
0.016137
0.019503
0.023142
0.027044
0.031196
0.035588
0.040207
0.045043
0.050084
0.055319
0.060738
0.066331
0.072085
0.077991
0.084038
0.090217
0.096515
0.102925
0.109434
0.116033
0.122713
0.129462
0.136272
0.143131
0.150031
0.156961
0.163911
0.170871
0.177832
0.184784
0.191716
0.198618
0.205481
0.212294
0.219048
0.225731
0.232335
0.238847
0.245259
0.251560
0.257738
0.263784
0.269686
0.275434
0.281017
0.286423
0.291642
0.296662
0.301472
0.306060
0.310415
0.314524
0.318377
0.321960
0.325262
0.328271
0.330974
0.333358
0.335410
0.337119
0.338471
0.339453
0.340052
0.340254
0.340046
0.339416
0.338348
0.336831
0.334850
0.332391
0.329440
0.325984
0.322008
0.317498
0.312440
0.306820
0.300625
0.052900
0.046051
0.039786
0.034092
0.028954
0.024358
0.020291
0.016739
0.013687
0.011122
0.009030
0.007398
0.006212
0.005458
0.005124
0.005197
0.005662
0.006508
0.007721
0.009289
0.011200
0.013441
0.015999
0.018863
0.022020
0.025460
0.029169
0.033137
0.037352
0.041803
0.046479
0.051368
0.056459
0.061742
0.067207
0.072841
0.078636
0.084579
0.090662
0.096873
0.103203
0.109640
0.116176
0.122800
0.129502
0.136272
0.143099
0.149975
0.156889
0.163831
0.170791
0.177760
0.184726
0.191682
0.198615
0.205516
0.212376
0.219184
0.225929
0.232602
0.239192
0.245688
0.252081
0.258360
0.264513
0.270530
0.276401
0.282114
0.287658
0.293022
0.298194
0.303164
0.307919
0.312448
0.316739
0.320780
0.324559
0.328064
0.331282
0.334201
0.336808
0.339090
0.341035
0.342629
0.343859
0.344712
0.345174
0.345233
0.344873
0.344083
0.342847
0.341152
0.338984
0.336329
0.333173
0.329501
0.325298
0.320551
0.315245
0.309366
0.302900
0.055225
0.048629
0.042606
0.037143
0.032225
0.027839
0.023971
0.020608
0.017737
0.015344
0.013415
0.011938
0.010899
0.010286
0.010084
0.010282
0.010867
0.011826
0.013147
0.014817
0.016824
0.019156
0.021801
0.024747
0.027982
0.031495
0.035274
0.039307
0.043585
0.048094
0.052825
0.057766
0.062907
0.068237
0.073744
0.079420
0.085253
0.091232
0.097348
0.103591
0.109949
0.116414
0.122974
0.129621
0.136343
0.143131
0.149975
0.156865
0.163791
0.170743
0.177712
0.184686
0.191657
0.198613
0.205546
0.212445
0.219299
0.226099
0.232835
0.239495
0.246070
0.252549
0.258922
0.265177
0.271304
0.277292
0.283130
0.288806
0.294311
0.299632
0.304757
0.309676
0.314376
0.318846
0.323073
0.327046
0.330752
0.334178
0.337313
0.340142
0.342654
0.344836
0.346673
0.348154
0.349263
0.349989
0.350317
0.350233
0.349724
0.348775
0.347372
0.345502
0.343150
0.340301
0.336941
0.333055
0.328629
0.323647
0.318096
0.311960
0.305225
0.057600
0.051260
0.045480
0.040249
0.035552
0.031377
0.027710
0.024539
0.021850
0.019629
0.017865
0.016544
0.015654
0.015181
0.015113
0.015438
0.016143
0.017216
0.018644
0.020416
0.022520
0.024943
0.027674
0.030702
0.034014
0.037600
0.041448
0.045546
0.049885
0.054452
0.059237
0.064229
0.069418
0.074793
0.080343
0.086058
0.091927
0.097941
0.104089
0.110361
0.116746
0.123236
0.129819
0.136486
0.143226
0.150031
0.156889
0.163791
0.170727
0.177688
0.184662
0.191640
0.198613
0.205569
0.212499
0.219393
0.226241
0.233032
0.239756
0.246402
0.252961
0.259421
0.265771
0.272002
0.278101
0.284059
0.289863
0.295503
0.300968
0.306245
0.311323
0.316191
0.320836
0.325247
0.329411
0.333315
0.336948
0.340297
0.343348
0.346089
0.348508
0.350589
0.352321
0.353689
0.354680
0.355280
0.355475
0.355251
0.354594
0.353489
0.351921
0.349878
0.347344
0.344304
0.340743
0.336646
0.331998
0.326785
0.320991
0.314601
0.307600
0.060025
0.053941
0.048407
0.043408
0.038935
0.034972
0.031507
0.028528
0.026021
0.023975
0.022376
0.021212
0.020471
0.020139
0.020205
0.020657
0.021483
0.022669
0.024206
0.026080
0.028280
0.030794
0.033611
0.036720
0.040109
0.043767
0.047683
0.051845
0.056244
0.060868
0.065706
0.070748
0.075983
0.081401
0.086992
0.092745
0.098649
0.104696
0.110873
0.117173
0.123584
0.130096
0.136700
0.143385
0.150142
0.156961
0.163831
0.170743
0.177688
0.184654
0.191632
0.198612
0.205585
0.212539
0.219465
0.226352
0.233191
0.239972
0.246682
0.253313
0.259854
0.266293
0.272621
0.278826
0.284897
0.290823
0.296593
0.302196
0.307620
0.312853
0.317884
0.322700
0.327291
0.331642
0.335743
0.339580
0.343140
0.346412
0.349382
0.352036
0.354361
0.356344
0.357972
0.359230
0.360104
0.360580
0.360644
0.360282
0.359479
0.358220
0.356491
0.354278
0.351564
0.348336
0.344577
0.340272
0.335406
0.329963
0.323930
0.317289
0.310025
0.062500
0.056674
0.051385
0.046621
0.042371
0.038621
0.035359
0.032572
0.030250
0.028378
0.026944
0.025938
0.025346
0.025156
0.025356
0.025936
0.026881
0.028182
0.029826
0.031802
0.034098
0.036703
0.039605
0.042794
0.046259
0.049988
0.053971
0.058197
0.062654
0.067333
0.072223
0.077313
0.082594
0.088054
0.093683
0.099472
0.105410
0.111487
0.117693
0.124018
0.130452
0.136985
0.143607
0.150309
0.157080
0.163911
0.170791
0.177712
0.184662
0.191632
0.198612
0.205592
0.212563
0.219513
0.226433
0.233312
0.240141
0.246909
0.253605
0.260219
0.266740
0.273158
0.279461
0.285640
0.291681
0.297576
0.303311
0.308876
0.314259
0.319448
0.324431
0.329196
0.333732
0.338025
0.342062
0.345833
0.349322
0.352518
0.355406
0.357975
0.360209
0.362096
0.363621
0.364770
0.365529
0.365884
0.365820
0.365322
0.364376
0.362967
0.361078
0.358698
0.355808
0.352394
0.348440
0.343930
0.338849
0.333182
0.326911
0.320023
0.312500
0.065025
0.059456
0.054414
0.049885
0.045858
0.042322
0.039263
0.036670
0.034531
0.032834
0.031567
0.030717
0.030275
0.030226
0.030561
0.031267
0.032333
0.033747
0.035498
0.037575
0.039966
0.042661
0.045649
0.048917
0.052457
0.056256
0.060305
0.064592
0.069107
0.073840
0.078780
0.083917
0.089240
0.094741
0.100407
0.106230
0.112199
0.118305
0.124537
0.130885
0.137340
0.143892
0.150531
0.157247
0.164030
0.170871
0.177760
0.184686
0.191640
0.198612
0.205592
0.212571
0.219537
0.226481
0.233393
0.240263
0.247080
0.253833
0.260513
0.267109
0.273610
0.280005
0.286283
0.292434
0.298446
0.304307
0.310007
0.315533
0.320875
0.326020
0.330955
0.335670
0.340151
0.344386
0.348362
0.352066
0.355485
0.358606
0.361416
0.363900
0.366044
0.367836
0.369261
0.370304
0.370951
0.371187
0.370997
0.370366
0.369280
0.367723
0.365679
0.363134
0.360072
0.356476
0.352330
0.347620
0.342328
0.336438
0.329936
0.322803
0.315025
0.067600
0.062289
0.057493
0.053199
0.049396
0.046073
0.043218
0.040818
0.038863
0.037340
0.036239
0.035547
0.035253
0.035346
0.035815
0.036647
0.037833
0.039359
0.041217
0.043394
0.045880
0.048664
0.051735
0.055082
0.058695
0.062563
0.066676
0.071023
0.075594
0.080379
0.085368
0.090550
0.095915
0.101453
0.107155
0.113010
0.119008
0.125141
0.131396
0.137766
0.144240
0.150809
0.157462
0.164190
0.170984
0.177832
0.184726
0.191657
0.198613
0.205585
0.212563
0.219537
0.226497
0.233434
0.240336
0.247194
0.253997
0.260736
0.267398
0.273974
0.280453
0.286824
0.293077
0.299199
0.305180
0.311008
0.316672
0.322160
0.327460
0.332561
0.337449
0.342114
0.346541
0.350718
0.354633
0.358272
0.361623
0.364670
0.367402
0.369803
0.371861
0.373560
0.374887
0.375826
0.376363
0.376483
0.376170
0.375410
0.374187
0.372486
0.370290
0.367585
0.364353
0.360579
0.356246
0.351338
0.345839
0.339732
0.333001
0.325629
0.317600
0.070225
0.065172
0.060621
0.056562
0.052984
0.049874
0.047221
0.045014
0.043243
0.041894
0.040958
0.040423
0.040278
0.040511
0.041113
0.042071
0.043375
0.045013
0.046976
0.049253
0.051832
0.054703
0.057856
0.061281
0.064966
0.068901
0.073077
0.077482
0.082108
0.086943
0.091978
0.097203
0.102608
0.108182
0.113917
0.119802
0.125828
0.131985
0.138262
0.144651
0.151142
0.157725
0.164390
0.171128
0.177929
0.184784
0.191682
0.198613
0.205569
0.212539
0.219513
0.226481
0.233434
0.240361
0.247252
0.254096
0.260884
0.267606
0.274249
0.280804
0.287261
0.293607
0.299832
0.305925
0.311875
0.317669
0.323297
0.328747
0.334006
0.339062
0.343904
0.348518
0.352892
0.357013
0.360868
0.364444
0.367726
0.370703
0.373358
0.375679
0.377652
0.379261
0.380492
0.381330
0.381760
0.381767
0.381335
0.380449
0.379093
0.377251
0.374907
0.372045
0.368648
0.364701
0.360185
0.355084
0.349383
0.343063
0.336108
0.328501
0.320225
0.072900
0.068104
0.063799
0.059974
0.056618
0.053721
0.051271
0.049256
0.047667
0.046492
0.045720
0.045341
0.045343
0.045717
0.046450
0.047532
0.048954
0.050703
0.052770
0.055145
0.057816
0.060773
0.064007
0.067507
0.071262
0.075263
0.079500
0.083962
0.088640
0.093523
0.098603
0.103869
0.109311
0.114920
0.120685
0.126598
0.132649
0.138828
0.145125
0.151531
0.158036
0.164631
0.171306
0.178051
0.184858
0.191716
0.198615
0.205546
0.212499
0.219465
0.226433
0.233393
0.240336
0.247252
0.254129
0.260959
0.267731
0.274433
0.281056
0.287590
0.294022
0.300342
0.306540
0.312603
0.318521
0.324281
0.329873
0.335283
0.340501
0.345514
0.350309
0.354874
0.359196
0.363262
0.367058
0.370572
0.373789
0.376695
0.379277
0.381520
0.383410
0.384931
0.386070
0.386810
0.387137
0.387034
0.386487
0.385478
0.383993
0.382014
0.379526
0.376512
0.372955
0.368838
0.364144
0.358856
0.352956
0.346428
0.339254
0.331418
0.322900
0.075625
0.071085
0.067025
0.063433
0.060299
0.057613
0.055364
0.053541
0.052133
0.051131
0.050523
0.050298
0.050447
0.050958
0.051822
0.053028
0.054565
0.056424
0.058593
0.061064
0.063825
0.066867
0.070180
0.073753
0.077577
0.081641
0.085937
0.090454
0.095182
0.100112
0.105234
0.110538
0.116016
0.121656
0.127450
0.133389
0.139462
0.145660
0.151974
0.158395
0.164912
0.171517
0.178199
0.184950
0.191759
0.198618
0.205516
0.212445
0.219393
0.226352
0.233312
0.240263
0.247194
0.254096
0.260959
0.267772
0.274526
0.281208
0.287810
0.294320
0.300727
0.307021
0.313190
0.319222
0.325108
0.330834
0.336389
0.341761
0.346938
0.351908
0.356657
0.361174
0.365445
0.369456
0.373195
0.376648
0.379801
0.382640
0.385151
0.387318
0.389128
0.390565
0.391614
0.392260
0.392487
0.392278
0.391619
0.390492
0.388882
0.386771
0.384143
0.380982
0.377269
0.372988
0.368121
0.362650
0.356558
0.349827
0.342440
0.334379
0.325625
0.078400
0.074115
0.070297
0.066938
0.064025
0.061549
0.059500
0.057867
0.056639
0.055808
0.055361
0.055290
0.055583
0.056231
0.057224
0.058551
0.060203
0.062169
0.064440
0.067005
0.069854
0.072979
0.076368
0.080013
0.083903
0.088029
0.092381
0.096950
0.101727
0.106700
0.111862
0.117203
0.122713
0.128383
0.134203
0.140164
0.146258
0.152473
0.158802
0.165234
0.171761
0.178373
0.185060
0.191813
0.198624
0.205481
0.212376
0.219299
0.226241
0.233191
0.240141
0.247080
0.253997
0.260884
0.267731
0.274526
0.281259
0.287920
0.294499
0.300985
0.307366
0.313632
0.319772
0.325773
0.331626
0.337317
0.342836
0.348170
0.353307
0.358233
0.362938
0.367407
0.371628
0.375587
0.379271
0.382665
0.385756
0.388530
0.390971
0.393066
0.394799
0.396155
0.397118
0.397673
0.397803
0.397493
0.396726
0.395486
0.393755
0.391517
0.388755
0.385451
0.381589
0.377149
0.372114
0.366466
0.360187
0.353259
0.345664
0.337384
0.328400
0.081225
0.077193
0.073617
0.070488
0.067794
0.065527
0.063676
0.062231
0.061182
0.060519
0.060233
0.060313
0.060749
0.061532
0.062652
0.064099
0.065863
0.067934
0.070304
0.072961
0.075897
0.079101
0.082565
0.086279
0.090233
0.094418
0.098825
0.103444
0.108266
0.113281
0.118480
0.123854
0.129394
0.135091
0.140935
0.146916
0.153027
0.159257
0.165598
0.172039
0.178573
0.185189
0.191879
0.198632
0.205441
0.212294
0.219184
0.226099
0.233032
0.239972
0.246909
0.253833
0.260736
0.267606
0.274433
0.281208
0.287920
0.294559
0.301114
0.307574
0.313928
0.320166
0.326275
0.332246
0.338065
0.343722
0.349204
0.354500
0.359597
0.364482
0.369142
0.373565
0.377737
0.381645
0.385275
0.388613
0.391644
0.394355
0.396731
0.398756
0.400415
0.401693
0.402574
0.403041
0.403080
0.402673
0.401803
0.400454
0.398608
0.396248
0.393356
0.389916
0.385909
0.381316
0.376119
0.370300
0.363840
0.356722
0.348926
0.340433
0.331225
0.084100
0.080319
0.076983
0.074082
0.071605
0.069545
0.067890
0.066631
0.065758
0.065263
0.065135
0.065364
0.065941
0.066857
0.068101
0.069665
0.071539
0.073714
0.076179
0.078927
0.081946
0.085228
0.088765
0.092545
0.096561
0.100802
0.105261
0.109927
0.114791
0.119845
0.125079
0.130484
0.136052
0.141772
0.147636
0.153636
0.159761
0.166003
0.172352
0.178801
0.185338
0.191956
0.198646
0.205397
0.212201
0.219048
0.225929
0.232835
0.239756
0.246682
0.253605
0.260513
0.267398
0.274249
0.281056
0.287810
0.294499
0.301114
0.307643
0.314076
0.320403
0.326611
0.332690
0.338629
0.344415
0.350037
0.355483
0.360741
0.365798
0.370642
0.375259
0.379637
0.383763
0.387621
0.391199
0.394483
0.397458
0.400108
0.402421
0.404379
0.405968
0.407172
0.407974
0.408360
0.408311
0.407811
0.406843
0.405390
0.403434
0.400958
0.397943
0.394372
0.390226
0.385486
0.380134
0.374151
0.367517
0.360215
0.352224
0.343525
0.334100
0.087025
0.083493
0.080394
0.077719
0.075457
0.073601
0.072140
0.071065
0.070366
0.070036
0.070063
0.070439
0.071154
0.072200
0.073567
0.075246
0.077228
0.079502
0.082062
0.084896
0.087997
0.091354
0.094960
0.098804
0.102878
0.107174
0.111681
0.116391
0.121296
0.126385
0.131651
0.137084
0.142676
0.148417
0.154299
0.160313
0.166450
0.172701
0.179057
0.185509
0.192047
0.198664
0.205350
0.212096
0.218893
0.225731
0.232602
0.239495
0.246402
0.253313
0.260219
0.267109
0.273974
0.280804
0.287590
0.294320
0.300985
0.307574
0.314076
0.320482
0.326779
0.332958
0.339006
0.344912
0.350665
0.356252
0.361662
0.366883
0.371901
0.376705
0.381280
0.385615
0.389695
0.393506
0.397034
0.400266
0.403186
0.405780
0.408032
0.409928
0.411450
0.412584
0.413313
0.413620
0.413488
0.412901
0.411840
0.410289
0.408229
0.405642
0.402510
0.398815
0.394537
0.389657
0.384157
0.378016
0.371215
0.363735
0.355557
0.346660
0.337025
0.090000
0.086714
0.083850
0.081398
0.079349
0.077694
0.076424
0.075530
0.075003
0.074834
0.075015
0.075535
0.076386
0.077559
0.079046
0.080836
0.082922
0.085295
0.087945
0.090864
0.094042
0.097472
0.101144
0.105049
0.109179
0.113525
0.118078
0.122830
0.127771
0.132893
0.138188
0.143646
0.149259
0.155018
0.160915
0.166940
0.173085
0.179342
0.185701
0.192153
0.198691
0.205304
0.211984
0.218721
0.225508
0.232335
0.239192
0.246070
0.252961
0.259854
0.266740
0.273610
0.280453
0.287261
0.294022
0.300727
0.307366
0.313928
0.320403
0.326779
0.333047
0.339195
0.345211
0.351085
0.356804
0.362357
0.367731
0.372915
0.377895
0.382660
0.387195
0.391487
0.395523
0.399289
0.402770
0.405953
0.408821
0.411361
0.413557
0.415393
0.416853
0.417921
0.418581
0.418814
0.418605
0.417936
0.416789
0.415145
0.412987
0.410296
0.407053
0.403241
0.398838
0.393825
0.388183
0.381892
0.374932
0.367283
0.358925
0.349837
0.340000
0.093025
0.089982
0.087350
0.085118
0.083278
0.081822
0.080740
0.080025
0.079666
0.079656
0.079986
0.080648
0.081631
0.082929
0.084532
0.086431
0.088619
0.091086
0.093824
0.096824
0.100077
0.103576
0.107311
0.111274
0.115456
0.119849
0.124445
0.129234
0.134209
0.139361
0.144681
0.150161
0.155792
0.161565
0.167473
0.173507
0.179658
0.185917
0.192276
0.198726
0.205258
0.211864
0.218535
0.225262
0.232036
0.238847
0.245688
0.252549
0.259421
0.266293
0.273158
0.280005
0.286824
0.293607
0.300342
0.307021
0.313632
0.320166
0.326611
0.332958
0.339195
0.345311
0.351295
0.357136
0.362821
0.368340
0.373679
0.378826
0.383770
0.388496
0.392991
0.397243
0.401238
0.404960
0.408397
0.411533
0.414353
0.416843
0.418986
0.420766
0.422168
0.423175
0.423770
0.423936
0.423655
0.422909
0.421681
0.419951
0.417702
0.414914
0.411567
0.407644
0.403124
0.397986
0.392211
0.385777
0.378666
0.370856
0.362326
0.353056
0.343025
0.096100
0.093297
0.090893
0.088878
0.087245
0.085984
0.085087
0.084546
0.084353
0.084498
0.084975
0.085774
0.086887
0.088306
0.090022
0.092027
0.094312
0.096870
0.099692
0.102770
0.106095
0.109659
0.113454
0.117471
0.121702
0.126139
0.130774
0.135598
0.140603
0.145780
0.151122
0.156620
0.162266
0.168051
0.173966
0.180005
0.186157
0.192416
0.198771
0.205215
0.211740
0.218335
0.224994
0.231707
0.238465
0.245259
0.252081
0.258922
0.265771
0.272621
0.279461
0.286283
0.293077
0.299832
0.306540
0.313190
0.319772
0.326275
0.332690
0.339006
0.345211
0.351295
0.357246
0.363054
0.368706
0.374190
0.379494
0.384606
0.389513
0.394202
0.398660
0.402873
0.406828
0.410510
0.413904
0.416996
0.419772
0.422214
0.424308
0.426038
0.427387
0.428337
0.428873
0.428976
0.428629
0.427813
0.426510
0.424701
0.422367
0.419489
0.416047
0.412021
0.407391
0.402136
0.396236
0.389669
0.382415
0.374452
0.365760
0.356316
0.346100
0.099225
0.096659
0.094479
0.092678
0.091247
0.090177
0.089462
0.089092
0.089060
0.089358
0.089978
0.090911
0.092149
0.093685
0.095511
0.097617
0.099997
0.102643
0.105545
0.108697
0.112090
0.115715
0.119566
0.123634
0.127910
0.132388
0.137058
0.141913
0.146944
0.152144
0.157504
0.163016
0.168673
0.174465
0.180385
0.186425
0.192576
0.198830
0.205178
0.211613
0.218126
0.224708
0.231351
0.238047
0.244786
0.251560
0.258360
0.265177
0.272002
0.278826
0.285640
0.292434
0.299199
0.305925
0.312603
0.319222
0.325773
0.332246
0.338629
0.344912
0.351085
0.357136
0.363054
0.368828
0.374446
0.379896
0.385165
0.390243
0.395115
0.399768
0.404190
0.408366
0.412283
0.415926
0.419281
0.422333
0.425067
0.427466
0.429516
0.431199
0.432499
0.433398
0.433880
0.433926
0.433519
0.432639
0.431269
0.429388
0.426977
0.424017
0.420486
0.416366
0.411635
0.406272
0.400255
0.393564
0.386176
0.378070
0.369224
0.359617
0.349225
0.102400
0.100066
0.098108
0.096516
0.095283
0.094401
0.093863
0.093661
0.093786
0.094232
0.094991
0.096054
0.097414
0.099063
0.100994
0.103199
0.105669
0.108398
0.111377
0.114599
0.118056
0.121739
0.125642
0.129756
0.134074
0.138588
0.143289
0.148171
0.153225
0.158443
0.163817
0.169340
0.175004
0.180800
0.186720
0.192757
0.198903
0.205149
0.211487
0.217909
0.224407
0.230972
0.237596
0.244271
0.250988
0.257738
0.264513
0.271304
0.278101
0.284897
0.291681
0.298446
0.305180
0.311875
0.318521
0.325108
0.331626
0.338065
0.344415
0.350665
0.356804
0.362821
0.368706
0.374446
0.380030
0.385446
0.390682
0.395725
0.400562
0.405181
0.409569
0.413710
0.417592
0.421199
0.424518
0.427533
0.430228
0.432589
0.434598
0.436239
0.437495
0.438349
0.438783
0.438778
0.438317
0.437381
0.435950
0.434005
0.431525
0.428490
0.424880
0.420675
0.415852
0.410389
0.404265
0.397459
0.389947
0.381708
0.372719
0.362957
0.352400
0.105625
0.103520
0.101777
0.100390
0.099352
0.098654
0.098288
0.098249
0.098528
0.099118
0.100011
0.101200
0.102678
0.104436
0.106468
0.108767
0.111323
0.114131
0.117183
0.120471
0.123987
0.127724
0.131675
0.135831
0.140186
0.144732
0.149461
0.154365
0.159437
0.164669
0.170054
0.175584
0.181250
0.187046
0.192963
0.198994
0.205130
0.211364
0.217688
0.224093
0.230573
0.237117
0.243719
0.250370
0.257061
0.263784
0.270530
0.277292
0.284059
0.290823
0.297576
0.304307
0.311008
0.317669
0.324281
0.330834
0.337317
0.343722
0.350037
0.356252
0.362357
0.368340
0.374190
0.379896
0.385446
0.390828
0.396030
0.401040
0.405845
0.410431
0.414785
0.418894
0.422742
0.426317
0.429602
0.432584
0.435245
0.437570
0.439543
0.441147
0.442365
0.443179
0.443571
0.443523
0.443015
0.442030
0.440546
0.438544
0.436003
0.432903
0.429222
0.424941
0.420035
0.414483
0.408263
0.401351
0.393726
0.385364
0.376242
0.366337
0.355625
0.108900
0.107018
0.105488
0.104302
0.103453
0.102933
0.102736
0.102856
0.103283
0.104012
0.105036
0.106346
0.107936
0.109800
0.111929
0.114316
0.116954
0.119837
0.122957
0.126306
0.129877
0.133663
0.137658
0.141852
0.146240
0.150813
0.155565
0.160487
0.165574
0.170816
0.176206
0.181738
0.187403
0.193195
0.199104
0.205124
0.211247
0.217466
0.223771
0.230156
0.236613
0.243133
0.249709
0.256331
0.262993
0.269686
0.276401
0.283130
0.289863
0.296593
0.303311
0.310007
0.316672
0.323297
0.329873
0.336389
0.342836
0.349204
0.355483
0.361662
0.367731
0.373679
0.379494
0.385165
0.390682
0.396030
0.401200
0.406177
0.410950
0.415504
0.419827
0.423905
0.427723
0.431268
0.434523
0.437474
0.440105
0.442400
0.444342
0.445914
0.447099
0.447879
0.448236
0.448151
0.447604
0.446576
0.445047
0.442997
0.440404
0.437248
0.433506
0.429158
0.424180
0.418549
0.412243
0.405237
0.397510
0.389036
0.379793
0.369755
0.358900
0.112225
0.110562
0.109239
0.108248
0.107584
0.107238
0.107205
0.107478
0.108049
0.108913
0.110061
0.111488
0.113187
0.115150
0.117370
0.119842
0.122558
0.125510
0.128693
0.132099
0.135720
0.139551
0.143584
0.147812
0.152228
0.156824
0.161594
0.166530
0.171626
0.176874
0.182266
0.187795
0.193455
0.199237
0.205135
0.211140
0.217246
0.223444
0.229727
0.236088
0.242518
0.249009
0.255555
0.262146
0.268775
0.275434
0.282114
0.288806
0.295503
0.302196
0.308876
0.315533
0.322160
0.328747
0.335283
0.341761
0.348170
0.354500
0.360741
0.366883
0.372915
0.378826
0.384606
0.390243
0.395725
0.401040
0.406177
0.411123
0.415864
0.420389
0.424683
0.428732
0.432522
0.436039
0.439268
0.442193
0.444798
0.447066
0.448982
0.450528
0.451687
0.452439
0.452767
0.452652
0.452073
0.451011
0.449446
0.447357
0.444722
0.441519
0.437726
0.433322
0.428282
0.422583
0.416201
0.409114
0.401295
0.392722
0.383369
0.373211
0.362225
0.115600
0.114151
0.113029
0.112229
0.111744
0.111567
0.111692
0.112113
0.112823
0.113816
0.115084
0.116623
0.118424
0.120482
0.122789
0.125340
0.128128
0.131145
0.134386
0.137844
0.141511
0.145381
0.149448
0.153704
0.158143
0.162758
0.167541
0.172486
0.177587
0.182835
0.188224
0.193747
0.199396
0.205165
0.211046
0.217032
0.223115
0.229289
0.235545
0.241877
0.248277
0.254736
0.261247
0.267803
0.274396
0.281017
0.287658
0.294311
0.300968
0.307620
0.314259
0.320875
0.327460
0.334006
0.340501
0.346938
0.353307
0.359597
0.365798
0.371901
0.377895
0.383770
0.389513
0.395115
0.400562
0.405845
0.410950
0.415864
0.420576
0.425072
0.429339
0.433361
0.437127
0.440620
0.443825
0.446727
0.449310
0.451558
0.453453
0.454978
0.456116
0.456847
0.457153
0.457015
0.456413
0.455326
0.453734
0.451614
0.448946
0.445707
0.441874
0.437424
0.432334
0.426579
0.420134
0.412976
0.405080
0.396419
0.386969
0.376705
0.365600
0.119025
0.117784
0.116858
0.116243
0.115931
0.115918
0.116196
0.116760
0.117603
0.118719
0.120102
0.121747
0.123645
0.125792
0.128181
0.130806
0.133660
0.136737
0.140031
0.143535
0.147242
0.151147
0.155242
0.159522
0.163979
0.168606
0.173398
0.178347
0.183447
0.188691
0.194072
0.199583
0.205217
0.210968
0.216828
0.222790
0.228847
0.234991
0.241217
0.247515
0.253880
0.260302
0.266776
0.273292
0.279844
0.286423
0.293022
0.299632
0.306245
0.312853
0.319448
0.326020
0.332561
0.339062
0.345514
0.351908
0.358233
0.364482
0.370642
0.376705
0.382660
0.388496
0.394202
0.399768
0.405181
0.410431
0.415504
0.420389
0.425072
0.429541
0.433782
0.437781
0.441524
0.444995
0.448181
0.451064
0.453630
0.455861
0.457741
0.459252
0.460375
0.461092
0.461384
0.461232
0.460614
0.459511
0.457900
0.455761
0.453070
0.449805
0.445943
0.441460
0.436331
0.430532
0.424037
0.416822
0.408860
0.400126
0.390593
0.380235
0.369025
0.122500
0.121461
0.120725
0.120289
0.120146
0.120289
0.120714
0.121415
0.122385
0.123620
0.125112
0.126856
0.128846
0.131077
0.133542
0.136235
0.139150
0.142281
0.145622
0.149167
0.152909
0.156842
0.160961
0.165258
0.169728
0.174363
0.179158
0.184106
0.189200
0.194435
0.199802
0.205297
0.210911
0.216638
0.222472
0.228405
0.234430
0.240541
0.246731
0.252992
0.259316
0.265698
0.272129
0.278601
0.285108
0.291642
0.298194
0.304757
0.311323
0.317884
0.324431
0.330955
0.337449
0.343904
0.350309
0.356657
0.362938
0.369142
0.375259
0.381280
0.387195
0.392991
0.398660
0.404190
0.409569
0.414785
0.419827
0.424683
0.429339
0.433782
0.437999
0.441976
0.445699
0.449153
0.452322
0.455192
0.457745
0.459965
0.461835
0.463336
0.464452
0.465162
0.465448
0.465289
0.464664
0.463554
0.461935
0.459786
0.457084
0.453805
0.449925
0.445421
0.440267
0.434437
0.427905
0.420646
0.412633
0.403839
0.394237
0.383800
0.372500
0.126025
0.125181
0.124630
0.124366
0.124385
0.124680
0.125245
0.126077
0.127168
0.128514
0.130109
0.131947
0.134023
0.136332
0.138866
0.141621
0.144591
0.147771
0.151153
0.154733
0.158504
0.162461
0.166597
0.170906
0.175383
0.180020
0.184813
0.189754
0.194838
0.200057
0.205406
0.210878
0.216467
0.222166
0.227968
0.233867
0.239856
0.245929
0.252078
0.258296
0.264576
0.270912
0.277296
0.283720
0.290178
0.296662
0.303164
0.309676
0.316191
0.322700
0.329196
0.335670
0.342114
0.348518
0.354874
0.361174
0.367407
0.373565
0.379637
0.385615
0.391487
0.397243
0.402873
0.408366
0.413710
0.418894
0.423905
0.428732
0.433361
0.437781
0.441976
0.445934
0.449640
0.453079
0.456236
0.459095
0.461640
0.463854
0.465720
0.467219
0.468334
0.469045
0.469332
0.469175
0.468553
0.467445
0.465829
0.463681
0.460978
0.457697
0.453812
0.449300
0.444133
0.438286
0.431732
0.424444
0.416395
0.407556
0.397900
0.387400
0.376025
0.129600
0.128946
0.128572
0.128474
0.128648
0.129087
0.129787
0.130743
0.131949
0.133400
0.135091
0.137017
0.139172
0.141552
0.144150
0.146961
0.149980
0.153201
0.156619
0.160228
0.164022
0.167996
0.172144
0.176459
0.180937
0.185571
0.190355
0.195284
0.200351
0.205550
0.210875
0.216319
0.221877
0.227542
0.233308
0.239168
0.245115
0.251144
0.257247
0.263417
0.269649
0.275934
0.282266
0.288638
0.295042
0.301472
0.307919
0.314376
0.320836
0.327291
0.333732
0.340151
0.346541
0.352892
0.359196
0.365445
0.371628
0.377737
0.383763
0.389695
0.395523
0.401238
0.406828
0.412283
0.417592
0.422742
0.427723
0.432522
0.437127
0.441524
0.445699
0.449640
0.453332
0.456759
0.459908
0.462761
0.465303
0.467516
0.469384
0.470887
0.472008
0.472727
0.473024
0.472878
0.472268
0.471173
0.469570
0.467434
0.464743
0.461472
0.457596
0.453089
0.447924
0.442075
0.435513
0.428211
0.420141
0.411274
0.401581
0.391033
0.379600
0.133225
0.132753
0.132550
0.132611
0.132933
0.133510
0.134337
0.135410
0.136724
0.138274
0.140055
0.142062
0.144290
0.146734
0.149389
0.152249
0.155311
0.158568
0.162015
0.165646
0.169457
0.173441
0.177594
0.181910
0.186383
0.191007
0.195778
0.200688
0.205732
0.210904
0.216199
0.221611
0.227132
0.232758
0.238481
0.244296
0.250197
0.256176
0.262228
0.268346
0.274523
0.280753
0.287029
0.293343
0.299689
0.306060
0.312448
0.318846
0.325247
0.331642
0.338025
0.344386
0.350718
0.357013
0.363262
0.369456
0.375587
0.381645
0.387621
0.393506
0.399289
0.404960
0.410510
0.415926
0.421199
0.426317
0.431268
0.436039
0.440620
0.444995
0.449153
0.453079
0.456759
0.460179
0.463323
0.466174
0.468718
0.470936
0.472811
0.474325
0.475460
0.476195
0.476510
0.476385
0.475797
0.474725
0.473146
0.471035
0.468369
0.465121
0.461267
0.456780
0.451632
0.445795
0.439242
0.431943
0.423869
0.414991
0.405277
0.394699
0.383225
0.136900
0.136603
0.136563
0.136776
0.137239
0.137946
0.138894
0.140077
0.141492
0.143133
0.144996
0.147077
0.149371
0.151873
0.154578
0.157481
0.160578
0.163864
0.167333
0.170981
0.174802
0.178791
0.182943
0.187252
0.191714
0.196322
0.201072
0.205957
0.210973
0.216113
0.221372
0.226744
0.232223
0.237803
0.243479
0.249243
0.255091
0.261016
0.267012
0.273072
0.279189
0.285358
0.291572
0.297824
0.304107
0.310415
0.316739
0.323073
0.329411
0.335743
0.342062
0.348362
0.354633
0.360868
0.367058
0.373195
0.379271
0.385275
0.391199
0.397034
0.402770
0.408397
0.413904
0.419281
0.424518
0.429602
0.434523
0.439268
0.443825
0.448181
0.452322
0.456236
0.459908
0.463323
0.466465
0.469320
0.471870
0.474098
0.475988
0.477520
0.478675
0.479434
0.479777
0.479682
0.479127
0.478089
0.476546
0.474472
0.471843
0.468633
0.464815
0.460363
0.455248
0.449441
0.442913
0.435634
0.427574
0.418702
0.408986
0.398396
0.386900
0.140625
0.140495
0.140611
0.140969
0.141565
0.142395
0.143455
0.144741
0.146249
0.147974
0.149913
0.152060
0.154412
0.156965
0.159713
0.162652
0.165778
0.169085
0.172569
0.176226
0.180050
0.184037
0.188181
0.192478
0.196921
0.201507
0.206230
0.211085
0.216065
0.221167
0.226383
0.231710
0.237140
0.242669
0.248291
0.253999
0.259789
0.265653
0.271587
0.277583
0.283636
0.289739
0.295886
0.302070
0.308285
0.314524
0.320780
0.327046
0.333315
0.339580
0.345833
0.352066
0.358272
0.364444
0.370572
0.376648
0.382665
0.388613
0.394483
0.400266
0.405953
0.411533
0.416996
0.422333
0.427533
0.432584
0.437474
0.442193
0.446727
0.451064
0.455192
0.459095
0.462761
0.466174
0.469320
0.472181
0.474743
0.476988
0.478898
0.480454
0.481639
0.482430
0.482810
0.482754
0.482242
0.481251
0.479755
0.477732
0.475154
0.471996
0.468230
0.463829
0.458764
0.453003
0.446518
0.439278
0.431250
0.422404
0.412706
0.402124
0.390625
0.144400
0.144429
0.144693
0.145187
0.145909
0.146854
0.148019
0.149400
0.150993
0.152794
0.154800
0.157007
0.159410
0.162005
0.164789
0.167756
0.170903
0.174225
0.177718
0.181376
0.185197
0.189174
0.193303
0.197580
0.201999
0.206556
0.211245
0.216062
0.221001
0.226057
0.231225
0.236499
0.241875
0.247347
0.252908
0.258554
0.264279
0.270078
0.275943
0.281870
0.287852
0.293884
0.299959
0.306070
0.312212
0.318377
0.324559
0.330752
0.336948
0.343140
0.349322
0.355485
0.361623
0.367726
0.373789
0.379801
0.385756
0.391644
0.397458
0.403186
0.408821
0.414353
0.419772
0.425067
0.430228
0.435245
0.440105
0.444798
0.449310
0.453630
0.457745
0.461640
0.465303
0.468718
0.471870
0.474743
0.477322
0.479588
0.481525
0.483113
0.484334
0.485168
0.485593
0.485587
0.485130
0.484196
0.482762
0.480802
0.478290
0.475199
0.471501
0.467168
0.462170
0.456474
0.450051
0.442869
0.434894
0.426093
0.416434
0.405881
0.394400
0.148225
0.148405
0.148808
0.149430
0.150269
0.151321
0.152582
0.154050
0.155720
0.157590
0.159656
0.161913
0.164359
0.166990
0.169801
0.172789
0.175949
0.179278
0.182772
0.186425
0.190234
0.194195
0.198302
0.202552
0.206939
0.211460
0.216108
0.220880
0.225771
0.230775
0.235888
0.241104
0.246418
0.251826
0.257321
0.262898
0.268553
0.274279
0.280070
0.285922
0.291828
0.297782
0.303778
0.309811
0.315874
0.321960
0.328064
0.334178
0.340297
0.346412
0.352518
0.358606
0.364670
0.370703
0.376695
0.382640
0.388530
0.394355
0.400108
0.405780
0.411361
0.416843
0.422214
0.427466
0.432589
0.437570
0.442400
0.447066
0.451558
0.455861
0.459965
0.463854
0.467516
0.470936
0.474098
0.476988
0.479588
0.481882
0.483852
0.485480
0.486745
0.487629
0.488110
0.488165
0.487773
0.486909
0.485549
0.483667
0.481236
0.478229
0.474616
0.470369
0.465456
0.459845
0.453504
0.446400
0.438499
0.429766
0.420167
0.409665
0.398225
0.152100
0.152422
0.152956
0.153697
0.154645
0.155794
0.157144
0.158690
0.160429
0.162358
0.164475
0.166776
0.169256
0.171914
0.174745
0.177745
0.180911
0.184239
0.187726
0.191366
0.195156
0.199093
0.203171
0.207386
0.211734
0.216211
0.220812
0.225532
0.230367
0.235313
0.240363
0.245514
0.250760
0.256097
0.261519
0.267021
0.272599
0.278246
0.283957
0.289727
0.295551
0.301421
0.307334
0.313282
0.319260
0.325262
0.331282
0.337313
0.343348
0.349382
0.355406
0.361416
0.367402
0.373358
0.379277
0.385151
0.390971
0.396731
0.402421
0.408032
0.413557
0.418986
0.424308
0.429516
0.434598
0.439543
0.444342
0.448982
0.453453
0.457741
0.461835
0.465720
0.469384
0.472811
0.475988
0.478898
0.481525
0.483852
0.485862
0.487536
0.488855
0.489797
0.490344
0.490471
0.490156
0.489375
0.488103
0.486314
0.483979
0.481072
0.477562
0.473419
0.468611
0.463105
0.456867
0.449864
0.442060
0.433418
0.423902
0.413475
0.402100
0.156025
0.156480
0.157135
0.157987
0.159034
0.160272
0.161701
0.163316
0.165115
0.167096
0.169255
0.171590
0.174097
0.176773
0.179615
0.182619
0.185783
0.189102
0.192573
0.196193
0.199957
0.203861
0.207902
0.212075
0.216377
0.220802
0.225348
0.230009
0.234782
0.239661
0.244642
0.249720
0.254891
0.260151
0.265493
0.270914
0.276407
0.281969
0.287593
0.293276
0.299010
0.304791
0.310614
0.316472
0.322359
0.328271
0.334201
0.340142
0.346089
0.352036
0.357975
0.363900
0.369803
0.375679
0.381520
0.387318
0.393066
0.398756
0.404379
0.409928
0.415393
0.420766
0.426038
0.431199
0.436239
0.441147
0.445914
0.450528
0.454978
0.459252
0.463336
0.467219
0.470887
0.474325
0.477520
0.480454
0.483113
0.485480
0.487536
0.489264
0.490643
0.491655
0.492276
0.492486
0.492261
0.491576
0.490407
0.488725
0.486504
0.483714
0.480325
0.476306
0.471624
0.466244
0.460133
0.453254
0.445570
0.437043
0.427637
0.417310
0.406025
0.160000
0.160579
0.161345
0.162298
0.163435
0.164753
0.166251
0.167926
0.169777
0.171799
0.173992
0.176352
0.178876
0.181562
0.184406
0.187407
0.190559
0.193861
0.197309
0.200899
0.204628
0.208492
0.212488
0.216612
0.220859
0.225226
0.229709
0.234303
0.239005
0.243811
0.248715
0.253714
0.258803
0.263977
0.269233
0.274565
0.279968
0.285437
0.290968
0.296556
0.302194
0.307880
0.313606
0.319367
0.325158
0.330974
0.336808
0.342654
0.348508
0.354361
0.360209
0.366044
0.371861
0.377652
0.383410
0.389128
0.394799
0.400415
0.405968
0.411450
0.416853
0.422168
0.427387
0.432499
0.437495
0.442365
0.447099
0.451687
0.456116
0.460375
0.464452
0.468334
0.472008
0.475460
0.478675
0.481639
0.484334
0.486745
0.488855
0.490643
0.492092
0.493181
0.493889
0.494193
0.494069
0.493494
0.492441
0.490884
0.488793
0.486139
0.482890
0.479017
0.474482
0.469252
0.463290
0.456560
0.449022
0.440638
0.431366
0.421168
0.410000
0.164025
0.164717
0.165586
0.166630
0.167846
0.169235
0.170792
0.172518
0.174410
0.176465
0.178681
0.181057
0.183589
0.186276
0.189114
0.192101
0.195234
0.198510
0.201926
0.205479
0.209164
0.212980
0.216923
0.220988
0.225173
0.229473
0.233885
0.238405
0.243029
0.247754
0.252574
0.257486
0.262485
0.267567
0.272729
0.277964
0.283269
0.288639
0.294070
0.299556
0.305093
0.310675
0.316298
0.321956
0.327645
0.333358
0.339090
0.344836
0.350589
0.356344
0.362096
0.367836
0.373560
0.379261
0.384931
0.390565
0.396155
0.401693
0.407172
0.412584
0.417921
0.423175
0.428337
0.433398
0.438349
0.443179
0.447879
0.452439
0.456847
0.461092
0.465162
0.469045
0.472727
0.476195
0.479434
0.482430
0.485168
0.487629
0.489797
0.491655
0.493181
0.494357
0.495161
0.495570
0.495562
0.495110
0.494189
0.492772
0.490829
0.488330
0.485243
0.481535
0.477172
0.472115
0.466329
0.459774
0.452409
0.444195
0.435088
0.425046
0.414025
0.168100
0.168895
0.169856
0.170980
0.172267
0.173714
0.175322
0.177088
0.179011
0.181089
0.183320
0.185702
0.188233
0.190911
0.193734
0.196698
0.199802
0.203043
0.206418
0.209924
0.213559
0.217317
0.221198
0.225197
0.229311
0.233536
0.237870
0.242307
0.246846
0.251481
0.256209
0.261026
0.265928
0.270911
0.275970
0.281102
0.286302
0.291566
0.296888
0.302266
0.307693
0.313166
0.318679
0.324228
0.329806
0.335410
0.341035
0.346673
0.352321
0.357972
0.363621
0.369261
0.374887
0.380492
0.386070
0.391614
0.397118
0.402574
0.407974
0.413313
0.418581
0.423770
0.428873
0.433880
0.438783
0.443571
0.448236
0.452767
0.457153
0.461384
0.465448
0.469332
0.473024
0.476510
0.479777
0.482810
0.485593
0.488110
0.490344
0.492276
0.493889
0.495161
0.496071
0.496598
0.496717
0.496403
0.495630
0.494369
0.492593
0.490268
0.487364
0.483846
0.479677
0.474820
0.469236
0.462884
0.455723
0.447708
0.438796
0.428942
0.418100
0.172225
0.173113
0.174154
0.175348
0.176694
0.178191
0.179838
0.181634
0.183578
0.185668
0.187903
0.190281
0.192801
0.195461
0.198259
0.201192
0.204258
0.207455
0.210780
0.214230
0.217804
0.221497
0.225307
0.229231
0.233265
0.237408
0.241654
0.246001
0.250445
0.254983
0.259611
0.264325
0.269122
0.273997
0.278947
0.283968
0.289055
0.294204
0.299412
0.304674
0.309985
0.315341
0.320737
0.326168
0.331631
0.337119
0.342629
0.348154
0.353689
0.359230
0.364770
0.370304
0.375826
0.381330
0.386810
0.392260
0.397673
0.403041
0.408360
0.413620
0.418814
0.423936
0.428976
0.433926
0.438778
0.443523
0.448151
0.452652
0.457015
0.461232
0.465289
0.469175
0.472878
0.476385
0.479682
0.482754
0.485587
0.488165
0.490471
0.492486
0.494193
0.495570
0.496598
0.497253
0.497513
0.497351
0.496741
0.495655
0.494064
0.491935
0.489236
0.485931
0.481983
0.477352
0.471999
0.465881
0.458953
0.451171
0.442487
0.432855
0.422225
0.176400
0.177369
0.178480
0.179732
0.181126
0.182661
0.184336
0.186151
0.188105
0.190198
0.192427
0.194791
0.197290
0.199922
0.202684
0.205575
0.208594
0.211737
0.215003
0.218389
0.221892
0.225511
0.229242
0.233082
0.237028
0.241079
0.245229
0.249477
0.253819
0.258251
0.262771
0.267374
0.272057
0.276817
0.281649
0.286551
0.291517
0.296545
0.301630
0.306768
0.311955
0.317187
0.322459
0.327766
0.333105
0.338471
0.343859
0.349263
0.354680
0.360104
0.365529
0.370951
0.376363
0.381760
0.387137
0.392487
0.397803
0.403080
0.408311
0.413488
0.418605
0.423655
0.428629
0.433519
0.438317
0.443015
0.447604
0.452073
0.456413
0.460614
0.464664
0.468553
0.472268
0.475797
0.479127
0.482242
0.485130
0.487773
0.490156
0.492261
0.494069
0.495562
0.496717
0.497513
0.497925
0.497930
0.497500
0.496607
0.495221
0.493309
0.490837
0.487771
0.484070
0.479695
0.474603
0.468750
0.462090
0.454575
0.446155
0.436781
0.426400
0.180625
0.181663
0.182832
0.184131
0.185562
0.187123
0.188815
0.190638
0.192592
0.194675
0.196887
0.199227
0.201694
0.204287
0.207004
0.209844
0.212805
0.215885
0.219082
0.222394
0.225818
0.229353
0.232995
0.236742
0.240592
0.244541
0.248587
0.252727
0.256958
0.261276
0.265678
0.270162
0.274724
0.279359
0.284066
0.288840
0.293678
0.298576
0.303531
0.308537
0.313593
0.318692
0.323833
0.329009
0.334217
0.339453
0.344712
0.349989
0.355280
0.360580
0.365884
0.371187
0.376483
0.381767
0.387034
0.392278
0.397493
0.402673
0.407811
0.412901
0.417936
0.422909
0.427813
0.432639
0.437381
0.442030
0.446576
0.451011
0.455326
0.459511
0.463554
0.467445
0.471173
0.474725
0.478089
0.481251
0.484196
0.486909
0.489375
0.491576
0.493494
0.495110
0.496403
0.497351
0.497930
0.498117
0.497883
0.497200
0.496039
0.494366
0.492147
0.489345
0.485920
0.481830
0.477032
0.471479
0.465122
0.457912
0.449795
0.440717
0.430625
0.184900
0.185995
0.187209
0.188544
0.189998
0.191574
0.193271
0.195091
0.197032
0.199094
0.201278
0.203583
0.206008
0.208552
0.211214
0.213992
0.216885
0.219892
0.223010
0.226238
0.229573
0.233014
0.236559
0.240204
0.243948
0.247787
0.251720
0.255743
0.259853
0.264048
0.268325
0.272681
0.277112
0.281615
0.286188
0.290826
0.295527
0.300287
0.305103
0.309970
0.314886
0.319846
0.324846
0.329883
0.334953
0.340052
0.345174
0.350317
0.355475
0.360644
0.365820
0.370997
0.376170
0.381335
0.386487
0.391619
0.396726
0.401803
0.406843
0.411840
0.416789
0.421681
0.426510
0.431269
0.435950
0.440546
0.445047
0.449446
0.453734
0.457900
0.461935
0.465829
0.469570
0.473146
0.476546
0.479755
0.482762
0.485549
0.488103
0.490407
0.492441
0.494189
0.495630
0.496741
0.497500
0.497883
0.497862
0.497409
0.496493
0.495081
0.493139
0.490629
0.487510
0.483738
0.479268
0.474051
0.468037
0.461171
0.453398
0.444660
0.434900
0.189225
0.190364
0.191611
0.192967
0.194434
0.196012
0.197702
0.199505
0.201422
0.203453
0.205597
0.207855
0.210227
0.212711
0.215306
0.218012
0.220827
0.223750
0.226780
0.229914
0.233151
0.236489
0.239926
0.243460
0.247088
0.250808
0.254618
0.258514
0.262496
0.266559
0.270701
0.274919
0.279211
0.283574
0.288004
0.292498
0.297053
0.301667
0.306335
0.311055
0.315822
0.320634
0.325487
0.330377
0.335301
0.340254
0.345233
0.350233
0.355251
0.360282
0.365322
0.370366
0.375410
0.380449
0.385478
0.390492
0.395486
0.400454
0.405390
0.410289
0.415145
0.419951
0.424701
0.429388
0.434005
0.438544
0.442997
0.447357
0.451614
0.455761
0.459786
0.463681
0.467434
0.471035
0.474472
0.477732
0.480802
0.483667
0.486314
0.488725
0.490884
0.492772
0.494369
0.495655
0.496607
0.497200
0.497409
0.497203
0.496554
0.495428
0.493789
0.491599
0.488816
0.485396
0.481291
0.476449
0.470819
0.464341
0.456957
0.448606
0.439225
0.193600
0.194770
0.196036
0.197401
0.198866
0.200433
0.202103
0.203878
0.205758
0.207745
0.209838
0.212038
0.214345
0.216757
0.219275
0.221898
0.224625
0.227454
0.230385
0.233415
0.236544
0.239769
0.243089
0.246501
0.250004
0.253595
0.257272
0.261033
0.264876
0.268798
0.272796
0.276869
0.281012
0.285225
0.289503
0.293844
0.298245
0.302703
0.307216
0.311779
0.316390
0.321046
0.325743
0.330477
0.335247
0.340046
0.344873
0.349724
0.354594
0.359479
0.364376
0.369280
0.374187
0.379093
0.383993
0.388882
0.393755
0.398608
0.403434
0.408229
0.412987
0.417702
0.422367
0.426977
0.431525
0.436003
0.440404
0.444722
0.448946
0.453070
0.457084
0.460978
0.464743
0.468369
0.471843
0.475154
0.478290
0.481236
0.483979
0.486504
0.488793
0.490829
0.492593
0.494064
0.495221
0.496039
0.496493
0.496554
0.496192
0.495375
0.494065
0.492225
0.489812
0.486779
0.483077
0.478653
0.473451
0.467409
0.460464
0.452551
0.443600
0.198025
0.199211
0.200483
0.201842
0.203292
0.204834
0.206471
0.208204
0.210036
0.211966
0.213996
0.216126
0.218356
0.220686
0.223116
0.225645
0.228272
0.230997
0.233818
0.236735
0.239744
0.242846
0.246038
0.249319
0.252687
0.256139
0.259675
0.263291
0.266985
0.270756
0.274602
0.278518
0.282505
0.286557
0.290675
0.294854
0.299091
0.303386
0.307733
0.312131
0.316577
0.321068
0.325600
0.330171
0.334777
0.339416
0.344083
0.348775
0.353489
0.358220
0.362967
0.367723
0.372486
0.377251
0.382014
0.386771
0.391517
0.396248
0.400958
0.405642
0.410296
0.414914
0.419489
0.424017
0.428490
0.432903
0.437248
0.441519
0.445707
0.449805
0.453805
0.457697
0.461472
0.465121
0.468633
0.471996
0.475199
0.478229
0.481072
0.483714
0.486139
0.488330
0.490268
0.491935
0.493309
0.494366
0.495081
0.495428
0.495375
0.494890
0.493936
0.492477
0.490466
0.487858
0.484601
0.480640
0.475915
0.470360
0.463909
0.456488
0.448025
0.202500
0.203688
0.204949
0.206289
0.207708
0.209212
0.210802
0.212481
0.214250
0.216111
0.218065
0.220113
0.222255
0.224491
0.226821
0.229245
0.231762
0.234372
0.237073
0.239864
0.242745
0.245713
0.248767
0.251907
0.255129
0.258433
0.261816
0.265277
0.268814
0.272425
0.276107
0.279859
0.283678
0.287562
0.291509
0.295516
0.299581
0.303702
0.307876
0.312100
0.316372
0.320688
0.325047
0.329446
0.333880
0.338348
0.342847
0.347372
0.351921
0.356491
0.361078
0.365679
0.370290
0.374907
0.379526
0.384143
0.388755
0.393356
0.397943
0.402510
0.407053
0.411567
0.416047
0.420486
0.424880
0.429222
0.433506
0.437726
0.441874
0.445943
0.449925
0.453812
0.457596
0.461267
0.464815
0.468230
0.471501
0.474616
0.477562
0.480325
0.482890
0.485243
0.487364
0.489236
0.490837
0.492147
0.493139
0.493789
0.494065
0.493936
0.493367
0.492319
0.490746
0.488602
0.485834
0.482384
0.478187
0.473177
0.467278
0.460412
0.452500
0.207025
0.208199
0.209435
0.210739
0.212114
0.213564
0.215093
0.216703
0.218397
0.220175
0.222041
0.223994
0.226036
0.228166
0.230385
0.232692
0.235088
0.237571
0.240141
0.242797
0.245538
0.248362
0.251268
0.254256
0.257323
0.260468
0.263689
0.266985
0.270354
0.273794
0.277304
0.280880
0.284523
0.288228
0.291995
0.295822
0.299705
0.303643
0.307633
0.311674
0.315762
0.319895
0.324072
0.328288
0.332542
0.336831
0.341152
0.345502
0.349878
0.354278
0.358698
0.363134
0.367585
0.372045
0.376512
0.380982
0.385451
0.389916
0.394372
0.398815
0.403241
0.407644
0.412021
0.416366
0.420675
0.424941
0.429158
0.433322
0.437424
0.441460
0.445421
0.449300
0.453089
0.456780
0.460363
0.463829
0.467168
0.470369
0.473419
0.476306
0.479017
0.481535
0.483846
0.485931
0.487771
0.489345
0.490629
0.491599
0.492225
0.492477
0.492319
0.491713
0.490615
0.488976
0.486742
0.483854
0.480243
0.475838
0.470558
0.464317
0.457025
0.211600
0.212743
0.213937
0.215189
0.216504
0.217885
0.219338
0.220865
0.222469
0.224153
0.225917
0.227763
0.229692
0.231704
0.233800
0.235980
0.238243
0.240588
0.243016
0.245525
0.248115
0.250784
0.253532
0.256357
0.259258
0.262233
0.265282
0.268403
0.271594
0.274854
0.278180
0.281572
0.285028
0.288545
0.292122
0.295758
0.299449
0.303194
0.306992
0.310839
0.314735
0.318676
0.322660
0.326685
0.330749
0.334850
0.338984
0.343150
0.347344
0.351564
0.355808
0.360072
0.364353
0.368648
0.372955
0.377269
0.381589
0.385909
0.390226
0.394537
0.398838
0.403124
0.407391
0.411635
0.415852
0.420035
0.424180
0.428282
0.432334
0.436331
0.440267
0.444133
0.447924
0.451632
0.455248
0.458764
0.462170
0.465456
0.468611
0.471624
0.474482
0.477172
0.479677
0.481983
0.484070
0.485920
0.487510
0.488816
0.489812
0.490466
0.490746
0.490615
0.490027
0.488935
0.487285
0.485013
0.482050
0.478318
0.473729
0.468189
0.461600
0.216225
0.217319
0.218454
0.219637
0.220874
0.222171
0.223533
0.224962
0.226463
0.228037
0.229686
0.231413
0.233217
0.235099
0.237060
0.239100
0.241218
0.243415
0.245689
0.248041
0.250468
0.252972
0.255550
0.258202
0.260926
0.263722
0.266588
0.269523
0.272526
0.275595
0.278728
0.281925
0.285184
0.288502
0.291880
0.295314
0.298803
0.302346
0.305941
0.309585
0.313278
0.317016
0.320799
0.324624
0.328488
0.332391
0.336329
0.340301
0.344304
0.348336
0.352394
0.356476
0.360579
0.364701
0.368838
0.372988
0.377149
0.381316
0.385486
0.389657
0.393825
0.397986
0.402136
0.406272
0.410389
0.414483
0.418549
0.422583
0.426579
0.430532
0.434437
0.438286
0.442075
0.445795
0.449441
0.453003
0.456474
0.459845
0.463105
0.466244
0.469252
0.472115
0.474820
0.477352
0.479695
0.481830
0.483738
0.485396
0.486779
0.487858
0.488602
0.488976
0.488935
0.488433
0.487416
0.485819
0.483570
0.480585
0.476770
0.472022
0.466225
0.220900
0.221926
0.222982
0.224078
0.225221
0.226417
0.227671
0.228988
0.230371
0.231822
0.233344
0.234937
0.236604
0.238344
0.240158
0.242046
0.244008
0.246044
0.248153
0.250336
0.252591
0.254917
0.257315
0.259783
0.262320
0.264925
0.267598
0.270336
0.273140
0.276007
0.278937
0.281928
0.284980
0.288089
0.291256
0.294479
0.297757
0.301087
0.304468
0.307900
0.311379
0.314905
0.318476
0.322090
0.325746
0.329440
0.333173
0.336941
0.340743
0.344577
0.348440
0.352330
0.356246
0.360185
0.364144
0.368121
0.372114
0.376119
0.380134
0.384157
0.388183
0.392211
0.396236
0.400255
0.404265
0.408263
0.412243
0.416201
0.420134
0.424037
0.427905
0.431732
0.435513
0.439242
0.442913
0.446518
0.450051
0.453504
0.456867
0.460133
0.463290
0.466329
0.469236
0.471999
0.474603
0.477032
0.479268
0.481291
0.483077
0.484601
0.485834
0.486742
0.487285
0.487416
0.487083
0.486221
0.484758
0.482602
0.479655
0.475798
0.470900
0.225625
0.226561
0.227519
0.228508
0.229538
0.230616
0.231747
0.232936
0.234187
0.235501
0.236882
0.238330
0.239846
0.241431
0.243085
0.244810
0.246604
0.248468
0.250401
0.252403
0.254474
0.256612
0.258818
0.261091
0.263430
0.265833
0.268301
0.270832
0.273426
0.276081
0.278797
0.281572
0.284405
0.287295
0.290241
0.293242
0.296297
0.299404
0.302562
0.305770
0.309026
0.312329
0.315678
0.319071
0.322507
0.325984
0.329501
0.333055
0.336646
0.340272
0.343930
0.347620
0.351338
0.355084
0.358856
0.362650
0.366466
0.370300
0.374151
0.378016
0.381892
0.385777
0.389669
0.393564
0.397459
0.401351
0.405237
0.409114
0.412976
0.416822
0.420646
0.424444
0.428211
0.431943
0.435634
0.439278
0.442869
0.446400
0.449864
0.453254
0.456560
0.459774
0.462884
0.465881
0.468750
0.471479
0.474051
0.476449
0.478653
0.480640
0.482384
0.483854
0.485013
0.485819
0.486221
0.486158
0.485555
0.484321
0.482346
0.479498
0.475625
0.230400
0.231224
0.232060
0.232922
0.233820
0.234762
0.235754
0.236800
0.237903
0.239067
0.240293
0.241582
0.242935
0.244352
0.245836
0.247384
0.248999
0.250678
0.252424
0.254234
0.256109
0.258048
0.260051
0.262117
0.264246
0.266437
0.268689
0.271002
0.273375
0.275807
0.278297
0.280844
0.283449
0.286108
0.288823
0.291591
0.294412
0.297285
0.300209
0.303183
0.306205
0.309275
0.312391
0.315553
0.318759
0.322008
0.325298
0.328629
0.331998
0.335406
0.338849
0.342328
0.345839
0.349383
0.352956
0.356558
0.360187
0.363840
0.367517
0.371215
0.374932
0.378666
0.382415
0.386176
0.389947
0.393726
0.397510
0.401295
0.405080
0.408860
0.412633
0.416395
0.420141
0.423869
0.427574
0.431250
0.434894
0.438499
0.442060
0.445570
0.449022
0.452409
0.455723
0.458953
0.462090
0.465122
0.468037
0.470819
0.473451
0.475915
0.478187
0.480243
0.482050
0.483570
0.484758
0.485555
0.485892
0.485676
0.484793
0.483095
0.480400
0.235225
0.235909
0.236600
0.237312
0.238058
0.238846
0.239682
0.240570
0.241512
0.242511
0.243569
0.244686
0.245863
0.247101
0.248400
0.249761
0.251184
0.252668
0.254213
0.255820
0.257487
0.259216
0.261004
0.262852
0.264760
0.266727
0.268752
0.270836
0.272976
0.275174
0.277427
0.279736
0.282100
0.284519
0.286990
0.289515
0.292092
0.294720
0.297399
0.300127
0.302905
0.305730
0.308603
0.311523
0.314488
0.317498
0.320551
0.323647
0.326785
0.329963
0.333182
0.336438
0.339732
0.343063
0.346428
0.349827
0.353259
0.356722
0.360215
0.363735
0.367283
0.370856
0.374452
0.378070
0.381708
0.385364
0.389036
0.392722
0.396419
0.400126
0.403839
0.407556
0.411274
0.414991
0.418702
0.422404
0.426093
0.429766
0.433418
0.437043
0.440638
0.444195
0.447708
0.451171
0.454575
0.457912
0.461171
0.464341
0.467409
0.470360
0.473177
0.475838
0.478318
0.480585
0.482602
0.484321
0.485676
0.486584
0.486928
0.486547
0.485225
0.240100
0.240613
0.241129
0.241669
0.242243
0.242860
0.243524
0.244238
0.245005
0.245825
0.246701
0.247633
0.248622
0.249668
0.250772
0.251933
0.253151
0.254427
0.255761
0.257152
0.258601
0.260107
0.261669
0.263288
0.264963
0.266694
0.268481
0.270323
0.272221
0.274172
0.276178
0.278237
0.280350
0.282515
0.284733
0.287003
0.289324
0.291696
0.294118
0.296591
0.299112
0.301682
0.304301
0.306967
0.309680
0.312440
0.315245
0.318096
0.320991
0.323930
0.326911
0.329936
0.333001
0.336108
0.339254
0.342440
0.345664
0.348926
0.352224
0.355557
0.358925
0.362326
0.365760
0.369224
0.372719
0.376242
0.379793
0.383369
0.386969
0.390593
0.394237
0.397900
0.401581
0.405277
0.408986
0.412706
0.416434
0.420167
0.423902
0.427637
0.431366
0.435088
0.438796
0.442487
0.446155
0.449795
0.453398
0.456957
0.460464
0.463909
0.467278
0.470558
0.473729
0.476770
0.479655
0.482346
0.484793
0.486928
0.488647
0.489790
0.490100
0.245025
0.245325
0.245636
0.245979
0.246362
0.246791
0.247267
0.247793
0.248370
0.249000
0.249681
0.250416
0.251204
0.252046
0.252941
0.253890
0.254893
0.255949
0.257059
0.258224
0.259441
0.260712
0.262037
0.263415
0.264846
0.266330
0.267867
0.269456
0.271098
0.272793
0.274539
0.276337
0.278187
0.280088
0.282040
0.284043
0.286097
0.288202
0.290356
0.292561
0.294815
0.297118
0.299471
0.301872
0.304322
0.306820
0.309366
0.311960
0.314601
0.317289
0.320023
0.322803
0.325629
0.328501
0.331418
0.334379
0.337384
0.340433
0.343525
0.346660
0.349837
0.353056
0.356316
0.359617
0.362957
0.366337
0.369755
0.373211
0.376705
0.380235
0.383800
0.387400
0.391033
0.394699
0.398396
0.402124
0.405881
0.409665
0.413475
0.417310
0.421168
0.425046
0.428942
0.432855
0.436781
0.440717
0.444660
0.448606
0.452551
0.456488
0.460412
0.464317
0.468189
0.472022
0.475798
0.479498
0.483095
0.486547
0.489790
0.492701
0.495025
0.250000
0.250025
0.250100
0.250225
0.250400
0.250625
0.250900
0.251225
0.251600
0.252025
0.252500
0.253025
0.253600
0.254225
0.254900
0.255625
0.256400
0.257225
0.258100
0.259025
0.260000
0.261025
0.262100
0.263225
0.264400
0.265625
0.266900
0.268225
0.269600
0.271025
0.272500
0.274025
0.275600
0.277225
0.278900
0.280625
0.282400
0.284225
0.286100
0.288025
0.290000
0.292025
0.294100
0.296225
0.298400
0.300625
0.302900
0.305225
0.307600
0.310025
0.312500
0.315025
0.317600
0.320225
0.322900
0.325625
0.328400
0.331225
0.334100
0.337025
0.340000
0.343025
0.346100
0.349225
0.352400
0.355625
0.358900
0.362225
0.365600
0.369025
0.372500
0.376025
0.379600
0.383225
0.386900
0.390625
0.394400
0.398225
0.402100
0.406025
0.410000
0.414025
0.418100
0.422225
0.426400
0.430625
0.434900
0.439225
0.443600
0.448025
0.452500
0.457025
0.461600
0.466225
0.470900
0.475625
0.480400
0.485225
0.490100
0.495025
0.500000