101 101
0.000000
0.000025
0.000100
0.000225
0.000400
0.000625
0.000900
0.001225
0.001600
0.002025
0.002500
0.003025
0.003600
0.004225
0.004900
0.005625
0.006400
0.007225
0.008100
0.009025
0.010000
0.011025
0.012100
0.013225
0.014400
0.015625
0.016900
0.018225
0.019600
0.021025
0.022500
0.024025
0.025600
0.027225
0.028900
0.030625
0.032400
0.034225
0.036100
0.038025
0.040000
0.042025
0.044100
0.046225
0.048400
0.050625
0.052900
0.055225
0.057600
0.060025
0.062500
0.065025
0.067600
0.070225
0.072900
0.075625
0.078400
0.081225
0.084100
0.087025
0.090000
0.093025
0.096100
0.099225
0.102400
0.105625
0.108900
0.112225
0.115600
0.119025
0.122500
0.126025
0.129600
0.133225
0.136900
0.140625
0.144400
0.148225
0.152100
0.156025
0.160000
0.164025
0.168100
0.172225
0.176400
0.180625
0.184900
0.189225
0.193600
0.198025
0.202500
0.207025
0.211600
0.216225
0.220900
0.225625
0.230400
0.235225
0.240100
0.245025
0.250000
0.000025
0.000228
0.000428
0.000651
0.000903
0.001187
0.001512
0.001874
0.002278
0.002725
0.003214
0.003748
0.004326
0.004949
0.005617
0.006330
0.007090
0.007895
0.008747
0.009645
0.010590
0.011582
0.012622
0.013709
0.014843
0.016025
0.017254
0.018532
0.019857
0.021230
0.022651
0.024121
0.025638
0.027203
0.028817
0.030479
0.032189
0.033948
0.035756
0.037612
0.039517
0.041471
0.043473
0.045525
0.047625
0.049775
0.051973
0.054221
0.056518
0.058864
0.061260
0.063705
0.066199
0.068743
0.071336
0.073980
0.076673
0.079416
0.082208
0.085052
0.087945
0.090889
0.093883
0.096927
0.100023
0.103169
0.106367
0.109616
0.112916
0.116268
0.119671
0.123127
0.126635
0.130196
0.133810
0.137477
0.141197
0.144972
0.148802
0.152686
0.156626
0.160623
0.164676
0.168788
0.172958
0.177188
0.181479
0.185833
0.190250
0.194734
0.199285
0.203908
0.208605
0.213381
0.218240
0.223192
0.228245
0.233416
0.238730
0.244234
0.250025
0.000100
0.000428
0.000739
0.001050
0.001376
0.001720
0.002091
0.002493
0.002926
0.003396
0.003902
0.004446
0.005030
0.005653
0.006318
0.007025
0.007773
0.008564
0.009398
0.010275
0.011196
0.012162
0.013171
0.014226
0.015325
0.016470
0.017661
0.018897
0.020179
0.021507
0.022881
0.024302
0.025769
0.027283
0.028843
0.030450
0.032105
0.033806
0.035554
0.037350
0.039193
0.041084
0.043022
0.045009
0.047043
0.049126
0.051257
0.053436
0.055663
0.057939
0.060264
0.062638
0.065060
0.067532
0.070053
0.072623
0.075242
0.077912
0.080631
0.083401
0.086221
0.089092
0.092013
0.094986
0.098010
0.101085
0.104213
0.107393
0.110626
0.113912
0.117251
0.120645
0.124093
0.127596
0.131155
0.134771
0.138443
0.142174
0.145963
0.149813
0.153723
0.157696
0.161733
0.165835
0.170004
0.174243
0.178553
0.182938
0.187400
0.191943
0.196571
0.201291
0.206108
0.211031
0.216071
0.221240
0.226558
0.232050
0.237758
0.243742
0.250100
0.000225
0.000651
0.001050
0.001439
0.001829
0.002229
0.002647
0.003086
0.003551
0.004045
0.004570
0.005127
0.005719
0.006346
0.007011
0.007713
0.008454
0.009235
0.010055
0.010916
0.011818
0.012762
0.013748
0.014776
0.015848
0.016962
0.018120
0.019321
0.020567
0.021857
0.023191
0.024570
0.025994
0.027463
0.028978
0.030538
0.032143
0.033795
0.035492
0.037235
0.039025
0.040861
0.042744
0.044674
0.046651
0.048675
0.050746
0.052865
0.055031
0.057245
0.059508
0.061818
0.064177
0.066585
0.069042
0.071547
0.074102
0.076707
0.079361
0.082065
0.084820
0.087626
0.090482
0.093390
0.096351
0.099363
0.102428
0.105547
0.108720
0.111947
0.115229
0.118567
0.121961
0.125413
0.128923
0.132493
0.136123
0.139815
0.143569
0.147389
0.151274
0.155227
0.159251
0.163347
0.167518
0.171767
0.176098
0.180514
0.185020
0.189622
0.194325
0.199139
0.204071
0.209133
0.214340
0.219710
0.225267
0.231044
0.237085
0.243451
0.250225
0.000400
0.000903
0.001376
0.001829
0.002278
0.002728
0.003189
0.003665
0.004159
0.004678
0.005221
0.005794
0.006396
0.007030
0.007698
0.008400
0.009137
0.009911
0.010722
0.011571
0.012459
0.013386
0.014353
0.015361
0.016409
0.017499
0.018630
0.019803
0.021019
0.022278
0.023579
0.024924
0.026312
0.027744
0.029219
0.030739
0.032304
0.033913
0.035567
0.037265
0.039010
0.040799
0.042634
0.044516
0.046443
0.048417
0.050437
0.052503
0.054617
0.056778
0.058986
0.061242
0.063546
0.065897
0.068298
0.070747
0.073245
0.075792
0.078389
0.081036
0.083733
0.086482
0.089281
0.092133
0.095036
0.097993
0.101003
0.104067
0.107186
0.110361
0.113592
0.116881
0.120228
0.123634
0.127101
0.130630
0.134223
0.137880
0.141604
0.145397
0.149261
0.153198
0.157211
0.161303
0.165477
0.169738
0.174089
0.178537
0.183086
0.187743
0.192517
0.197418
0.202456
0.207645
0.213004
0.218552
0.224318
0.230335
0.236649
0.243314
0.250400
0.000625
0.001187
0.001720
0.002229
0.002728
0.003225
0.003725
0.004235
0.004758
0.005301
0.005865
0.006452
0.007066
0.007709
0.008382
0.009086
0.009823
0.010595
0.011401
0.012242
0.013121
0.014036
0.014990
0.015981
0.017012
0.018083
0.019193
0.020344
0.021536
0.022770
0.024045
0.025361
0.026720
0.028122
0.029566
0.031054
0.032584
0.034158
0.035776
0.037438
0.039144
0.040895
0.042690
0.044531
0.046416
0.048347
0.050324
0.052347
0.054415
0.056531
0.058693
0.060902
0.063159
0.065463
0.067814
0.070215
0.072664
0.075161
0.077709
0.080306
0.082953
0.085652
0.088401
0.091203
0.094057
0.096965
0.099927
0.102943
0.106015
0.109144
0.112330
0.115575
0.118880
0.122246
0.125675
0.129169
0.132728
0.136355
0.140052
0.143822
0.147667
0.151590
0.155595
0.159684
0.163862
0.168135
0.172506
0.176982
0.181570
0.186279
0.191117
0.196096
0.201228
0.206530
0.212021
0.217722
0.223663
0.229879
0.236410
0.243306
0.250625
0.000900
0.001512
0.002091
0.002647
0.003189
0.003725
0.004260
0.004801
0.005352
0.005918
0.006502
0.007106
0.007734
0.008387
0.009068
0.009777
0.010517
0.011288
0.012093
0.012931
0.013804
0.014712
0.015657
0.016638
0.017657
0.018714
0.019810
0.020944
0.022118
0.023333
0.024587
0.025883
0.027219
0.028597
0.030017
0.031478
0.032982
0.034529
0.036118
0.037750
0.039426
0.041145
0.042908
0.044715
0.046567
0.048463
0.050404
0.052390
0.054422
0.056499
0.058623
0.060793
0.063010
0.065274
0.067585
0.069944
0.072351
0.074807
0.077312
0.079867
0.082472
0.085127
0.087834
0.090593
0.093405
0.096270
0.099189
0.102164
0.105195
0.108284
0.111431
0.114638
0.117906
0.121237
0.124633
0.128095
0.131625
0.135225
0.138899
0.142649
0.146477
0.150388
0.154385
0.158472
0.162654
0.166936
0.171325
0.175827
0.180450
0.185203
0.190097
0.195144
0.200357
0.205755
0.211357
0.217185
0.223269
0.229642
0.236341
0.243411
0.250900
0.001225
0.001874
0.002493
0.003086
0.003665
0.004235
0.004801
0.005371
0.005947
0.006535
0.007139
0.007760
0.008402
0.009067
0.009757
0.010475
0.011220
0.011995
0.012802
0.013640
0.014511
0.015416
0.016356
0.017332
0.018344
0.019393
0.020479
0.021603
0.022765
0.023966
0.025207
0.026487
0.027807
0.029168
0.030570
0.032012
0.033496
0.035022
0.036589
0.038199
0.039851
0.041546
0.043284
0.045066
0.046890
0.048759
0.050672
0.052629
0.054632
0.056679
0.058771
0.060910
0.063094
0.065325
0.067603
0.069928
0.072301
0.074722
0.077192
0.079711
0.082280
0.084900
0.087571
0.090293
0.093069
0.095898
0.098781
0.101721
0.104717
0.107771
0.110884
0.114058
0.117294
0.120594
0.123960
0.127395
0.130899
0.134476
0.138129
0.141861
0.145675
0.149574
0.153564
0.157648
0.161833
0.166123
0.170527
0.175050
0.179702
0.184492
0.189432
0.194535
0.199816
0.205292
0.210982
0.216912
0.223107
0.229599
0.236423
0.243618
0.251225
0.001600
0.002278
0.002926
0.003551
0.004159
0.004758
0.005352
0.005947
0.006548
0.007157
0.007780
0.008418
0.009075
0.009753
0.010455
0.011181
0.011935
0.012717
0.013528
0.014370
0.015244
0.016150
0.017091
0.018065
0.019074
0.020120
0.021201
0.022320
0.023476
0.024669
0.025902
0.027173
0.028483
0.029833
0.031223
0.032653
0.034124
0.035635
0.037188
0.038782
0.040418
0.042095
0.043815
0.045578
0.047383
0.049232
0.051124
0.053060
0.055039
0.057063
0.059132
0.061246
0.063406
0.065611
0.067862
0.070161
0.072506
0.074900
0.077341
0.079832
0.082371
0.084962
0.087603
0.090295
0.093041
0.095840
0.098693
0.101602
0.104569
0.107593
0.110677
0.113823
0.117031
0.120305
0.123646
0.127056
0.130538
0.134094
0.137728
0.141444
0.145244
0.149132
0.153115
0.157196
0.161381
0.165677
0.170090
0.174629
0.179304
0.184123
0.189099
0.194246
0.199579
0.205114
0.210873
0.216878
0.223154
0.229732
0.236642
0.243919
0.251600
0.002025
0.002725
0.003396
0.004045
0.004678
0.005301
0.005918
0.006535
0.007157
0.007786
0.008427
0.009083
0.009756
0.010448
0.011163
0.011901
0.012664
0.013455
0.014274
0.015123
0.016003
0.016914
0.017859
0.018836
0.019848
0.020895
0.021977
0.023095
0.024250
0.025442
0.026672
0.027940
0.029246
0.030591
0.031975
0.033399
0.034863
0.036367
0.037911
0.039496
0.041122
0.042790
0.044498
0.046249
0.048042
0.049877
0.051755
0.053676
0.055640
0.057648
0.059700
0.061797
0.063938
0.066125
0.068357
0.070635
0.072960
0.075332
0.077752
0.080220
0.082737
0.085304
0.087921
0.090590
0.093311
0.096085
0.098914
0.101799
0.104740
0.107740
0.110800
0.113922
0.117107
0.120358
0.123676
0.127065
0.130527
0.134065
0.137682
0.141382
0.145169
0.149047
0.153021
0.157097
0.161280
0.165578
0.169997
0.174547
0.179236
0.184075
0.189077
0.194255
0.199624
0.205201
0.211007
0.217063
0.223393
0.230025
0.236986
0.244308
0.252025
0.002500
0.003214
0.003902
0.004570
0.005221
0.005865
0.006502
0.007139
0.007780
0.008427
0.009086
0.009758
0.010447
0.011155
0.011883
0.012634
0.013411
0.014213
0.015043
0.015902
0.016791
0.017711
0.018663
0.019648
0.020666
0.021719
0.022806
0.023929
0.025088
0.026284
0.027517
0.028787
0.030095
0.031441
0.032825
0.034249
0.035712
0.037214
0.038757
0.040339
0.041962
0.043625
0.045329
0.047075
0.048862
0.050690
0.052561
0.054474
0.056430
0.058428
0.060470
0.062556
0.064686
0.066860
0.069079
0.071344
0.073655
0.076012
0.078416
0.080868
0.083369
0.085918
0.088518
0.091168
0.093871
0.096626
0.099436
0.102301
0.105222
0.108202
0.111242
0.114344
0.117509
0.120740
0.124040
0.127410
0.130854
0.134375
0.137976
0.141662
0.145435
0.149302
0.153267
0.157335
0.161514
0.165809
0.170229
0.174783
0.179479
0.184330
0.189346
0.194542
0.199932
0.205534
0.211366
0.217450
0.223808
0.230465
0.237447
0.244782
0.252500
0.003025
0.003748
0.004446
0.005127
0.005794
0.006452
0.007106
0.007760
0.008418
0.009083
0.009758
0.010447
0.011152
0.011875
0.012619
0.013385
0.014175
0.014992
0.015835
0.016707
0.017608
0.018540
0.019504
0.020500
0.021529
0.022592
0.023689
0.024822
0.025990
0.027194
0.028435
0.029712
0.031027
0.032380
0.033771
0.035200
0.036668
0.038175
0.039722
0.041308
0.042933
0.044599
0.046305
0.048052
0.049839
0.051668
0.053538
0.055449
0.057403
0.059398
0.061437
0.063518
0.065643
0.067811
0.070024
0.072282
0.074584
0.076933
0.079328
0.081770
0.084259
0.086797
0.089385
0.092023
0.094712
0.097453
0.100248
0.103098
0.106004
0.108968
0.111992
0.115077
0.118226
0.121441
0.124724
0.128078
0.131506
0.135011
0.138598
0.142269
0.146029
0.149884
0.153837
0.157896
0.162066
0.166355
0.170771
0.175321
0.180017
0.184869
0.189888
0.195089
0.200485
0.206095
0.211935
0.218026
0.224387
0.231043
0.238018
0.245336
0.253025
0.003600
0.004326
0.005030
0.005719
0.006396
0.007066
0.007734
0.008402
0.009075
0.009756
0.010447
0.011152
0.011873
0.012613
0.013373
0.014155
0.014961
0.015793
0.016652
0.017540
0.018456
0.019404
0.020382
0.021393
0.022437
0.023514
0.024626
0.025772
0.026954
0.028172
0.029425
0.030716
0.032043
0.033408
0.034811
0.036251
0.037730
0.039248
0.040804
0.042399
0.044034
0.045708
0.047422
0.049176
0.050970
0.052805
0.054680
0.056597
0.058554
0.060554
0.062595
0.064678
0.066804
0.068973
0.071185
0.073441
0.075742
0.078088
0.080479
0.082916
0.085401
0.087933
0.090513
0.093143
0.095824
0.098556
0.101341
0.104180
0.107075
0.110028
0.113039
0.116111
0.119247
0.122448
0.125717
0.129057
0.132470
0.135961
0.139533
0.143190
0.146937
0.150777
0.154718
0.158764
0.162922
0.167200
0.171605
0.176146
0.180833
0.185676
0.190687
0.195880
0.201269
0.206870
0.212699
0.218776
0.225119
0.231751
0.238693
0.245968
0.253600
0.004225
0.004949
0.005653
0.006346
0.007030
0.007709
0.008387
0.009067
0.009753
0.010448
0.011155
0.011875
0.012613
0.013369
0.014146
0.014946
0.015770
0.016620
0.017497
0.018402
0.019337
0.020302
0.021299
0.022328
0.023391
0.024486
0.025616
0.026781
0.027981
0.029217
0.030488
0.031796
0.033141
0.034523
0.035943
0.037400
0.038896
0.040429
0.042001
0.043612
0.045261
0.046950
0.048677
0.050445
0.052252
0.054098
0.055985
0.057912
0.059880
0.061889
0.063938
0.066030
0.068163
0.070338
0.072556
0.074817
0.077121
0.079469
0.081862
0.084301
0.086785
0.089316
0.091895
0.094522
0.097199
0.099927
0.102706
0.105539
0.108427
0.111371
0.114373
0.117436
0.120561
0.123750
0.127007
0.130334
0.133735
0.137212
0.140770
0.144412
0.148144
0.151969
0.155894
0.159925
0.164067
0.168328
0.172717
0.177241
0.181911
0.186736
0.191729
0.196902
0.202269
0.207846
0.213647
0.219691
0.225995
0.232581
0.239466
0.246674
0.254225
0.004900
0.005617
0.006318
0.007011
0.007698
0.008382
0.009068
0.009757
0.010455
0.011163
0.011883
0.012619
0.013373
0.014146
0.014941
0.015759
0.016602
0.017472
0.018369
0.019295
0.020250
0.021237
0.022255
0.023306
0.024390
0.025508
0.026660
0.027847
0.029069
0.030328
0.031622
0.032952
0.034320
0.035724
0.037166
0.038645
0.040162
0.041717
0.043310
0.044941
0.046611
0.048320
0.050067
0.051853
0.053679
0.055543
0.057447
0.059391
0.061375
0.063399
0.065463
0.067568
0.069714
0.071901
0.074130
0.076401
0.078714
0.081071
0.083471
0.085916
0.088405
0.090941
0.093522
0.096151
0.098829
0.101556
0.104334
0.107165
0.110049
0.112988
0.115984
0.119040
0.122157
0.125337
0.128584
0.131900
0.135288
0.138752
0.142296
0.145923
0.149638
0.153447
0.157353
0.161365
0.165487
0.169727
0.174094
0.178594
0.183238
0.188037
0.193000
0.198142
0.203474
0.209011
0.214768
0.220761
0.227008
0.233526
0.240335
0.247453
0.254900
0.005625
0.006330
0.007025
0.007713
0.008400
0.009086
0.009777
0.010475
0.011181
0.011901
0.012634
0.013385
0.014155
0.014946
0.015759
0.016597
0.017460
0.018351
0.019270
0.020219
0.021198
0.022208
0.023251
0.024327
0.025436
0.026579
0.027757
0.028971
0.030220
0.031505
0.032826
0.034183
0.035578
0.037009
0.038478
0.039984
0.041528
0.043109
0.044729
0.046386
0.048082
0.049815
0.051588
0.053398
0.055248
0.057136
0.059063
0.061029
0.063034
0.065079
0.067163
0.069287
0.071451
0.073656
0.075901
0.078188
0.080516
0.082886
0.085298
0.087754
0.090253
0.092797
0.095387
0.098022
0.100705
0.103436
0.106216
0.109048
0.111931
0.114869
0.117862
0.120914
0.124025
0.127198
0.130436
0.133742
0.137119
0.140570
0.144099
0.147710
0.151407
0.155197
0.159083
0.163071
0.167169
0.171383
0.175721
0.180191
0.184802
0.189564
0.194488
0.199586
0.204870
0.210354
0.216051
0.221978
0.228149
0.234582
0.241294
0.248302
0.255625
0.006400
0.007090
0.007773
0.008454
0.009137
0.009823
0.010517
0.011220
0.011935
0.012664
0.013411
0.014175
0.014961
0.015770
0.016602
0.017460
0.018346
0.019259
0.020202
0.021175
0.022180
0.023217
0.024287
0.025390
0.026528
0.027700
0.028908
0.030152
0.031431
0.032747
0.034099
0.035488
0.036914
0.038377
0.039877
0.041415
0.042990
0.044603
0.046254
0.047943
0.049669
0.051434
0.053236
0.055077
0.056955
0.058872
0.060827
0.062821
0.064853
0.066924
0.069034
0.071182
0.073370
0.075597
0.077864
0.080171
0.082519
0.084907
0.087336
0.089808
0.092322
0.094879
0.097480
0.100126
0.102818
0.105557
0.108343
0.111179
0.114066
0.117005
0.119998
0.123047
0.126154
0.129322
0.132552
0.135849
0.139215
0.142653
0.146167
0.149761
0.153439
0.157207
0.161070
0.165033
0.169102
0.173285
0.177588
0.182020
0.186590
0.191307
0.196182
0.201226
0.206449
0.211867
0.217490
0.223334
0.229414
0.235744
0.242341
0.249221
0.256400
0.007225
0.007895
0.008564
0.009235
0.009911
0.010595
0.011288
0.011995
0.012717
0.013455
0.014213
0.014992
0.015793
0.016620
0.017472
0.018351
0.019259
0.020196
0.021165
0.022165
0.023198
0.024263
0.025363
0.026497
0.027667
0.028871
0.030112
0.031389
0.032703
0.034053
0.035440
0.036865
0.038326
0.039825
0.041362
0.042936
0.044548
0.046197
0.047884
0.049609
0.051371
0.053171
0.055009
0.056884
0.058797
0.060748
0.062737
0.064763
0.066827
0.068929
0.071069
0.073247
0.075464
0.077719
0.080012
0.082344
0.084716
0.087127
0.089579
0.092071
0.094604
0.097178
0.099796
0.102456
0.105161
0.107910
0.110706
0.113550
0.116442
0.119385
0.122380
0.125430
0.128535
0.131698
0.134923
0.138211
0.141566
0.144991
0.148489
0.152065
0.155723
0.159467
0.163303
0.167236
0.171273
0.175419
0.179682
0.184070
0.188591
0.193255
0.198070
0.203049
0.208202
0.213540
0.219076
0.224823
0.230796
0.237007
0.243473
0.250207
0.257225
0.008100
0.008747
0.009398
0.010055
0.010722
0.011401
0.012093
0.012802
0.013528
0.014274
0.015043
0.015835
0.016652
0.017497
0.018369
0.019270
0.020202
0.021165
0.022160
0.023189
0.024251
0.025348
0.026480
0.027648
0.028852
0.030092
0.031369
0.032683
0.034034
0.035423
0.036849
0.038313
0.039814
0.041354
0.042931
0.044545
0.046198
0.047888
0.049616
0.051381
0.053184
0.055024
0.056902
0.058817
0.060770
0.062759
0.064786
0.066850
0.068951
0.071090
0.073265
0.075477
0.077727
0.080014
0.082339
0.084702
0.087102
0.089541
0.092019
0.094535
0.097091
0.099688
0.102325
0.105003
0.107724
0.110488
0.113297
0.116151
0.119052
0.122002
0.125001
0.128052
0.131157
0.134318
0.137538
0.140818
0.144162
0.147574
0.151056
0.154612
0.158247
0.161966
0.165772
0.169672
0.173671
0.177776
0.181993
0.186330
0.190795
0.195397
0.200145
0.205049
0.210118
0.215365
0.220802
0.226439
0.232290
0.238368
0.244687
0.251259
0.258100
0.009025
0.009645
0.010275
0.010916
0.011571
0.012242
0.012931
0.013640
0.014370
0.015123
0.015902
0.016707
0.017540
0.018402
0.019295
0.020219
0.021175
0.022165
0.023189
0.024248
0.025342
0.026472
0.027639
0.028843
0.030083
0.031362
0.032678
0.034032
0.035425
0.036855
0.038324
0.039831
0.041376
0.042960
0.044581
0.046241
0.047938
0.049674
0.051447
0.053257
0.055105
0.056991
0.058913
0.060873
0.062869
0.064902
0.066972
0.069078
0.071221
0.073400
0.075615
0.077867
0.080155
0.082479
0.084840
0.087237
0.089670
0.092141
0.094649
0.097194
0.099777
0.102399
0.105060
0.107760
0.110501
0.113283
0.116107
0.118975
0.121887
0.124845
0.127851
0.130906
0.134012
0.137171
0.140386
0.143659
0.146993
0.150390
0.153855
0.157391
0.161002
0.164692
0.168465
0.172328
0.176286
0.180345
0.184510
0.188790
0.193192
0.197724
0.202395
0.207215
0.212192
0.217337
0.222661
0.228176
0.233893
0.239824
0.245981
0.252377
0.259025
0.010000
0.010590
0.011196
0.011818
0.012459
0.013121
0.013804
0.014511
0.015244
0.016003
0.016791
0.017608
0.018456
0.019337
0.020250
0.021198
0.022180
0.023198
0.024251
0.025342
0.026470
0.027635
0.028839
0.030081
0.031362
0.032681
0.034040
0.035437
0.036874
0.038349
0.039864
0.041418
0.043011
0.044642
0.046312
0.048021
0.049767
0.051552
0.053374
0.055235
0.057132
0.059067
0.061038
0.063047
0.065092
0.067173
0.069290
0.071443
0.073632
0.075856
0.078116
0.080411
0.082741
0.085107
0.087507
0.089943
0.092414
0.094921
0.097463
0.100041
0.102655
0.105305
0.107993
0.110719
0.113482
0.116285
0.119128
0.122012
0.124937
0.127907
0.130921
0.133981
0.137090
0.140248
0.143459
0.146725
0.150048
0.153431
0.156878
0.160391
0.163976
0.167635
0.171373
0.175196
0.179108
0.183115
0.187224
0.191441
0.195773
0.200228
0.204814
0.209540
0.214415
0.219448
0.224649
0.230029
0.235599
0.241370
0.247352
0.253558
0.260000
0.011025
0.011582
0.012162
0.012762
0.013386
0.014036
0.014712
0.015416
0.016150
0.016914
0.017711
0.018540
0.019404
0.020302
0.021237
0.022208
0.023217
0.024263
0.025348
0.026472
0.027635
0.028838
0.030081
0.031364
0.032686
0.034050
0.035453
0.036897
0.038381
0.039905
0.041469
0.043073
0.044716
0.046399
0.048121
0.049882
0.051682
0.053520
0.055396
0.057310
0.059261
0.061249
0.063274
0.065336
0.067433
0.069567
0.071736
0.073940
0.076179
0.078453
0.080761
0.083104
0.085481
0.087892
0.090336
0.092815
0.095327
0.097873
0.100454
0.103068
0.105716
0.108400
0.111118
0.113871
0.116661
0.119488
0.122351
0.125254
0.128195
0.131177
0.134201
0.137268
0.140381
0.143539
0.146747
0.150006
0.153318
0.156686
0.160114
0.163604
0.167160
0.170786
0.174486
0.178265
0.182128
0.186079
0.190126
0.194274
0.198530
0.202900
0.207394
0.212018
0.216780
0.221691
0.226760
0.231994
0.237406
0.243005
0.248800
0.254803
0.261025
0.012100
0.012622
0.013171
0.013748
0.014353
0.014990
0.015657
0.016356
0.017091
0.017859
0.018663
0.019504
0.020382
0.021299
0.022255
0.023251
0.024287
0.025363
0.026480
0.027639
0.028839
0.030081
0.031364
0.032690
0.034057
0.035467
0.036918
0.038410
0.039944
0.041520
0.043136
0.044794
0.046491
0.048229
0.050007
0.051825
0.053681
0.055576
0.057509
0.059481
0.061489
0.063535
0.065617
0.067736
0.069890
0.072080
0.074305
0.076564
0.078858
0.081185
0.083546
0.085941
0.088368
0.090828
0.093321
0.095846
0.098404
0.100993
0.103615
0.106269
0.108955
0.111674
0.114426
0.117211
0.120030
0.122882
0.125770
0.128692
0.131652
0.134649
0.137684
0.140760
0.143876
0.147036
0.150241
0.153493
0.156794
0.160147
0.163554
0.167019
0.170545
0.174136
0.177795
0.181526
0.185335
0.189227
0.193207
0.197280
0.201453
0.205733
0.210126
0.214640
0.219283
0.224063
0.228988
0.234067
0.239310
0.244725
0.250321
0.256110
0.262100
0.013225
0.013709
0.014226
0.014776
0.015361
0.015981
0.016638
0.017332
0.018065
0.018836
0.019648
0.020500
0.021393
0.022328
0.023306
0.024327
0.025390
0.026497
0.027648
0.028843
0.030081
0.031364
0.032690
0.034060
0.035474
0.036932
0.038433
0.039977
0.041564
0.043194
0.044866
0.046580
0.048335
0.050131
0.051968
0.053845
0.055762
0.057717
0.059711
0.061744
0.063814
0.065921
0.068064
0.070244
0.072459
0.074709
0.076993
0.079312
0.081664
0.084049
0.086466
0.088916
0.091398
0.093911
0.096456
0.099031
0.101637
0.104274
0.106940
0.109637
0.112365
0.115123
0.117911
0.120730
0.123580
0.126461
0.129374
0.132320
0.135299
0.138313
0.141361
0.144446
0.147568
0.150730
0.153932
0.157177
0.160467
0.163803
0.167190
0.170628
0.174122
0.177675
0.181290
0.184971
0.188723
0.192551
0.196458
0.200452
0.204537
0.208719
0.213004
0.217401
0.221916
0.226556
0.231329
0.236243
0.241307
0.246528
0.251915
0.257478
0.263225
0.014400
0.014843
0.015325
0.015848
0.016409
0.017012
0.017657
0.018344
0.019074
0.019848
0.020666
0.021529
0.022437
0.023391
0.024390
0.025436
0.026528
0.027667
0.028852
0.030083
0.031362
0.032686
0.034057
0.035474
0.036937
0.038445
0.039999
0.041597
0.043240
0.044926
0.046656
0.048429
0.050245
0.052103
0.054002
0.055942
0.057922
0.059941
0.062000
0.064097
0.066232
0.068403
0.070612
0.072856
0.075135
0.077449
0.079797
0.082178
0.084592
0.087038
0.089516
0.092025
0.094565
0.097135
0.099734
0.102363
0.105021
0.107708
0.110423
0.113166
0.115938
0.118737
0.121565
0.124420
0.127304
0.130217
0.133158
0.136129
0.139130
0.142161
0.145224
0.148319
0.151448
0.154611
0.157811
0.161050
0.164327
0.167647
0.171011
0.174422
0.177882
0.181395
0.184963
0.188591
0.192282
0.196041
0.199873
0.203782
0.207772
0.211851
0.216023
0.220296
0.224674
0.229166
0.233779
0.238519
0.243394
0.248412
0.253580
0.258907
0.264400
0.015625
0.016025
0.016470
0.016962
0.017499
0.018083
0.018714
0.019393
0.020120
0.020895
0.021719
0.022592
0.023514
0.024486
0.025508
0.026579
0.027700
0.028871
0.030092
0.031362
0.032681
0.034050
0.035467
0.036932
0.038445
0.040006
0.041614
0.043269
0.044969
0.046715
0.048506
0.050341
0.052220
0.054142
0.056106
0.058112
0.060159
0.062246
0.064372
0.066537
0.068740
0.070980
0.073256
0.075568
0.077916
0.080297
0.082712
0.085159
0.087639
0.090149
0.092691
0.095263
0.097864
0.100493
0.103152
0.105837
0.108551
0.111291
0.114057
0.116849
0.119668
0.122512
0.125381
0.128276
0.131196
0.134142
0.137113
0.140111
0.143134
0.146185
0.149264
0.152370
0.155506
0.158673
0.161871
0.165102
0.168368
0.171670
0.175011
0.178392
0.181817
0.185287
0.188806
0.192378
0.196005
0.199692
0.203443
0.207262
0.211153
0.215123
0.219175
0.223317
0.227552
0.231889
0.236333
0.240891
0.245569
0.250375
0.255314
0.260395
0.265625
0.016900
0.017254
0.017661
0.018120
0.018630
0.019193
0.019810
0.020479
0.021201
0.021977
0.022806
0.023689
0.024626
0.025616
0.026660
0.027757
0.028908
0.030112
0.031369
0.032678
0.034040
0.035453
0.036918
0.038433
0.039999
0.041614
0.043279
0.044992
0.046752
0.048560
0.050415
0.052314
0.054259
0.056248
0.058280
0.060355
0.062471
0.064628
0.066825
0.069061
0.071335
0.073647
0.075995
0.078378
0.080796
0.083248
0.085733
0.088250
0.090799
0.093377
0.095986
0.098623
0.101289
0.103982
0.106702
0.109447
0.112219
0.115015
0.117835
0.120680
0.123548
0.126439
0.129352
0.132289
0.135247
0.138228
0.141232
0.144258
0.147306
0.150378
0.153473
0.156592
0.159736
0.162906
0.166102
0.169326
0.172579
0.175863
0.179179
0.182530
0.185917
0.189344
0.192811
0.196324
0.199884
0.203495
0.207162
0.210886
0.214674
0.218528
0.222455
0.226459
0.230546
0.234721
0.238989
0.243356
0.247830
0.252414
0.257116
0.261943
0.266900
0.018225
0.018532
0.018897
0.019321
0.019803
0.020344
0.020944
0.021603
0.022320
0.023095
0.023929
0.024822
0.025772
0.026781
0.027847
0.028971
0.030152
0.031389
0.032683
0.034032
0.035437
0.036897
0.038410
0.039977
0.041597
0.043269
0.044992
0.046765
0.048588
0.050460
0.052380
0.054347
0.056360
0.058419
0.060521
0.062668
0.064856
0.067086
0.069357
0.071667
0.074015
0.076401
0.078824
0.081281
0.083774
0.086299
0.088858
0.091447
0.094067
0.096717
0.099396
0.102102
0.104835
0.107594
0.110379
0.113187
0.116020
0.118875
0.121752
0.124651
0.127571
0.130511
0.133472
0.136452
0.139451
0.142469
0.145506
0.148562
0.151637
0.154731
0.157844
0.160976
0.164129
0.167302
0.170496
0.173713
0.176954
0.180219
0.183510
0.186829
0.190177
0.193557
0.196971
0.200422
0.203912
0.207444
0.211021
0.214648
0.218326
0.222062
0.225857
0.229719
0.233650
0.237656
0.241741
0.245912
0.250172
0.254528
0.258985
0.263549
0.268225
0.019600
0.019857
0.020179
0.020567
0.021019
0.021536
0.022118
0.022765
0.023476
0.024250
0.025088
0.025990
0.026954
0.027981
0.029069
0.030220
0.031431
0.032703
0.034034
0.035425
0.036874
0.038381
0.039944
0.041564
0.043240
0.044969
0.046752
0.048588
0.050476
0.052414
0.054401
0.056438
0.058521
0.060652
0.062828
0.065048
0.067312
0.069617
0.071964
0.074351
0.076776
0.079240
0.081739
0.084274
0.086844
0.089446
0.092081
0.094746
0.097441
0.100165
0.102916
0.105694
0.108498
0.111326
0.114177
0.117052
0.119948
0.122864
0.125801
0.128757
0.131731
0.134724
0.137733
0.140758
0.143800
0.146858
0.149930
0.153018
0.156120
0.159237
0.162369
0.165515
0.168677
0.171854
0.175047
0.178256
0.181483
0.184729
0.187994
0.191279
0.194587
0.197919
0.201278
0.204664
0.208081
0.211531
0.215016
0.218540
0.222106
0.225717
0.229377
0.233090
0.236860
0.240691
0.244587
0.248554
0.252595
0.256715
0.260919
0.265212
0.269600
0.021025
0.021230
0.021507
0.021857
0.022278
0.022770
0.023333
0.023966
0.024669
0.025442
0.026284
0.027194
0.028172
0.029217
0.030328
0.031505
0.032747
0.034053
0.035423
0.036855
0.038349
0.039905
0.041520
0.043194
0.044926
0.046715
0.048560
0.050460
0.052414
0.054420
0.056477
0.058585
0.060742
0.062946
0.065198
0.067494
0.069835
0.072219
0.074645
0.077111
0.079616
0.082159
0.084739
0.087354
0.090003
0.092685
0.095398
0.098142
0.100915
0.103715
0.106542
0.109394
0.112271
0.115171
0.118092
0.121035
0.123997
0.126978
0.129976
0.132991
0.136022
0.139068
0.142128
0.145202
0.148288
0.151386
0.154495
0.157616
0.160747
0.163888
0.167040
0.170201
0.173372
0.176553
0.179745
0.182947
0.186161
0.189386
0.192624
0.195875
0.199141
0.202424
0.205724
0.209044
0.212385
0.215749
0.219139
0.222557
0.226006
0.229489
0.233008
0.236568
0.240172
0.243822
0.247524
0.251281
0.255096
0.258973
0.262918
0.266934
0.271025
0.022500
0.022651
0.022881
0.023191
0.023579
0.024045
0.024587
0.025207
0.025902
0.026672
0.027517
0.028435
0.029425
0.030488
0.031622
0.032826
0.034099
0.035440
0.036849
0.038324
0.039864
0.041469
0.043136
0.044866
0.046656
0.048506
0.050415
0.052380
0.054401
0.056477
0.058606
0.060787
0.063019
0.065300
0.067629
0.070004
0.072425
0.074889
0.077396
0.079944
0.082531
0.085157
0.087819
0.090516
0.093248
0.096011
0.098806
0.101631
0.104484
0.107363
0.110268
0.113198
0.116150
0.119124
0.122118
0.125131
0.128161
0.131208
0.134271
0.137347
0.140437
0.143539
0.146652
0.149775
0.152907
0.156047
0.159195
0.162350
0.165511
0.168678
0.171849
0.175026
0.178208
0.181393
0.184584
0.187778
0.190978
0.194182
0.197392
0.200608
0.203832
0.207063
0.210303
0.213554
0.216817
0.220093
0.223385
0.226694
0.230022
0.233373
0.236747
0.240149
0.243581
0.247046
0.250548
0.254089
0.257672
0.261301
0.264980
0.268711
0.272500
0.024025
0.024121
0.024302
0.024570
0.024924
0.025361
0.025883
0.026487
0.027173
0.027940
0.028787
0.029712
0.030716
0.031796
0.032952
0.034183
0.035488
0.036865
0.038313
0.039831
0.041418
0.043073
0.044794
0.046580
0.048429
0.050341
0.052314
0.054347
0.056438
0.058585
0.060787
0.063044
0.065352
0.067711
0.070120
0.072576
0.075078
0.077625
0.080215
0.082847
0.085519
0.088229
0.090976
0.093758
0.096574
0.099422
0.102301
0.105208
0.108144
0.111105
0.114091
0.117099
0.120130
0.123180
0.126248
0.129334
0.132435
0.135551
0.138679
0.141819
0.144970
0.148129
0.151297
0.154471
0.157650
0.160835
0.164022
0.167213
0.170405
0.173598
0.176791
0.179984
0.183176
0.186366
0.189555
0.192743
0.195928
0.199111
0.202292
0.205472
0.208651
0.211830
0.215009
0.218189
0.221371
0.224557
0.227747
0.230944
0.234148
0.237362
0.240588
0.243828
0.247085
0.250360
0.253656
0.256976
0.260322
0.263697
0.267104
0.270545
0.274025
0.025600
0.025638
0.025769
0.025994
0.026312
0.026720
0.027219
0.027807
0.028483
0.029246
0.030095
0.031027
0.032043
0.033141
0.034320
0.035578
0.036914
0.038326
0.039814
0.041376
0.043011
0.044716
0.046491
0.048335
0.050245
0.052220
0.054259
0.056360
0.058521
0.060742
0.063019
0.065352
0.067739
0.070178
0.072668
0.075207
0.077793
0.080424
0.083100
0.085817
0.088575
0.091372
0.094206
0.097075
0.099978
0.102913
0.105877
0.108871
0.111891
0.114936
0.118004
0.121094
0.124205
0.127333
0.130478
0.133639
0.136813
0.139999
0.143195
0.146401
0.149614
0.152833
0.156056
0.159283
0.162512
0.165741
0.168970
0.172197
0.175421
0.178641
0.181856
0.185066
0.188269
0.191465
0.194653
0.197832
0.201003
0.204164
0.207317
0.210459
0.213593
0.216717
0.219833
0.222941
0.226041
0.229133
0.232220
0.235301
0.238379
0.241454
0.244527
0.247602
0.250678
0.253759
0.256845
0.259940
0.263044
0.266159
0.269289
0.272435
0.275600
0.027225
0.027203
0.027283
0.027463
0.027744
0.028122
0.028597
0.029168
0.029833
0.030591
0.031441
0.032380
0.033408
0.034523
0.035724
0.037009
0.038377
0.039825
0.041354
0.042960
0.044642
0.046399
0.048229
0.050131
0.052103
0.054142
0.056248
0.058419
0.060652
0.062946
0.065300
0.067711
0.070178
0.072699
0.075272
0.077895
0.080566
0.083284
0.086047
0.088852
0.091698
0.094584
0.097507
0.100465
0.103456
0.106480
0.109532
0.112613
0.115720
0.118851
0.122004
0.125178
0.128370
0.131579
0.134803
0.138040
0.141289
0.144547
0.147813
0.151086
0.154363
0.157643
0.160924
0.164205
0.167484
0.170760
0.174031
0.177295
0.180553
0.183801
0.187039
0.190266
0.193481
0.196682
0.199869
0.203041
0.206197
0.209336
0.212458
0.215563
0.218650
0.221720
0.224771
0.227804
0.230820
0.233817
0.236798
0.239762
0.242709
0.245642
0.248560
0.251465
0.254358
0.257240
0.260113
0.262977
0.265835
0.268686
0.271534
0.274380
0.277225
0.028900
0.028817
0.028843
0.028978
0.029219
0.029566
0.030017
0.030570
0.031223
0.031975
0.032825
0.033771
0.034811
0.035943
0.037166
0.038478
0.039877
0.041362
0.042931
0.044581
0.046312
0.048121
0.050007
0.051968
0.054002
0.056106
0.058280
0.060521
0.062828
0.065198
0.067629
0.070120
0.072668
0.075272
0.077929
0.080638
0.083396
0.086202
0.089054
0.091949
0.094885
0.097861
0.100874
0.103923
0.107005
0.110119
0.113262
0.116432
0.119627
0.122846
0.126085
0.129344
0.132620
0.135912
0.139216
0.142532
0.145857
0.149189
0.152527
0.155868
0.159210
0.162553
0.165893
0.169230
0.172561
0.175884
0.179198
0.182502
0.185793
0.189070
0.192332
0.195577
0.198803
0.202010
0.205196
0.208360
0.211501
0.214618
0.217710
0.220777
0.223817
0.226830
0.229815
0.232773
0.235702
0.238603
0.241475
0.244319
0.247135
0.249922
0.252682
0.255415
0.258121
0.260801
0.263456
0.266087
0.268693
0.271277
0.273838
0.276379
0.278900
0.030625
0.030479
0.030450
0.030538
0.030739
0.031054
0.031478
0.032012
0.032653
0.033399
0.034249
0.035200
0.036251
0.037400
0.038645
0.039984
0.041415
0.042936
0.044545
0.046241
0.048021
0.049882
0.051825
0.053845
0.055942
0.058112
0.060355
0.062668
0.065048
0.067494
0.070004
0.072576
0.075207
0.077895
0.080638
0.083434
0.086281
0.089176
0.092118
0.095104
0.098132
0.101200
0.104306
0.107447
0.110621
0.113827
0.117061
0.120322
0.123608
0.126916
0.130244
0.133589
0.136951
0.140326
0.143713
0.147109
0.150511
0.153919
0.157330
0.160741
0.164151
0.167557
0.170958
0.174351
0.177735
0.181107
0.184466
0.187809
0.191135
0.194442
0.197728
0.200991
0.204230
0.207443
0.210628
0.213785
0.216911
0.220005
0.223066
0.226094
0.229086
0.232042
0.234960
0.237841
0.240683
0.243485
0.246247
0.248969
0.251650
0.254290
0.256888
0.259446
0.261963
0.264438
0.266872
0.269266
0.271618
0.273930
0.276201
0.278433
0.280625
0.032400
0.032189
0.032105
0.032143
0.032304
0.032584
0.032982
0.033496
0.034124
0.034863
0.035712
0.036668
0.037730
0.038896
0.040162
0.041528
0.042990
0.044548
0.046198
0.047938
0.049767
0.051682
0.053681
0.055762
0.057922
0.060159
0.062471
0.064856
0.067312
0.069835
0.072425
0.075078
0.077793
0.080566
0.083396
0.086281
0.089217
0.092203
0.095237
0.098315
0.101436
0.104598
0.107797
0.111032
0.114300
0.117599
0.120926
0.124280
0.127657
0.131056
0.134474
0.137908
0.141357
0.144817
0.148288
0.151765
0.155247
0.158732
0.162217
0.165699
0.169178
0.172649
0.176112
0.179563
0.183001
0.186422
0.189826
0.193210
0.196572
0.199909
0.203220
0.206502
0.209754
0.212973
0.216158
0.219307
0.222418
0.225489
0.228520
0.231507
0.234451
0.237349
0.240199
0.243002
0.245755
0.248457
0.251108
0.253706
0.256251
0.258741
0.261176
0.263557
0.265881
0.268148
0.270359
0.272512
0.274607
0.276643
0.278621
0.280540
0.282400
0.034225
0.033948
0.033806
0.033795
0.033913
0.034158
0.034529
0.035022
0.035635
0.036367
0.037214
0.038175
0.039248
0.040429
0.041717
0.043109
0.044603
0.046197
0.047888
0.049674
0.051552
0.053520
0.055576
0.057717
0.059941
0.062246
0.064628
0.067086
0.069617
0.072219
0.074889
0.077625
0.080424
0.083284
0.086202
0.089176
0.092203
0.095281
0.098407
0.101579
0.104795
0.108051
0.111345
0.114675
0.118038
0.121432
0.124854
0.128301
0.131772
0.135263
0.138772
0.142296
0.145833
0.149380
0.152935
0.156495
0.160058
0.163621
0.167181
0.170737
0.174285
0.177822
0.181348
0.184858
0.188351
0.191823
0.195273
0.198699
0.202096
0.205465
0.208801
0.212102
0.215367
0.218593
0.221778
0.224920
0.228016
0.231064
0.234063
0.237011
0.239906
0.242745
0.245527
0.248251
0.250914
0.253515
0.256053
0.258526
0.260932
0.263271
0.265541
0.267742
0.269872
0.271929
0.273913
0.275824
0.277658
0.279416
0.281097
0.282701
0.284225
0.036100
0.035756
0.035554
0.035492
0.035567
0.035776
0.036118
0.036589
0.037188
0.037911
0.038757
0.039722
0.040804
0.042001
0.043310
0.044729
0.046254
0.047884
0.049616
0.051447
0.053374
0.055396
0.057509
0.059711
0.062000
0.064372
0.066825
0.069357
0.071964
0.074645
0.077396
0.080215
0.083100
0.086047
0.089054
0.092118
0.095237
0.098407
0.101628
0.104894
0.108205
0.111556
0.114947
0.118373
0.121832
0.125322
0.128839
0.132382
0.135947
0.139531
0.143132
0.146747
0.150374
0.154009
0.157650
0.161294
0.164939
0.168581
0.172218
0.175847
0.179466
0.183071
0.186660
0.190230
0.193779
0.197303
0.200800
0.204267
0.207702
0.211102
0.214464
0.217786
0.221065
0.224298
0.227482
0.230617
0.233698
0.236723
0.239691
0.242599
0.245444
0.248224
0.250937
0.253581
0.256154
0.258653
0.261077
0.263423
0.265690
0.267876
0.269979
0.271999
0.273932
0.275777
0.277533
0.279198
0.280770
0.282247
0.283629
0.284914
0.286100
0.038025
0.037612
0.037350
0.037235
0.037265
0.037438
0.037750
0.038199
0.038782
0.039496
0.040339
0.041308
0.042399
0.043612
0.044941
0.046386
0.047943
0.049609
0.051381
0.053257
0.055235
0.057310
0.059481
0.061744
0.064097
0.066537
0.069061
0.071667
0.074351
0.077111
0.079944
0.082847
0.085817
0.088852
0.091949
0.095104
0.098315
0.101579
0.104894
0.108256
0.111663
0.115111
0.118599
0.122122
0.125678
0.129265
0.132879
0.136517
0.140177
0.143856
0.147550
0.151258
0.154975
0.158699
0.162427
0.166156
0.169884
0.173606
0.177321
0.181025
0.184715
0.188388
0.192042
0.195673
0.199278
0.202855
0.206400
0.209910
0.213383
0.216815
0.220204
0.223546
0.226838
0.230079
0.233264
0.236391
0.239458
0.242460
0.245397
0.248264
0.251059
0.253780
0.256424
0.258988
0.261469
0.263865
0.266174
0.268393
0.270520
0.272552
0.274487
0.276323
0.278058
0.279690
0.281216
0.282633
0.283940
0.285135
0.286216
0.287180
0.288025
0.040000
0.039517
0.039193
0.039025
0.039010
0.039144
0.039426
0.039851
0.040418
0.041122
0.041962
0.042933
0.044034
0.045261
0.046611
0.048082
0.049669
0.051371
0.053184
0.055105
0.057132
0.059261
0.061489
0.063814
0.066232
0.068740
0.071335
0.074015
0.076776
0.079616
0.082531
0.085519
0.088575
0.091698
0.094885
0.098132
0.101436
0.104795
0.108205
0.111663
0.115166
0.118712
0.122297
0.125918
0.129572
0.133257
0.136968
0.140703
0.144459
0.148233
0.152022
0.155822
0.159631
0.163444
0.167261
0.171076
0.174887
0.178690
0.182484
0.186263
0.190026
0.193768
0.197487
0.201180
0.204843
0.208472
0.212066
0.215620
0.219131
0.222596
0.226012
0.229375
0.232682
0.235930
0.239116
0.242237
0.245289
0.248269
0.251174
0.254001
0.256746
0.259408
0.261981
0.264465
0.266854
0.269147
0.271340
0.273431
0.275417
0.277294
0.279060
0.280712
0.282248
0.283664
0.284958
0.286127
0.287168
0.288079
0.288856
0.289497
0.290000
0.042025
0.041471
0.041084
0.040861
0.040799
0.040895
0.041145
0.041546
0.042095
0.042790
0.043625
0.044599
0.045708
0.046950
0.048320
0.049815
0.051434
0.053171
0.055024
0.056991
0.059067
0.061249
0.063535
0.065921
0.068403
0.070980
0.073647
0.076401
0.079240
0.082159
0.085157
0.088229
0.091372
0.094584
0.097861
0.101200
0.104598
0.108051
0.111556
0.115111
0.118712
0.122356
0.126039
0.129759
0.133511
0.137294
0.141103
0.144936
0.148789
0.152659
0.156542
0.160436
0.164336
0.168241
0.172146
0.176047
0.179943
0.183828
0.187701
0.191556
0.195392
0.199205
0.202990
0.206745
0.210466
0.214149
0.217792
0.221390
0.224940
0.228439
0.231882
0.235267
0.238589
0.241845
0.245032
0.248146
0.251184
0.254142
0.257016
0.259802
0.262498
0.265100
0.267604
0.270006
0.272304
0.274493
0.276571
0.278533
0.280377
0.282098
0.283694
0.285162
0.286497
0.287698
0.288759
0.289678
0.290452
0.291076
0.291549
0.291866
0.292025
0.044100
0.043473
0.043022
0.042744
0.042634
0.042690
0.042908
0.043284
0.043815
0.044498
0.045329
0.046305
0.047422
0.048677
0.050067
0.051588
0.053236
0.055009
0.056902
0.058913
0.061038
0.063274
0.065617
0.068064
0.070612
0.073256
0.075995
0.078824
0.081739
0.084739
0.087819
0.090976
0.094206
0.097507
0.100874
0.104306
0.107797
0.111345
0.114947
0.118599
0.122297
0.126039
0.129821
0.133639
0.137491
0.141372
0.145280
0.149211
0.153161
0.157127
0.161106
0.165094
0.169087
0.173083
0.177077
0.181065
0.185046
0.189014
0.192966
0.196899
0.200808
0.204691
0.208543
0.212361
0.216141
0.219879
0.223571
0.227214
0.230804
0.234336
0.237808
0.241214
0.244552
0.247817
0.251006
0.254114
0.257138
0.260073
0.262916
0.265663
0.268310
0.270852
0.273286
0.275608
0.277813
0.279899
0.281860
0.283694
0.285395
0.286961
0.288386
0.289669
0.290804
0.291787
0.292615
0.293284
0.293789
0.294127
0.294294
0.294287
0.294100
0.046225
0.045525
0.045009
0.044674
0.044516
0.044531
0.044715
0.045066
0.045578
0.046249
0.047075
0.048052
0.049176
0.050445
0.051853
0.053398
0.055077
0.056884
0.058817
0.060873
0.063047
0.065336
0.067736
0.070244
0.072856
0.075568
0.078378
0.081281
0.084274
0.087354
0.090516
0.093758
0.097075
0.100465
0.103923
0.107447
0.111032
0.114675
0.118373
0.122122
0.125918
0.129759
0.133639
0.137557
0.141508
0.145488
0.149494
0.153523
0.157571
0.161634
0.165709
0.169791
0.173877
0.177964
0.182048
0.186125
0.190190
0.194241
0.198274
0.202284
0.206268
0.210221
0.214141
0.218022
0.221861
0.225654
0.229397
0.233085
0.236715
0.240282
0.243782
0.247211
0.250565
0.253839
0.257030
0.260133
0.263143
0.266057
0.268869
0.271576
0.274174
0.276657
0.279021
0.281263
0.283377
0.285358
0.287204
0.288909
0.290468
0.291877
0.293132
0.294230
0.295164
0.295930
0.296525
0.296943
0.297179
0.297230
0.297091
0.296757
0.296225
0.048400
0.047625
0.047043
0.046651
0.046443
0.046416
0.046567
0.046890
0.047383
0.048042
0.048862
0.049839
0.050970
0.052252
0.053679
0.055248
0.056955
0.058797
0.060770
0.062869
0.065092
0.067433
0.069890
0.072459
0.075135
0.077916
0.080796
0.083774
0.086844
0.090003
0.093248
0.096574
0.099978
0.103456
0.107005
0.110621
0.114300
0.118038
0.121832
0.125678
0.129572
0.133511
0.137491
0.141508
0.145557
0.149637
0.153742
0.157870
0.162015
0.166175
0.170346
0.174523
0.178702
0.182881
0.187055
0.191219
0.195371
0.199505
0.203618
0.207706
0.211765
0.215790
0.219777
0.223722
0.227621
0.231469
0.235262
0.238996
0.242667
0.246269
0.249798
0.253250
0.256621
0.259905
0.263098
0.266196
0.269193
0.272086
0.274868
0.277536
0.280085
0.282509
0.284805
0.286966
0.288988
0.290867
0.292597
0.294173
0.295591
0.296844
0.297929
0.298841
0.299574
0.300124
0.300485
0.300652
0.300620
0.300383
0.299938
0.299279
0.298400
0.050625
0.049775
0.049126
0.048675
0.048417
0.048347
0.048463
0.048759
0.049232
0.049877
0.050690
0.051668
0.052805
0.054098
0.055543
0.057136
0.058872
0.060748
0.062759
0.064902
0.067173
0.069567
0.072080
0.074709
0.077449
0.080297
0.083248
0.086299
0.089446
0.092685
0.096011
0.099422
0.102913
0.106480
0.110119
0.113827
0.117599
0.121432
0.125322
0.129265
0.133257
0.137294
0.141372
0.145488
0.149637
0.153816
0.158020
0.162245
0.166489
0.170746
0.175012
0.179284
0.183557
0.187828
0.192091
0.196344
0.200581
0.204799
0.208993
0.213159
0.217292
0.221389
0.225444
0.229453
0.233412
0.237317
0.241161
0.244941
0.248653
0.252290
0.255849
0.259325
0.262713
0.266007
0.269204
0.272297
0.275282
0.278154
0.280907
0.283536
0.286037
0.288403
0.290630
0.292712
0.294644
0.296420
0.298035
0.299483
0.300759
0.301857
0.302772
0.303500
0.304033
0.304366
0.304494
0.304410
0.304109
0.303586
0.302835
0.301850
0.300625
0.052900
0.051973
0.051257
0.050746
0.050437
0.050324
0.050404
0.050672
0.051124
0.051755
0.052561
0.053538
0.054680
0.055985
0.057447
0.059063
0.060827
0.062737
0.064786
0.066972
0.069290
0.071736
0.074305
0.076993
0.079797
0.082712
0.085733
0.088858
0.092081
0.095398
0.098806
0.102301
0.105877
0.109532
0.113262
0.117061
0.120926
0.124854
0.128839
0.132879
0.136968
0.141103
0.145280
0.149494
0.153742
0.158020
0.162323
0.166646
0.170987
0.175341
0.179703
0.184070
0.188436
0.192798
0.197152
0.201493
0.205816
0.210117
0.214392
0.218636
0.222845
0.227013
0.231137
0.235211
0.239230
0.243190
0.247086
0.250913
0.254666
0.258340
0.261929
0.265429
0.268834
0.272139
0.275340
0.278429
0.281402
0.284254
0.286979
0.289571
0.292024
0.294333
0.296492
0.298495
0.300337
0.302011
0.303512
0.304833
0.305968
0.306912
0.307659
0.308202
0.308535
0.308653
0.308548
0.308215
0.307646
0.306837
0.305780
0.304470
0.302900
0.055225
0.054221
0.053436
0.052865
0.052503
0.052347
0.052390
0.052629
0.053060
0.053676
0.054474
0.055449
0.056597
0.057912
0.059391
0.061029
0.062821
0.064763
0.066850
0.069078
0.071443
0.073940
0.076564
0.079312
0.082178
0.085159
0.088250
0.091447
0.094746
0.098142
0.101631
0.105208
0.108871
0.112613
0.116432
0.120322
0.124280
0.128301
0.132382
0.136517
0.140703
0.144936
0.149211
0.153523
0.157870
0.162245
0.166646
0.171068
0.175506
0.179956
0.184414
0.188875
0.193334
0.197788
0.202232
0.206660
0.211069
0.215454
0.219810
0.224132
0.228416
0.232656
0.236848
0.240987
0.245067
0.249083
0.253031
0.256905
0.260700
0.264410
0.268030
0.271554
0.274978
0.278295
0.281500
0.284586
0.287548
0.290381
0.293078
0.295633
0.298039
0.300292
0.302384
0.304310
0.306063
0.307636
0.309024
0.310219
0.311215
0.312006
0.312584
0.312945
0.313079
0.312982
0.312646
0.312064
0.311229
0.310134
0.308774
0.307139
0.305225
0.057600
0.056518
0.055663
0.055031
0.054617
0.054415
0.054422
0.054632
0.055039
0.055640
0.056430
0.057403
0.058554
0.059880
0.061375
0.063034
0.064853
0.066827
0.068951
0.071221
0.073632
0.076179
0.078858
0.081664
0.084592
0.087639
0.090799
0.094067
0.097441
0.100915
0.104484
0.108144
0.111891
0.115720
0.119627
0.123608
0.127657
0.131772
0.135947
0.140177
0.144459
0.148789
0.153161
0.157571
0.162015
0.166489
0.170987
0.175506
0.180041
0.184587
0.189140
0.193694
0.198247
0.202792
0.207325
0.211841
0.216335
0.220804
0.225240
0.229641
0.233999
0.238311
0.242572
0.246775
0.250916
0.254989
0.258989
0.262910
0.266747
0.270494
0.274145
0.277695
0.281138
0.284467
0.287677
0.290761
0.293713
0.296527
0.299197
0.301716
0.304077
0.306275
0.308302
0.310151
0.311816
0.313290
0.314565
0.315636
0.316494
0.317133
0.317545
0.317724
0.317662
0.317352
0.316786
0.315956
0.314856
0.313478
0.311814
0.309857
0.307600
0.060025
0.058864
0.057939
0.057245
0.056778
0.056531
0.056499
0.056679
0.057063
0.057648
0.058428
0.059398
0.060554
0.061889
0.063399
0.065079
0.066924
0.068929
0.071090
0.073400
0.075856
0.078453
0.081185
0.084049
0.087038
0.090149
0.093377
0.096717
0.100165
0.103715
0.107363
0.111105
0.114936
0.118851
0.122846
0.126916
0.131056
0.135263
0.139531
0.143856
0.148233
0.152659
0.157127
0.161634
0.166175
0.170746
0.175341
0.179956
0.184587
0.189228
0.193875
0.198523
0.203168
0.207803
0.212425
0.217029
0.221608
0.226160
0.230677
0.235155
0.239588
0.243972
0.248301
0.252569
0.256771
0.260901
0.264953
0.268922
0.272801
0.276585
0.280268
0.283844
0.287306
0.290648
0.293864
0.296946
0.299889
0.302686
0.305330
0.307815
0.310132
0.312275
0.314238
0.316012
0.317591
0.318966
0.320132
0.321079
0.321801
0.322289
0.322537
0.322536
0.322279
0.321758
0.320964
0.319889
0.318525
0.316865
0.314901
0.312623
0.310025
0.062500
0.061260
0.060264
0.059508
0.058986
0.058693
0.058623
0.058771
0.059132
0.059700
0.060470
0.061437
0.062595
0.063938
0.065463
0.067163
0.069034
0.071069
0.073265
0.075615
0.078116
0.080761
0.083546
0.086466
0.089516
0.092691
0.095986
0.099396
0.102916
0.106542
0.110268
0.114091
0.118004
0.122004
0.126085
0.130244
0.134474
0.138772
0.143132
0.147550
0.152022
0.156542
0.161106
0.165709
0.170346
0.175012
0.179703
0.184414
0.189140
0.193875
0.198616
0.203356
0.208092
0.212818
0.217528
0.222218
0.226882
0.231516
0.236113
0.240668
0.245177
0.249632
0.254029
0.258362
0.262624
0.266811
0.270916
0.274932
0.278855
0.282677
0.286392
0.289994
0.293476
0.296832
0.300054
0.303136
0.306071
0.308852
0.311471
0.313922
0.316196
0.318287
0.320187
0.321888
0.323382
0.324661
0.325718
0.326544
0.327131
0.327471
0.327556
0.327378
0.326928
0.326198
0.325178
0.323860
0.322235
0.320296
0.318033
0.315437
0.312500
0.065025
0.063705
0.062638
0.061818
0.061242
0.060902
0.060793
0.060910
0.061246
0.061797
0.062556
0.063518
0.064678
0.066030
0.067568
0.069287
0.071182
0.073247
0.075477
0.077867
0.080411
0.083104
0.085941
0.088916
0.092025
0.095263
0.098623
0.102102
0.105694
0.109394
0.113198
0.117099
0.121094
0.125178
0.129344
0.133589
0.137908
0.142296
0.146747
0.151258
0.155822
0.160436
0.165094
0.169791
0.174523
0.179284
0.184070
0.188875
0.193694
0.198523
0.203356
0.208189
0.213015
0.217829
0.222627
0.227403
0.232151
0.236867
0.241543
0.246176
0.250758
0.255285
0.259749
0.264147
0.268470
0.272713
0.276871
0.280935
0.284901
0.288761
0.292509
0.296138
0.299641
0.303011
0.306240
0.309323
0.312251
0.315017
0.317613
0.320031
0.322264
0.324304
0.326143
0.327772
0.329183
0.330368
0.331318
0.332026
0.332481
0.332675
0.332600
0.332247
0.331606
0.330669
0.329426
0.327867
0.325985
0.323768
0.321209
0.318298
0.315025
0.067600
0.066199
0.065060
0.064177
0.063546
0.063159
0.063010
0.063094
0.063406
0.063938
0.064686
0.065643
0.066804
0.068163
0.069714
0.071451
0.073370
0.075464
0.077727
0.080155
0.082741
0.085481
0.088368
0.091398
0.094565
0.097864
0.101289
0.104835
0.108498
0.112271
0.116150
0.120130
0.124205
0.128370
0.132620
0.136951
0.141357
0.145833
0.150374
0.154975
0.159631
0.164336
0.169087
0.173877
0.178702
0.183557
0.188436
0.193334
0.198247
0.203168
0.208092
0.213015
0.217930
0.222833
0.227717
0.232578
0.237409
0.242206
0.246961
0.251670
0.256326
0.260923
0.265455
0.269916
0.274300
0.278601
0.282810
0.286923
0.290932
0.294831
0.298612
0.302268
0.305792
0.309177
0.312416
0.315500
0.318422
0.321174
0.323748
0.326136
0.328329
0.330320
0.332099
0.333659
0.334989
0.336082
0.336928
0.337519
0.337844
0.337895
0.337663
0.337137
0.336309
0.335168
0.333705
0.331909
0.329771
0.327281
0.324430
0.321206
0.317600
0.070225
0.068743
0.067532
0.066585
0.065897
0.065463
0.065274
0.065325
0.065611
0.066125
0.066860
0.067811
0.068973
0.070338
0.071901
0.073656
0.075597
0.077719
0.080014
0.082479
0.085107
0.087892
0.090828
0.093911
0.097135
0.100493
0.103982
0.107594
0.111326
0.115171
0.119124
0.123180
0.127333
0.131579
0.135912
0.140326
0.144817
0.149380
0.154009
0.158699
0.163444
0.168241
0.173083
0.177964
0.182881
0.187828
0.192798
0.197788
0.202792
0.207803
0.212818
0.217829
0.222833
0.227822
0.232792
0.237737
0.242650
0.247526
0.252360
0.257144
0.261873
0.266540
0.271139
0.275665
0.280109
0.284465
0.288728
0.292889
0.296941
0.300878
0.304693
0.308377
0.311924
0.315325
0.318573
0.321660
0.324577
0.327316
0.329870
0.332229
0.334385
0.336328
0.338050
0.339542
0.340794
0.341798
0.342543
0.343019
0.343218
0.343128
0.342741
0.342047
0.341034
0.339693
0.338013
0.335983
0.333593
0.330833
0.327692
0.324160
0.320225
0.072900
0.071336
0.070053
0.069042
0.068298
0.067814
0.067585
0.067603
0.067862
0.068357
0.069079
0.070024
0.071185
0.072556
0.074130
0.075901
0.077864
0.080012
0.082339
0.084840
0.087507
0.090336
0.093321
0.096456
0.099734
0.103152
0.106702
0.110379
0.114177
0.118092
0.122118
0.126248
0.130478
0.134803
0.139216
0.143713
0.148288
0.152935
0.157650
0.162427
0.167261
0.172146
0.177077
0.182048
0.187055
0.192091
0.197152
0.202232
0.207325
0.212425
0.217528
0.222627
0.227717
0.232792
0.237846
0.242873
0.247867
0.252823
0.257733
0.262592
0.267393
0.272129
0.276795
0.281384
0.285888
0.290301
0.294615
0.298824
0.302921
0.306897
0.310746
0.314458
0.318028
0.321446
0.324704
0.327795
0.330709
0.333437
0.335972
0.338304
0.340424
0.342322
0.343989
0.345416
0.346593
0.347509
0.348155
0.348521
0.348596
0.348369
0.347831
0.346971
0.345777
0.344240
0.342346
0.340087
0.337449
0.334423
0.330997
0.327160
0.322900
0.075625
0.073980
0.072623
0.071547
0.070747
0.070215
0.069944
0.069928
0.070161
0.070635
0.071344
0.072282
0.073441
0.074817
0.076401
0.078188
0.080171
0.082344
0.084702
0.087237
0.089943
0.092815
0.095846
0.099031
0.102363
0.105837
0.109447
0.113187
0.117052
0.121035
0.125131
0.129334
0.133639
0.138040
0.142532
0.147109
0.151765
0.156495
0.161294
0.166156
0.171076
0.176047
0.181065
0.186125
0.191219
0.196344
0.201493
0.206660
0.211841
0.217029
0.222218
0.227403
0.232578
0.237737
0.242873
0.247981
0.253055
0.258088
0.263074
0.268006
0.272878
0.277684
0.282415
0.287067
0.291630
0.296099
0.300466
0.304723
0.308863
0.312879
0.316762
0.320504
0.324097
0.327533
0.330803
0.333898
0.336810
0.339529
0.342047
0.344354
0.346440
0.348295
0.349910
0.351275
0.352378
0.353211
0.353761
0.354019
0.353974
0.353614
0.352928
0.351906
0.350536
0.348805
0.346703
0.344218
0.341337
0.338049
0.334343
0.330205
0.325625
0.078400
0.076673
0.075242
0.074102
0.073245
0.072664
0.072351
0.072301
0.072506
0.072960
0.073655
0.074584
0.075742
0.077121
0.078714
0.080516
0.082519
0.084716
0.087102
0.089670
0.092414
0.095327
0.098404
0.101637
0.105021
0.108551
0.112219
0.116020
0.119948
0.123997
0.128161
0.132435
0.136813
0.141289
0.145857
0.150511
0.155247
0.160058
0.164939
0.169884
0.174887
0.179943
0.185046
0.190190
0.195371
0.200581
0.205816
0.211069
0.216335
0.221608
0.226882
0.232151
0.237409
0.242650
0.247867
0.253055
0.258207
0.263316
0.268376
0.273381
0.278323
0.283196
0.287993
0.292706
0.297328
0.301853
0.306271
0.310577
0.314761
0.318816
0.322733
0.326505
0.330123
0.333577
0.336860
0.339962
0.342873
0.345585
0.348088
0.350371
0.352425
0.354240
0.355806
0.357111
0.358144
0.358896
0.359355
0.359508
0.359346
0.358857
0.358028
0.356848
0.355305
0.353387
0.351081
0.348374
0.345255
0.341710
0.337728
0.333296
0.328400
0.081225
0.079416
0.077912
0.076707
0.075792
0.075161
0.074807
0.074722
0.074900
0.075332
0.076012
0.076933
0.078088
0.079469
0.081071
0.082886
0.084907
0.087127
0.089541
0.092141
0.094921
0.097873
0.100993
0.104274
0.107708
0.111291
0.115015
0.118875
0.122864
0.126978
0.131208
0.135551
0.139999
0.144547
0.149189
0.153919
0.158732
0.163621
0.168581
0.173606
0.178690
0.183828
0.189014
0.194241
0.199505
0.204799
0.210117
0.215454
0.220804
0.226160
0.231516
0.236867
0.242206
0.247526
0.252823
0.258088
0.263316
0.268500
0.273633
0.278709
0.283720
0.288659
0.293520
0.298294
0.302975
0.307554
0.312024
0.316378
0.320606
0.324700
0.328653
0.332455
0.336098
0.339572
0.342868
0.345978
0.348890
0.351596
0.354086
0.356348
0.358374
0.360151
0.361669
0.362918
0.363885
0.364559
0.364929
0.364983
0.364709
0.364094
0.363126
0.361793
0.360083
0.357981
0.355476
0.352553
0.349201
0.345405
0.341152
0.336430
0.331225
0.084100
0.082208
0.080631
0.079361
0.078389
0.077709
0.077312
0.077192
0.077341
0.077752
0.078416
0.079328
0.080479
0.081862
0.083471
0.085298
0.087336
0.089579
0.092019
0.094649
0.097463
0.100454
0.103615
0.106940
0.110423
0.114057
0.117835
0.121752
0.125801
0.129976
0.134271
0.138679
0.143195
0.147813
0.152527
0.157330
0.162217
0.167181
0.172218
0.177321
0.182484
0.187701
0.192966
0.198274
0.203618
0.208993
0.214392
0.219810
0.225240
0.230677
0.236113
0.241543
0.246961
0.252360
0.257733
0.263074
0.268376
0.273633
0.278838
0.283983
0.289061
0.294066
0.298989
0.303824
0.308562
0.313196
0.317717
0.322118
0.326390
0.330524
0.334512
0.338345
0.342014
0.345509
0.348820
0.351939
0.354854
0.357556
0.360034
0.362278
0.364277
0.366019
0.367494
0.368689
0.369593
0.370194
0.370480
0.370438
0.370055
0.369319
0.368217
0.366737
0.364864
0.362585
0.359885
0.356752
0.353172
0.349131
0.344615
0.339609
0.334100
0.087025
0.085052
0.083401
0.082065
0.081036
0.080306
0.079867
0.079711
0.079832
0.080220
0.080868
0.081770
0.082916
0.084301
0.085916
0.087754
0.089808
0.092071
0.094535
0.097194
0.100041
0.103068
0.106269
0.109637
0.113166
0.116849
0.120680
0.124651
0.128757
0.132991
0.137347
0.141819
0.146401
0.151086
0.155868
0.160741
0.165699
0.170737
0.175847
0.181025
0.186263
0.191556
0.196899
0.202284
0.207706
0.213159
0.218636
0.224132
0.229641
0.235155
0.240668
0.246176
0.251670
0.257144
0.262592
0.268006
0.273381
0.278709
0.283983
0.289196
0.294340
0.299409
0.304394
0.309287
0.314082
0.318769
0.323341
0.327789
0.332105
0.336279
0.340303
0.344167
0.347862
0.351379
0.354707
0.357836
0.360756
0.363456
0.365925
0.368153
0.370128
0.371838
0.373272
0.374418
0.375263
0.375794
0.376000
0.375866
0.375380
0.374529
0.373298
0.371675
0.369645
0.367194
0.364306
0.360969
0.357168
0.352888
0.348114
0.342831
0.337025
0.090000
0.087945
0.086221
0.084820
0.083733
0.082953
0.082472
0.082280
0.082371
0.082737
0.083369
0.084259
0.085401
0.086785
0.088405
0.090253
0.092322
0.094604
0.097091
0.099777
0.102655
0.105716
0.108955
0.112365
0.115938
0.119668
0.123548
0.127571
0.131731
0.136022
0.140437
0.144970
0.149614
0.154363
0.159210
0.164151
0.169178
0.174285
0.179466
0.184715
0.190026
0.195392
0.200808
0.206268
0.211765
0.217292
0.222845
0.228416
0.233999
0.239588
0.245177
0.250758
0.256326
0.261873
0.267393
0.272878
0.278323
0.283720
0.289061
0.294340
0.299549
0.304679
0.309725
0.314676
0.319526
0.324267
0.328889
0.333384
0.337743
0.341957
0.346017
0.349913
0.353635
0.357174
0.360520
0.363661
0.366587
0.369287
0.371750
0.373965
0.375919
0.377600
0.378997
0.380097
0.380886
0.381353
0.381483
0.381262
0.380678
0.379716
0.378362
0.376603
0.374422
0.371805
0.368736
0.365201
0.361186
0.356673
0.351648
0.346096
0.340000
0.093025
0.090889
0.089092
0.087626
0.086482
0.085652
0.085127
0.084900
0.084962
0.085304
0.085918
0.086797
0.087933
0.089316
0.090941
0.092797
0.094879
0.097178
0.099688
0.102399
0.105305
0.108400
0.111674
0.115123
0.118737
0.122512
0.126439
0.130511
0.134724
0.139068
0.143539
0.148129
0.152833
0.157643
0.162553
0.167557
0.172649
0.177822
0.183071
0.188388
0.193768
0.199205
0.204691
0.210221
0.215790
0.221389
0.227013
0.232656
0.238311
0.243972
0.249632
0.255285
0.260923
0.266540
0.272129
0.277684
0.283196
0.288659
0.294066
0.299409
0.304679
0.309871
0.314975
0.319983
0.324887
0.329680
0.334351
0.338892
0.343294
0.347548
0.351644
0.355573
0.359323
0.362886
0.366250
0.369405
0.372339
0.375042
0.377501
0.379705
0.381641
0.383297
0.384661
0.385718
0.386457
0.386863
0.386922
0.386620
0.385944
0.384877
0.383406
0.381515
0.379190
0.376414
0.373171
0.369446
0.365223
0.360485
0.355217
0.349403
0.343025
0.096100
0.093883
0.092013
0.090482
0.089281
0.088401
0.087834
0.087571
0.087603
0.087921
0.088518
0.089385
0.090513
0.091895
0.093522
0.095387
0.097480
0.099796
0.102325
0.105060
0.107993
0.111118
0.114426
0.117911
0.121565
0.125381
0.129352
0.133472
0.137733
0.142128
0.146652
0.151297
0.156056
0.160924
0.165893
0.170958
0.176112
0.181348
0.186660
0.192042
0.197487
0.202990
0.208543
0.214141
0.219777
0.225444
0.231137
0.236848
0.242572
0.248301
0.254029
0.259749
0.265455
0.271139
0.276795
0.282415
0.287993
0.293520
0.298989
0.304394
0.309725
0.314975
0.320136
0.325199
0.330157
0.335000
0.339719
0.344306
0.348751
0.353045
0.357177
0.361138
0.364918
0.368505
0.371889
0.375059
0.378004
0.380711
0.383169
0.385365
0.387286
0.388921
0.390255
0.391275
0.391967
0.392317
0.392311
0.391934
0.391170
0.390005
0.388422
0.386408
0.383946
0.381017
0.377608
0.373700
0.369277
0.364323
0.358820
0.352751
0.346100
0.099225
0.096927
0.094986
0.093390
0.092133
0.091203
0.090593
0.090293
0.090295
0.090590
0.091168
0.092023
0.093143
0.094522
0.096151
0.098022
0.100126
0.102456
0.105003
0.107760
0.110719
0.113871
0.117211
0.120730
0.124420
0.128276
0.132289
0.136452
0.140758
0.145202
0.149775
0.154471
0.159283
0.164205
0.169230
0.174351
0.179563
0.184858
0.190230
0.195673
0.201180
0.206745
0.212361
0.218022
0.223722
0.229453
0.235211
0.240987
0.246775
0.252569
0.258362
0.264147
0.269916
0.275665
0.281384
0.287067
0.292706
0.298294
0.303824
0.309287
0.314676
0.319983
0.325199
0.330316
0.335325
0.340218
0.344985
0.349617
0.354104
0.358437
0.362606
0.366601
0.370410
0.374023
0.377428
0.380615
0.383572
0.386286
0.388745
0.390936
0.392846
0.394463
0.395772
0.396758
0.397409
0.397709
0.397643
0.397195
0.396351
0.395094
0.393407
0.391277
0.388684
0.385611
0.382042
0.377960
0.373346
0.368184
0.362455
0.356141
0.349225
0.102400
0.100023
0.098010
0.096351
0.095036
0.094057
0.093405
0.093069
0.093041
0.093311
0.093871
0.094712
0.095824
0.097199
0.098829
0.100705
0.102818
0.105161
0.107724
0.110501
0.113482
0.116661
0.120030
0.123580
0.127304
0.131196
0.135247
0.139451
0.143800
0.148288
0.152907
0.157650
0.162512
0.167484
0.172561
0.177735
0.183001
0.188351
0.193779
0.199278
0.204843
0.210466
0.216141
0.221861
0.227621
0.233412
0.239230
0.245067
0.250916
0.256771
0.262624
0.268470
0.274300
0.280109
0.285888
0.291630
0.297328
0.302975
0.308562
0.314082
0.319526
0.324887
0.330157
0.335325
0.340384
0.345325
0.350139
0.354815
0.359344
0.363717
0.367922
0.371950
0.375789
0.379428
0.382857
0.386063
0.389033
0.391756
0.394219
0.396409
0.398312
0.399915
0.401202
0.402161
0.402775
0.403030
0.402909
0.402398
0.401480
0.400137
0.398355
0.396115
0.393400
0.390191
0.386472
0.382224
0.377428
0.372066
0.366120
0.359571
0.352400
0.105625
0.103169
0.101085
0.099363
0.097993
0.096965
0.096270
0.095898
0.095840
0.096085
0.096626
0.097453
0.098556
0.099927
0.101556
0.103436
0.105557
0.107910
0.110488
0.113283
0.116285
0.119488
0.122882
0.126461
0.130217
0.134142
0.138228
0.142469
0.146858
0.151386
0.156047
0.160835
0.165741
0.170760
0.175884
0.181107
0.186422
0.191823
0.197303
0.202855
0.208472
0.214149
0.219879
0.225654
0.231469
0.237317
0.243190
0.249083
0.254989
0.260901
0.266811
0.272713
0.278601
0.284465
0.290301
0.296099
0.301853
0.307554
0.313196
0.318769
0.324267
0.329680
0.335000
0.340218
0.345325
0.350313
0.355171
0.359891
0.364461
0.368873
0.373114
0.377176
0.381046
0.384713
0.388166
0.391392
0.394379
0.397114
0.399584
0.401775
0.403674
0.405267
0.406538
0.407473
0.408056
0.408272
0.408103
0.407535
0.406550
0.405130
0.403258
0.400917
0.398089
0.394753
0.390892
0.386487
0.381519
0.375968
0.369815
0.363041
0.355625
0.108900
0.106367
0.104213
0.102428
0.101003
0.099927
0.099189
0.098781
0.098693
0.098914
0.099436
0.100248
0.101341
0.102706
0.104334
0.106216
0.108343
0.110706
0.113297
0.116107
0.119128
0.122351
0.125770
0.129374
0.133158
0.137113
0.141232
0.145506
0.149930
0.154495
0.159195
0.164022
0.168970
0.174031
0.179198
0.184466
0.189826
0.195273
0.200800
0.206400
0.212066
0.217792
0.223571
0.229397
0.235262
0.241161
0.247086
0.253031
0.258989
0.264953
0.270916
0.276871
0.282810
0.288728
0.294615
0.300466
0.306271
0.312024
0.317717
0.323341
0.328889
0.334351
0.339719
0.344985
0.350139
0.355171
0.360073
0.364835
0.369446
0.373896
0.378174
0.382269
0.386171
0.389867
0.393345
0.396593
0.399598
0.402347
0.404827
0.407024
0.408923
0.410510
0.411770
0.412686
0.413244
0.413426
0.413217
0.412599
0.411554
0.410064
0.408112
0.405679
0.402745
0.399292
0.395299
0.390748
0.385617
0.379888
0.373539
0.366550
0.358900
0.112225
0.109616
0.107393
0.105547
0.104067
0.102943
0.102164
0.101721
0.101602
0.101799
0.102301
0.103098
0.104180
0.105539
0.107165
0.109048
0.111179
0.113550
0.116151
0.118975
0.122012
0.125254
0.128692
0.132320
0.136129
0.140111
0.144258
0.148562
0.153018
0.157616
0.162350
0.167213
0.172197
0.177295
0.182502
0.187809
0.193210
0.198699
0.204267
0.209910
0.215620
0.221390
0.227214
0.233085
0.238996
0.244941
0.250913
0.256905
0.262910
0.268922
0.274932
0.280935
0.286923
0.292889
0.298824
0.304723
0.310577
0.316378
0.322118
0.327789
0.333384
0.338892
0.344306
0.349617
0.354815
0.359891
0.364835
0.369637
0.374288
0.378775
0.383090
0.387219
0.391153
0.394878
0.398383
0.401655
0.404681
0.407447
0.409940
0.412146
0.414049
0.415635
0.416887
0.417791
0.418330
0.418486
0.418242
0.417581
0.416484
0.414933
0.412909
0.410393
0.407364
0.403803
0.399689
0.395002
0.389720
0.383823
0.377289
0.370097
0.362225
0.115600
0.112916
0.110626
0.108720
0.107186
0.106015
0.105195
0.104717
0.104569
0.104740
0.105222
0.106004
0.107075
0.108427
0.110049
0.111931
0.114066
0.116442
0.119052
0.121887
0.124937
0.128195
0.131652
0.135299
0.139130
0.143134
0.147306
0.151637
0.156120
0.160747
0.165511
0.170405
0.175421
0.180553
0.185793
0.191135
0.196572
0.202096
0.207702
0.213383
0.219131
0.224940
0.230804
0.236715
0.242667
0.248653
0.254666
0.260700
0.266747
0.272801
0.278855
0.284901
0.290932
0.296941
0.302921
0.308863
0.314761
0.320606
0.326390
0.332105
0.337743
0.343294
0.348751
0.354104
0.359344
0.364461
0.369446
0.374288
0.378976
0.383501
0.387851
0.392015
0.395981
0.399737
0.403270
0.406567
0.409616
0.412402
0.414911
0.417129
0.419041
0.420630
0.421881
0.422778
0.423303
0.423440
0.423169
0.422473
0.421333
0.419729
0.417642
0.415053
0.411940
0.408281
0.404057
0.399245
0.393823
0.387770
0.381064
0.373681
0.365600
0.119025
0.116268
0.113912
0.111947
0.110361
0.109144
0.108284
0.107771
0.107593
0.107740
0.108202
0.108968
0.110028
0.111371
0.112988
0.114869
0.117005
0.119385
0.122002
0.124845
0.127907
0.131177
0.134649
0.138313
0.142161
0.146185
0.150378
0.154731
0.159237
0.163888
0.168678
0.173598
0.178641
0.183801
0.189070
0.194442
0.199909
0.205465
0.211102
0.216815
0.222596
0.228439
0.234336
0.240282
0.246269
0.252290
0.258340
0.264410
0.270494
0.276585
0.282677
0.288761
0.294831
0.300878
0.306897
0.312879
0.318816
0.324700
0.330524
0.336279
0.341957
0.347548
0.353045
0.358437
0.363717
0.368873
0.373896
0.378775
0.383501
0.388063
0.392448
0.396646
0.400645
0.404432
0.407994
0.411319
0.414393
0.417201
0.419730
0.421964
0.423888
0.425486
0.426741
0.427637
0.428156
0.428279
0.427989
0.427267
0.426092
0.424445
0.422305
0.419653
0.416466
0.412721
0.408398
0.403473
0.397924
0.391728
0.384862
0.377302
0.369025
0.122500
0.119671
0.117251
0.115229
0.113592
0.112330
0.111431
0.110884
0.110677
0.110800
0.111242
0.111992
0.113039
0.114373
0.115984
0.117862
0.119998
0.122380
0.125001
0.127851
0.130921
0.134201
0.137684
0.141361
0.145224
0.149264
0.153473
0.157844
0.162369
0.167040
0.171849
0.176791
0.181856
0.187039
0.192332
0.197728
0.203220
0.208801
0.214464
0.220204
0.226012
0.231882
0.237808
0.243782
0.249798
0.255849
0.261929
0.268030
0.274145
0.280268
0.286392
0.292509
0.298612
0.304693
0.310746
0.316762
0.322733
0.328653
0.334512
0.340303
0.346017
0.351644
0.357177
0.362606
0.367922
0.373114
0.378174
0.383090
0.387851
0.392448
0.396868
0.401100
0.405132
0.408951
0.412544
0.415898
0.418999
0.421833
0.424385
0.426639
0.428580
0.430191
0.431456
0.432357
0.432876
0.432994
0.432693
0.431952
0.430752
0.429072
0.426890
0.424186
0.420936
0.417117
0.412707
0.407683
0.402020
0.395695
0.388682
0.380959
0.372500
0.126025
0.123127
0.120645
0.118567
0.116881
0.115575
0.114638
0.114058
0.113823
0.113922
0.114344
0.115077
0.116111
0.117436
0.119040
0.120914
0.123047
0.125430
0.128052
0.130906
0.133981
0.137268
0.140760
0.144446
0.148319
0.152370
0.156592
0.160976
0.165515
0.170201
0.175026
0.179984
0.185066
0.190266
0.195577
0.200991
0.206502
0.212102
0.217786
0.223546
0.229375
0.235267
0.241214
0.247211
0.253250
0.259325
0.265429
0.271554
0.277695
0.283844
0.289994
0.296138
0.302268
0.308377
0.314458
0.320504
0.326505
0.332455
0.338345
0.344167
0.349913
0.355573
0.361138
0.366601
0.371950
0.377176
0.382269
0.387219
0.392015
0.396646
0.401100
0.405366
0.409431
0.413282
0.416907
0.420292
0.423423
0.426285
0.428863
0.431141
0.433104
0.434734
0.436014
0.436927
0.437453
0.437574
0.437270
0.436521
0.435305
0.433601
0.431388
0.428643
0.425343
0.421463
0.416980
0.411869
0.406106
0.399666
0.392523
0.384651
0.376025
0.129600
0.126635
0.124093
0.121961
0.120228
0.118880
0.117906
0.117294
0.117031
0.117107
0.117509
0.118226
0.119247
0.120561
0.122157
0.124025
0.126154
0.128535
0.131157
0.134012
0.137090
0.140381
0.143876
0.147568
0.151448
0.155506
0.159736
0.164129
0.168677
0.173372
0.178208
0.183176
0.188269
0.193481
0.198803
0.204230
0.209754
0.215367
0.221065
0.226838
0.232682
0.238589
0.244552
0.250565
0.256621
0.262713
0.268834
0.274978
0.281138
0.287306
0.293476
0.299641
0.305792
0.311924
0.318028
0.324097
0.330123
0.336098
0.342014
0.347862
0.353635
0.359323
0.364918
0.370410
0.375789
0.381046
0.386171
0.391153
0.395981
0.400645
0.405132
0.409431
0.413529
0.417414
0.421072
0.424489
0.427651
0.430544
0.433152
0.435458
0.437447
0.439102
0.440404
0.441335
0.441876
0.442008
0.441710
0.440961
0.439740
0.438024
0.435791
0.433018
0.429680
0.425753
0.421210
0.416028
0.410180
0.403640
0.396381
0.388376
0.379600
0.133225
0.130196
0.127596
0.125413
0.123634
0.122246
0.121237
0.120594
0.120305
0.120358
0.120740
0.121441
0.122448
0.123750
0.125337
0.127198
0.129322
0.131698
0.134318
0.137171
0.140248
0.143539
0.147036
0.150730
0.154611
0.158673
0.162906
0.167302
0.171854
0.176553
0.181393
0.186366
0.191465
0.196682
0.202010
0.207443
0.212973
0.218593
0.224298
0.230079
0.235930
0.241845
0.247817
0.253839
0.259905
0.266007
0.272139
0.278295
0.284467
0.290648
0.296832
0.303011
0.309177
0.315325
0.321446
0.327533
0.333577
0.339572
0.345509
0.351379
0.357174
0.362886
0.368505
0.374023
0.379428
0.384713
0.389867
0.394878
0.399737
0.404432
0.408951
0.413282
0.417414
0.421332
0.425024
0.428475
0.431672
0.434598
0.437239
0.439578
0.441598
0.443282
0.444612
0.445569
0.446133
0.446284
0.446001
0.445263
0.444048
0.442331
0.440091
0.437303
0.433941
0.429979
0.425392
0.420154
0.414236
0.407612
0.400255
0.392135
0.383225
0.136900
0.133810
0.131155
0.128923
0.127101
0.125675
0.124633
0.123960
0.123646
0.123676
0.124040
0.124724
0.125717
0.127007
0.128584
0.130436
0.132552
0.134923
0.137538
0.140386
0.143459
0.146747
0.150241
0.153932
0.157811
0.161871
0.166102
0.170496
0.175047
0.179745
0.184584
0.189555
0.194653
0.199869
0.205196
0.210628
0.216158
0.221778
0.227482
0.233264
0.239116
0.245032
0.251006
0.257030
0.263098
0.269204
0.275340
0.281500
0.287677
0.293864
0.300054
0.306240
0.312416
0.318573
0.324704
0.330803
0.336860
0.342868
0.348820
0.354707
0.360520
0.366250
0.371889
0.377428
0.382857
0.388166
0.393345
0.398383
0.403270
0.407994
0.412544
0.416907
0.421072
0.425024
0.428751
0.432238
0.435470
0.438433
0.441111
0.443486
0.445542
0.447262
0.448626
0.449615
0.450210
0.450389
0.450132
0.449415
0.448216
0.446512
0.444276
0.441487
0.438115
0.434135
0.429519
0.424241
0.418271
0.411581
0.404142
0.395925
0.386900
0.140625
0.137477
0.134771
0.132493
0.130630
0.129169
0.128095
0.127395
0.127056
0.127065
0.127410
0.128078
0.129057
0.130334
0.131900
0.133742
0.135849
0.138211
0.140818
0.143659
0.146725
0.150006
0.153493
0.157177
0.161050
0.165102
0.169326
0.173713
0.178256
0.182947
0.187778
0.192743
0.197832
0.203041
0.208360
0.213785
0.219307
0.224920
0.230617
0.236391
0.242237
0.248146
0.254114
0.260133
0.266196
0.272297
0.278429
0.284586
0.290761
0.296946
0.303136
0.309323
0.315500
0.321660
0.327795
0.333898
0.339962
0.345978
0.351939
0.357836
0.363661
0.369405
0.375059
0.380615
0.386063
0.391392
0.396593
0.401655
0.406567
0.411319
0.415898
0.420292
0.424489
0.428475
0.432238
0.435761
0.439032
0.442034
0.444752
0.447168
0.449266
0.451027
0.452432
0.453461
0.454095
0.454312
0.454089
0.453405
0.452235
0.450554
0.448338
0.445562
0.442196
0.438213
0.433585
0.428284
0.422280
0.415542
0.408041
0.399746
0.390625
0.144400
0.141197
0.138443
0.136123
0.134223
0.132728
0.131625
0.130899
0.130538
0.130527
0.130854
0.131506
0.132470
0.133735
0.135288
0.137119
0.139215
0.141566
0.144162
0.146993
0.150048
0.153318
0.156794
0.160467
0.164327
0.168368
0.172579
0.176954
0.181483
0.186161
0.190978
0.195928
0.201003
0.206197
0.211501
0.216911
0.222418
0.228016
0.233698
0.239458
0.245289
0.251184
0.257138
0.263143
0.269193
0.275282
0.281402
0.287548
0.293713
0.299889
0.306071
0.312251
0.318422
0.324577
0.330709
0.336810
0.342873
0.348890
0.354854
0.360756
0.366587
0.372339
0.378004
0.383572
0.389033
0.394379
0.399598
0.404681
0.409616
0.414393
0.418999
0.423423
0.427651
0.431672
0.435470
0.439032
0.442343
0.445387
0.448148
0.450610
0.452753
0.454561
0.456014
0.457092
0.457773
0.458037
0.457860
0.457220
0.456091
0.454448
0.452265
0.449517
0.446172
0.442204
0.437582
0.432277
0.426258
0.419492
0.411949
0.403596
0.394400
0.148225
0.144972
0.142174
0.139815
0.137880
0.136355
0.135225
0.134476
0.134094
0.134065
0.134375
0.135011
0.135961
0.137212
0.138752
0.140570
0.142653
0.144991
0.147574
0.150390
0.153431
0.156686
0.160147
0.163803
0.167647
0.171670
0.175863
0.180219
0.184729
0.189386
0.194182
0.199111
0.204164
0.209336
0.214618
0.220005
0.225489
0.231064
0.236723
0.242460
0.248269
0.254142
0.260073
0.266057
0.272086
0.278154
0.284254
0.290381
0.296527
0.302686
0.308852
0.315017
0.321174
0.327316
0.333437
0.339529
0.345585
0.351596
0.357556
0.363456
0.369287
0.375042
0.380711
0.386286
0.391756
0.397114
0.402347
0.407447
0.412402
0.417201
0.421833
0.426285
0.430544
0.434598
0.438433
0.442034
0.445387
0.448476
0.451284
0.453794
0.455990
0.457851
0.459358
0.460492
0.461230
0.461551
0.461431
0.460846
0.459771
0.458180
0.456046
0.453341
0.450036
0.446100
0.441503
0.436213
0.430199
0.423426
0.415862
0.407473
0.398225
0.152100
0.148802
0.145963
0.143569
0.141604
0.140052
0.138899
0.138129
0.137728
0.137682
0.137976
0.138598
0.139533
0.140770
0.142296
0.144099
0.146167
0.148489
0.151056
0.153855
0.156878
0.160114
0.163554
0.167190
0.171011
0.175011
0.179179
0.183510
0.187994
0.192624
0.197392
0.202292
0.207317
0.212458
0.217710
0.223066
0.228520
0.234063
0.239691
0.245397
0.251174
0.257016
0.262916
0.268869
0.274868
0.280907
0.286979
0.293078
0.299197
0.305330
0.311471
0.317613
0.323748
0.329870
0.335972
0.342047
0.348088
0.354086
0.360034
0.365925
0.371750
0.377501
0.383169
0.388745
0.394219
0.399584
0.404827
0.409940
0.414911
0.419730
0.424385
0.428863
0.433152
0.437239
0.441111
0.444752
0.448148
0.451284
0.454142
0.456706
0.458958
0.460878
0.462447
0.463645
0.464449
0.464837
0.464785
0.464268
0.463261
0.461737
0.459667
0.457024
0.453776
0.449891
0.445339
0.440085
0.434097
0.427340
0.419778
0.411377
0.402100
0.156025
0.152686
0.149813
0.147389
0.145397
0.143822
0.142649
0.141861
0.141444
0.141382
0.141662
0.142269
0.143190
0.144412
0.145923
0.147710
0.149761
0.152065
0.154612
0.157391
0.160391
0.163604
0.167019
0.170628
0.174422
0.178392
0.182530
0.186829
0.191279
0.195875
0.200608
0.205472
0.210459
0.215563
0.220777
0.226094
0.231507
0.237011
0.242599
0.248264
0.254001
0.259802
0.265663
0.271576
0.277536
0.283536
0.289571
0.295633
0.301716
0.307815
0.313922
0.320031
0.326136
0.332229
0.338304
0.344354
0.350371
0.356348
0.362278
0.368153
0.373965
0.379705
0.385365
0.390936
0.396409
0.401775
0.407024
0.412146
0.417129
0.421964
0.426639
0.431141
0.435458
0.439578
0.443486
0.447168
0.450610
0.453794
0.456706
0.459328
0.461641
0.463627
0.465265
0.466534
0.467414
0.467879
0.467907
0.467472
0.466547
0.465105
0.463116
0.460552
0.457379
0.453566
0.449080
0.443885
0.437947
0.431229
0.423694
0.415306
0.406025
0.160000
0.156626
0.153723
0.151274
0.149261
0.147667
0.146477
0.145675
0.145244
0.145169
0.145435
0.146029
0.146937
0.148144
0.149638
0.151407
0.153439
0.155723
0.158247
0.161002
0.163976
0.167160
0.170545
0.174122
0.177882
0.181817
0.185917
0.190177
0.194587
0.199141
0.203832
0.208651
0.213593
0.218650
0.223817
0.229086
0.234451
0.239906
0.245444
0.251059
0.256746
0.262498
0.268310
0.274174
0.280085
0.286037
0.292024
0.298039
0.304077
0.310132
0.316196
0.322264
0.328329
0.334385
0.340424
0.346440
0.352425
0.358374
0.364277
0.370128
0.375919
0.381641
0.387286
0.392846
0.398312
0.403674
0.408923
0.414049
0.419041
0.423888
0.428580
0.433104
0.437447
0.441598
0.445542
0.449266
0.452753
0.455990
0.458958
0.461641
0.464021
0.466078
0.467792
0.469142
0.470106
0.470661
0.470780
0.470440
0.469612
0.468268
0.466377
0.463911
0.460835
0.457115
0.452717
0.447605
0.441741
0.435088
0.427606
0.419257
0.410000
0.164025
0.160623
0.157696
0.155227
0.153198
0.151590
0.150388
0.149574
0.149132
0.149047
0.149302
0.149884
0.150777
0.151969
0.153447
0.155197
0.157207
0.159467
0.161966
0.164692
0.167635
0.170786
0.174136
0.177675
0.181395
0.185287
0.189344
0.193557
0.197919
0.202424
0.207063
0.211830
0.216717
0.221720
0.226830
0.232042
0.237349
0.242745
0.248224
0.253780
0.259408
0.265100
0.270852
0.276657
0.282509
0.288403
0.294333
0.300292
0.306275
0.312275
0.318287
0.324304
0.330320
0.336328
0.342322
0.348295
0.354240
0.360151
0.366019
0.371838
0.377600
0.383297
0.388921
0.394463
0.399915
0.405267
0.410510
0.415635
0.420630
0.425486
0.430191
0.434734
0.439102
0.443282
0.447262
0.451027
0.454561
0.457851
0.460878
0.463627
0.466078
0.468212
0.470010
0.471449
0.472508
0.473162
0.473386
0.473154
0.472438
0.471209
0.469436
0.467088
0.464129
0.460525
0.456239
0.451235
0.445472
0.438911
0.431510
0.423229
0.414025
0.168100
0.164676
0.161733
0.159251
0.157211
0.155595
0.154385
0.153564
0.153115
0.153021
0.153267
0.153837
0.154718
0.155894
0.157353
0.159083
0.161070
0.163303
0.165772
0.168465
0.171373
0.174486
0.177795
0.181290
0.184963
0.188806
0.192811
0.196971
0.201278
0.205724
0.210303
0.215009
0.219833
0.224771
0.229815
0.234960
0.240199
0.245527
0.250937
0.256424
0.261981
0.267604
0.273286
0.279021
0.284805
0.290630
0.296492
0.302384
0.308302
0.314238
0.320187
0.326143
0.332099
0.338050
0.343989
0.349910
0.355806
0.361669
0.367494
0.373272
0.378997
0.384661
0.390255
0.395772
0.401202
0.406538
0.411770
0.416887
0.421881
0.426741
0.431456
0.436014
0.440404
0.444612
0.448626
0.452432
0.456014
0.459358
0.462447
0.465265
0.467792
0.470010
0.471898
0.473435
0.474598
0.475363
0.475704
0.475595
0.475008
0.473911
0.472274
0.470065
0.467246
0.463782
0.459635
0.454765
0.449131
0.442691
0.435402
0.427220
0.418100
0.172225
0.168788
0.165835
0.163347
0.161303
0.159684
0.158472
0.157648
0.157196
0.157097
0.157335
0.157896
0.158764
0.159925
0.161365
0.163071
0.165033
0.167236
0.169672
0.172328
0.175196
0.178265
0.181526
0.184971
0.188591
0.192378
0.196324
0.200422
0.204664
0.209044
0.213554
0.218189
0.222941
0.227804
0.232773
0.237841
0.243002
0.248251
0.253581
0.258988
0.264465
0.270006
0.275608
0.281263
0.286966
0.292712
0.298495
0.304310
0.310151
0.316012
0.321888
0.327772
0.333659
0.339542
0.345416
0.351275
0.357111
0.362918
0.368689
0.374418
0.380097
0.385718
0.391275
0.396758
0.402161
0.407473
0.412686
0.417791
0.422778
0.427637
0.432357
0.436927
0.441335
0.445569
0.449615
0.453461
0.457092
0.460492
0.463645
0.466534
0.469142
0.471449
0.473435
0.475078
0.476355
0.477242
0.477714
0.477743
0.477300
0.476355
0.474874
0.472825
0.470170
0.466872
0.462890
0.458183
0.452709
0.446422
0.439277
0.431227
0.422225
0.176400
0.172958
0.170004
0.167518
0.165477
0.163862
0.162654
0.161833
0.161381
0.161280
0.161514
0.162066
0.162922
0.164067
0.165487
0.167169
0.169102
0.171273
0.173671
0.176286
0.179108
0.182128
0.185335
0.188723
0.192282
0.196005
0.199884
0.203912
0.208081
0.212385
0.216817
0.221371
0.226041
0.230820
0.235702
0.240683
0.245755
0.250914
0.256154
0.261469
0.266854
0.272304
0.277813
0.283377
0.288988
0.294644
0.300337
0.306063
0.311816
0.317591
0.323382
0.329183
0.334989
0.340794
0.346593
0.352378
0.358144
0.363885
0.369593
0.375263
0.380886
0.386457
0.391967
0.397409
0.402775
0.408056
0.413244
0.418330
0.423303
0.428156
0.432876
0.437453
0.441876
0.446133
0.450210
0.454095
0.457773
0.461230
0.464449
0.467414
0.470106
0.472508
0.474598
0.476355
0.477757
0.478778
0.479394
0.479575
0.479294
0.478519
0.477215
0.475350
0.472884
0.469778
0.465990
0.461478
0.456195
0.450095
0.443129
0.435248
0.426400
0.180625
0.177188
0.174243
0.171767
0.169738
0.168135
0.166936
0.166123
0.165677
0.165578
0.165809
0.166355
0.167200
0.168328
0.169727
0.171383
0.173285
0.175419
0.177776
0.180345
0.183115
0.186079
0.189227
0.192551
0.196041
0.199692
0.203495
0.207444
0.211531
0.215749
0.220093
0.224557
0.229133
0.233817
0.238603
0.243485
0.248457
0.253515
0.258653
0.263865
0.269147
0.274493
0.279899
0.285358
0.290867
0.296420
0.302011
0.307636
0.313290
0.318966
0.324661
0.330368
0.336082
0.341798
0.347509
0.353211
0.358896
0.364559
0.370194
0.375794
0.381353
0.386863
0.392317
0.397709
0.403030
0.408272
0.413426
0.418486
0.423440
0.428279
0.432994
0.437574
0.442008
0.446284
0.450389
0.454312
0.458037
0.461551
0.464837
0.467879
0.470661
0.473162
0.475363
0.477242
0.478778
0.479945
0.480718
0.481068
0.480966
0.480380
0.479276
0.477619
0.475368
0.472482
0.468920
0.464635
0.459579
0.453702
0.446953
0.439278
0.430625
0.184900
0.181479
0.178553
0.176098
0.174089
0.172506
0.171325
0.170527
0.170090
0.169997
0.170229
0.170771
0.171605
0.172717
0.174094
0.175721
0.177588
0.179682
0.181993
0.184510
0.187224
0.190126
0.193207
0.196458
0.199873
0.203443
0.207162
0.211021
0.215016
0.219139
0.223385
0.227747
0.232220
0.236798
0.241475
0.246247
0.251108
0.256053
0.261077
0.266174
0.271340
0.276571
0.281860
0.287204
0.292597
0.298035
0.303512
0.309024
0.314565
0.320132
0.325718
0.331318
0.336928
0.342543
0.348155
0.353761
0.359355
0.364929
0.370480
0.376000
0.381483
0.386922
0.392311
0.397643
0.402909
0.408103
0.413217
0.418242
0.423169
0.427989
0.432693
0.437270
0.441710
0.446001
0.450132
0.454089
0.457860
0.461431
0.464785
0.467907
0.470780
0.473386
0.475704
0.477714
0.479394
0.480718
0.481661
0.482195
0.482290
0.481914
0.481032
0.479607
0.477599
0.474966
0.471662
0.467639
0.462847
0.457233
0.450741
0.443316
0.434900
0.189225
0.185833
0.182938
0.180514
0.178537
0.176982
0.175827
0.175050
0.174629
0.174547
0.174783
0.175321
0.176146
0.177241
0.178594
0.180191
0.182020
0.184070
0.186330
0.188790
0.191441
0.194274
0.197280
0.200452
0.203782
0.207262
0.210886
0.214648
0.218540
0.222557
0.226694
0.230944
0.235301
0.239762
0.244319
0.248969
0.253706
0.258526
0.263423
0.268393
0.273431
0.278533
0.283694
0.288909
0.294173
0.299483
0.304833
0.310219
0.315636
0.321079
0.326544
0.332026
0.337519
0.343019
0.348521
0.354019
0.359508
0.364983
0.370438
0.375866
0.381262
0.386620
0.391934
0.397195
0.402398
0.407535
0.412599
0.417581
0.422473
0.427267
0.431952
0.436521
0.440961
0.445263
0.449415
0.453405
0.457220
0.460846
0.464268
0.467472
0.470440
0.473154
0.475595
0.477743
0.479575
0.481068
0.482195
0.482929
0.483239
0.483093
0.482456
0.481291
0.479555
0.477205
0.474194
0.470472
0.465984
0.460675
0.454487
0.447357
0.439225
0.193600
0.190250
0.187400
0.185020
0.183086
0.181570
0.180450
0.179702
0.179304
0.179236
0.179479
0.180017
0.180833
0.181911
0.183238
0.184802
0.186590
0.188591
0.190795
0.193192
0.195773
0.198530
0.201453
0.204537
0.207772
0.211153
0.214674
0.218326
0.222106
0.226006
0.230022
0.234148
0.238379
0.242709
0.247135
0.251650
0.256251
0.260932
0.265690
0.270520
0.275417
0.280377
0.285395
0.290468
0.295591
0.300759
0.305968
0.311215
0.316494
0.321801
0.327131
0.332481
0.337844
0.343218
0.348596
0.353974
0.359346
0.364709
0.370055
0.375380
0.380678
0.385944
0.391170
0.396351
0.401480
0.406550
0.411554
0.416484
0.421333
0.426092
0.430752
0.435305
0.439740
0.444048
0.448216
0.452235
0.456091
0.459771
0.463261
0.466547
0.469612
0.472438
0.475008
0.477300
0.479294
0.480966
0.482290
0.483239
0.483783
0.483888
0.483520
0.482642
0.481209
0.479176
0.476495
0.473113
0.468974
0.464018
0.458180
0.451397
0.443600
0.198025
0.194734
0.191943
0.189622
0.187743
0.186279
0.185203
0.184492
0.184123
0.184075
0.184330
0.184869
0.185676
0.186736
0.188037
0.189564
0.191307
0.193255
0.195397
0.197724
0.200228
0.202900
0.205733
0.208719
0.211851
0.215123
0.218528
0.222062
0.225717
0.229489
0.233373
0.237362
0.241454
0.245642
0.249922
0.254290
0.258741
0.263271
0.267876
0.272552
0.277294
0.282098
0.286961
0.291877
0.296844
0.301857
0.306912
0.312006
0.317133
0.322289
0.327471
0.332675
0.337895
0.343128
0.348369
0.353614
0.358857
0.364094
0.369319
0.374529
0.379716
0.384877
0.390005
0.395094
0.400137
0.405130
0.410064
0.414933
0.419729
0.424445
0.429072
0.433601
0.438024
0.442331
0.446512
0.450554
0.454448
0.458180
0.461737
0.465105
0.468268
0.471209
0.473911
0.476355
0.478519
0.480380
0.481914
0.483093
0.483888
0.484266
0.484192
0.483628
0.482529
0.480850
0.478539
0.475542
0.471798
0.467244
0.461812
0.455430
0.448025
0.202500
0.199285
0.196571
0.194325
0.192517
0.191117
0.190097
0.189432
0.189099
0.189077
0.189346
0.189888
0.190687
0.191729
0.193000
0.194488
0.196182
0.198070
0.200145
0.202395
0.204814
0.207394
0.210126
0.213004
0.216023
0.219175
0.222455
0.225857
0.229377
0.233008
0.236747
0.240588
0.244527
0.248560
0.252682
0.256888
0.261176
0.265541
0.269979
0.274487
0.279060
0.283694
0.288386
0.293132
0.297929
0.302772
0.307659
0.312584
0.317545
0.322537
0.327556
0.332600
0.337663
0.342741
0.347831
0.352928
0.358028
0.363126
0.368217
0.373298
0.378362
0.383406
0.388422
0.393407
0.398355
0.403258
0.408112
0.412909
0.417642
0.422305
0.426890
0.431388
0.435791
0.440091
0.444276
0.448338
0.452265
0.456046
0.459667
0.463116
0.466377
0.469436
0.472274
0.474874
0.477215
0.479276
0.481032
0.482456
0.483520
0.484192
0.484437
0.484216
0.483484
0.482195
0.480296
0.477730
0.474433
0.470337
0.465368
0.459449
0.452500
0.207025
0.203908
0.201291
0.199139
0.197418
0.196096
0.195144
0.194535
0.194246
0.194255
0.194542
0.195089
0.195880
0.196902
0.198142
0.199586
0.201226
0.203049
0.205049
0.207215
0.209540
0.212018
0.214640
0.217401
0.220296
0.223317
0.226459
0.229719
0.233090
0.236568
0.240149
0.243828
0.247602
0.251465
0.255415
0.259446
0.263557
0.267742
0.271999
0.276323
0.280712
0.285162
0.289669
0.294230
0.298841
0.303500
0.308202
0.312945
0.317724
0.322536
0.327378
0.332247
0.337137
0.342047
0.346971
0.351906
0.356848
0.361793
0.366737
0.371675
0.376603
0.381515
0.386408
0.391277
0.396115
0.400917
0.405679
0.410393
0.415053
0.419653
0.424186
0.428643
0.433018
0.437303
0.441487
0.445562
0.449517
0.453341
0.457024
0.460552
0.463911
0.467088
0.470065
0.472825
0.475350
0.477619
0.479607
0.481291
0.482642
0.483628
0.484216
0.484367
0.484036
0.483176
0.481734
0.479648
0.476853
0.473276
0.468836
0.463449
0.457025
0.211600
0.208605
0.206108
0.204071
0.202456
0.201228
0.200357
0.199816
0.199579
0.199624
0.199932
0.200485
0.201269
0.202269
0.203474
0.204870
0.206449
0.208202
0.210118
0.212192
0.214415
0.216780
0.219283
0.221916
0.224674
0.227552
0.230546
0.233650
0.236860
0.240172
0.243581
0.247085
0.250678
0.254358
0.258121
0.261963
0.265881
0.269872
0.273932
0.278058
0.282248
0.286497
0.290804
0.295164
0.299574
0.304033
0.308535
0.313079
0.317662
0.322279
0.326928
0.331606
0.336309
0.341034
0.345777
0.350536
0.355305
0.360083
0.364864
0.369645
0.374422
0.379190
0.383946
0.388684
0.393400
0.398089
0.402745
0.407364
0.411940
0.416466
0.420936
0.425343
0.429680
0.433941
0.438115
0.442196
0.446172
0.450036
0.453776
0.457379
0.460835
0.464129
0.467246
0.470170
0.472884
0.475368
0.477599
0.479555
0.481209
0.482529
0.483484
0.484036
0.484140
0.483750
0.482810
0.481259
0.479026
0.476034
0.472196
0.467418
0.461600
0.216225
0.213381
0.211031
0.209133
0.207645
0.206530
0.205755
0.205292
0.205114
0.205201
0.205534
0.206095
0.206870
0.207846
0.209011
0.210354
0.211867
0.213540
0.215365
0.217337
0.219448
0.221691
0.224063
0.226556
0.229166
0.231889
0.234721
0.237656
0.240691
0.243822
0.247046
0.250360
0.253759
0.257240
0.260801
0.264438
0.268148
0.271929
0.275777
0.279690
0.283664
0.287698
0.291787
0.295930
0.300124
0.304366
0.308653
0.312982
0.317352
0.321758
0.326198
0.330669
0.335168
0.339693
0.344240
0.348805
0.353387
0.357981
0.362585
0.367194
0.371805
0.376414
0.381017
0.385611
0.390191
0.394753
0.399292
0.403803
0.408281
0.412721
0.417117
0.421463
0.425753
0.429979
0.434135
0.438213
0.442204
0.446100
0.449891
0.453566
0.457115
0.460525
0.463782
0.466872
0.469778
0.472482
0.474966
0.477205
0.479176
0.480850
0.482195
0.483176
0.483750
0.483870
0.483481
0.482521
0.480916
0.478583
0.475427
0.471346
0.466225
0.220900
0.218240
0.216071
0.214340
0.213004
0.212021
0.211357
0.210982
0.210873
0.211007
0.211366
0.211935
0.212699
0.213647
0.214768
0.216051
0.217490
0.219076
0.220802
0.222661
0.224649
0.226760
0.228988
0.231329
0.233779
0.236333
0.238989
0.241741
0.244587
0.247524
0.250548
0.253656
0.256845
0.260113
0.263456
0.266872
0.270359
0.273913
0.277533
0.281216
0.284958
0.288759
0.292615
0.296525
0.300485
0.304494
0.308548
0.312646
0.316786
0.320964
0.325178
0.329426
0.333705
0.338013
0.342346
0.346703
0.351081
0.355476
0.359885
0.364306
0.368736
0.373171
0.377608
0.382042
0.386472
0.390892
0.395299
0.399689
0.404057
0.408398
0.412707
0.416980
0.421210
0.425392
0.429519
0.433585
0.437582
0.441503
0.445339
0.449080
0.452717
0.456239
0.459635
0.462890
0.465990
0.468920
0.471662
0.474194
0.476495
0.478539
0.480296
0.481734
0.482810
0.483481
0.483693
0.483382
0.482475
0.480881
0.478502
0.475218
0.470900
0.225625
0.223192
0.221240
0.219710
0.218552
0.217722
0.217185
0.216912
0.216878
0.217063
0.217450
0.218026
0.218776
0.219691
0.220761
0.221978
0.223334
0.224823
0.226439
0.228176
0.230029
0.231994
0.234067
0.236243
0.238519
0.240891
0.243356
0.245912
0.248554
0.251281
0.254089
0.256976
0.259940
0.262977
0.266087
0.269266
0.272512
0.275824
0.279198
0.282633
0.286127
0.289678
0.293284
0.296943
0.300652
0.304410
0.308215
0.312064
0.315956
0.319889
0.323860
0.327867
0.331909
0.335983
0.340087
0.344218
0.348374
0.352553
0.356752
0.360969
0.365201
0.369446
0.373700
0.377960
0.382224
0.386487
0.390748
0.395002
0.399245
0.403473
0.407683
0.411869
0.416028
0.420154
0.424241
0.428284
0.432277
0.436213
0.440085
0.443885
0.447605
0.451235
0.454765
0.458183
0.461478
0.464635
0.467639
0.470472
0.473113
0.475542
0.477730
0.479648
0.481259
0.482521
0.483382
0.483783
0.483646
0.482883
0.481383
0.479014
0.475625
0.230400
0.228245
0.226558
0.225267
0.224318
0.223663
0.223269
0.223107
0.223154
0.223393
0.223808
0.224387
0.225119
0.225995
0.227008
0.228149
0.229414
0.230796
0.232290
0.233893
0.235599
0.237406
0.239310
0.241307
0.243394
0.245569
0.247830
0.250172
0.252595
0.255096
0.257672
0.260322
0.263044
0.265835
0.268693
0.271618
0.274607
0.277658
0.280770
0.283940
0.287168
0.290452
0.293789
0.297179
0.300620
0.304109
0.307646
0.311229
0.314856
0.318525
0.322235
0.325985
0.329771
0.333593
0.337449
0.341337
0.345255
0.349201
0.353172
0.357168
0.361186
0.365223
0.369277
0.373346
0.377428
0.381519
0.385617
0.389720
0.393823
0.397924
0.402020
0.406106
0.410180
0.414236
0.418271
0.422280
0.426258
0.430199
0.434097
0.437947
0.441741
0.445472
0.449131
0.452709
0.456195
0.459579
0.462847
0.465984
0.468974
0.471798
0.474433
0.476853
0.479026
0.480916
0.482475
0.483646
0.484359
0.484523
0.484022
0.482707
0.480400
0.235225
0.233416
0.232050
0.231044
0.230335
0.229879
0.229642
0.229599
0.229732
0.230025
0.230465
0.231043
0.231751
0.232581
0.233526
0.234582
0.235744
0.237007
0.238368
0.239824
0.241370
0.243005
0.244725
0.246528
0.248412
0.250375
0.252414
0.254528
0.256715
0.258973
0.261301
0.263697
0.266159
0.268686
0.271277
0.273930
0.276643
0.279416
0.282247
0.285135
0.288079
0.291076
0.294127
0.297230
0.300383
0.303586
0.306837
0.310134
0.313478
0.316865
0.320296
0.323768
0.327281
0.330833
0.334423
0.338049
0.341710
0.345405
0.349131
0.352888
0.356673
0.360485
0.364323
0.368184
0.372066
0.375968
0.379888
0.383823
0.387770
0.391728
0.395695
0.399666
0.403640
0.407612
0.411581
0.415542
0.419492
0.423426
0.427340
0.431229
0.435088
0.438911
0.442691
0.446422
0.450095
0.453702
0.457233
0.460675
0.464018
0.467244
0.470337
0.473276
0.476034
0.478583
0.480881
0.482883
0.484523
0.485717
0.486348
0.486257
0.485225
0.240100
0.238730
0.237758
0.237085
0.236649
0.236410
0.236341
0.236423
0.236642
0.236986
0.237447
0.238018
0.238693
0.239466
0.240335
0.241294
0.242341
0.243473
0.244687
0.245981
0.247352
0.248800
0.250321
0.251915
0.253580
0.255314
0.257116
0.258985
0.260919
0.262918
0.264980
0.267104
0.269289
0.271534
0.273838
0.276201
0.278621
0.281097
0.283629
0.286216
0.288856
0.291549
0.294294
0.297091
0.299938
0.302835
0.305780
0.308774
0.311814
0.314901
0.318033
0.321209
0.324430
0.327692
0.330997
0.334343
0.337728
0.341152
0.344615
0.348114
0.351648
0.355217
0.358820
0.362455
0.366120
0.369815
0.373539
0.377289
0.381064
0.384862
0.388682
0.392523
0.396381
0.400255
0.404142
0.408041
0.411949
0.415862
0.419778
0.423694
0.427606
0.431510
0.435402
0.439277
0.443129
0.446953
0.450741
0.454487
0.458180
0.461812
0.465368
0.468836
0.472196
0.475427
0.478502
0.481383
0.484022
0.486348
0.488260
0.489596
0.490100
0.245025
0.244234
0.243742
0.243451
0.243314
0.243306
0.243411
0.243618
0.243919
0.244308
0.244782
0.245336
0.245968
0.246674
0.247453
0.248302
0.249221
0.250207
0.251259
0.252377
0.253558
0.254803
0.256110
0.257478
0.258907
0.260395
0.261943
0.263549
0.265212
0.266934
0.268711
0.270545
0.272435
0.274380
0.276379
0.278433
0.280540
0.282701
0.284914
0.287180
0.289497
0.291866
0.294287
0.296757
0.299279
0.301850
0.304470
0.307139
0.309857
0.312623
0.315437
0.318298
0.321206
0.324160
0.327160
0.330205
0.333296
0.336430
0.339609
0.342831
0.346096
0.349403
0.352751
0.356141
0.359571
0.363041
0.366550
0.370097
0.373681
0.377302
0.380959
0.384651
0.388376
0.392135
0.395925
0.399746
0.403596
0.407473
0.411377
0.415306
0.419257
0.423229
0.427220
0.431227
0.435248
0.439278
0.443316
0.447357
0.451397
0.455430
0.459449
0.463449
0.467418
0.471346
0.475218
0.479014
0.482707
0.486257
0.489596
0.492604
0.495025
0.250000
0.250025
0.250100
0.250225
0.250400
0.250625
0.250900
0.251225
0.251600
0.252025
0.252500
0.253025
0.253600
0.254225
0.254900
0.255625
0.256400
0.257225
0.258100
0.259025
0.260000
0.261025
0.262100
0.263225
0.264400
0.265625
0.266900
0.268225
0.269600
0.271025
0.272500
0.274025
0.275600
0.277225
0.278900
0.280625
0.282400
0.284225
0.286100
0.288025
0.290000
0.292025
0.294100
0.296225
0.298400
0.300625
0.302900
0.305225
0.307600
0.310025
0.312500
0.315025
0.317600
0.320225
0.322900
0.325625
0.328400
0.331225
0.334100
0.337025
0.340000
0.343025
0.346100
0.349225
0.352400
0.355625
0.358900
0.362225
0.365600
0.369025
0.372500
0.376025
0.379600
0.383225
0.386900
0.390625
0.394400
0.398225
0.402100
0.406025
0.410000
0.414025
0.418100
0.422225
0.426400
0.430625
0.434900
0.439225
0.443600
0.448025
0.452500
0.457025
0.461600
0.466225
0.470900
0.475625
0.480400
0.485225
0.490100
0.495025
0.500000