101 101
0.498077
0.498140
0.498313
0.498596
0.498988
0.499491
0.500103
0.500825
0.501657
0.502598
0.503650
0.504811
0.506082
0.507463
0.508953
0.510553
0.512263
0.514083
0.516012
0.518050
0.520199
0.522456
0.524823
0.527300
0.529885
0.532580
0.535384
0.538297
0.541319
0.544449
0.547688
0.551035
0.554491
0.558054
0.561725
0.565504
0.569389
0.573382
0.577481
0.581687
0.585999
0.590416
0.594938
0.599564
0.604295
0.609130
0.614067
0.619107
0.624249
0.629492
0.634835
0.640278
0.645821
0.651461
0.657198
0.663031
0.668960
0.674983
0.681100
0.687308
0.693607
0.699996
0.706474
0.713038
0.719688
0.726422
0.733239
0.740138
0.747115
0.754171
0.761303
0.768509
0.775788
0.783138
0.790556
0.798041
0.805590
0.813203
0.820875
0.828606
0.836393
0.844233
0.852125
0.860065
0.868052
0.876082
0.884154
0.892265
0.900412
0.908592
0.916803
0.925043
0.933307
0.941594
0.949901
0.958225
0.966563
0.974913
0.983271
0.991634
1.000000
0.498031
0.498094
0.498267
0.498549
0.498942
0.499444
0.500056
0.500778
0.501610
0.502552
0.503603
0.504764
0.506035
0.507416
0.508906
0.510506
0.512216
0.514035
0.515965
0.518003
0.520151
0.522409
0.524776
0.527252
0.529838
0.532533
0.535337
0.538249
0.541271
0.544401
0.547640
0.550988
0.554443
0.558006
0.561678
0.565456
0.569342
0.573335
0.577434
0.581640
0.585952
0.590369
0.594891
0.599518
0.604249
0.609083
0.614021
0.619061
0.624203
0.629447
0.634790
0.640234
0.645776
0.651417
0.657154
0.662988
0.668917
0.674941
0.681058
0.687267
0.693566
0.699956
0.706434
0.712999
0.719649
0.726384
0.733202
0.740101
0.747080
0.754136
0.761269
0.768476
0.775755
0.783106
0.790525
0.798011
0.805561
0.813175
0.820848
0.828580
0.836368
0.844209
0.852102
0.860043
0.868031
0.876063
0.884136
0.892248
0.900396
0.908578
0.916790
0.925031
0.933297
0.941585
0.949893
0.958219
0.966558
0.974909
0.983268
0.991633
1.000000
0.497875
0.497938
0.498111
0.498394
0.498786
0.499289
0.499901
0.500623
0.501454
0.502396
0.503447
0.504608
0.505879
0.507260
0.508750
0.510350
0.512060
0.513879
0.515808
0.517847
0.519995
0.522253
0.524620
0.527096
0.529682
0.532377
0.535181
0.538094
0.541115
0.544246
0.547485
0.550832
0.554288
0.557852
0.561523
0.565302
0.569188
0.573181
0.577281
0.581487
0.585800
0.590217
0.594740
0.599368
0.604099
0.608935
0.613873
0.618914
0.624057
0.629301
0.634646
0.640090
0.645634
0.651276
0.657014
0.662850
0.668780
0.674806
0.680924
0.687134
0.693436
0.699827
0.706307
0.712874
0.719527
0.726264
0.733084
0.739985
0.746966
0.754025
0.761160
0.768370
0.775652
0.783005
0.790427
0.797916
0.805470
0.813086
0.820763
0.828498
0.836289
0.844134
0.852030
0.859975
0.867967
0.876002
0.884079
0.892195
0.900347
0.908532
0.916749
0.924993
0.933263
0.941556
0.949868
0.958198
0.966541
0.974896
0.983259
0.991628
1.000000
0.497611
0.497674
0.497847
0.498129
0.498522
0.499024
0.499636
0.500358
0.501190
0.502131
0.503182
0.504343
0.505614
0.506995
0.508485
0.510085
0.511795
0.513614
0.515543
0.517582
0.519730
0.521988
0.524355
0.526832
0.529417
0.532112
0.534917
0.537830
0.540852
0.543983
0.547222
0.550570
0.554026
0.557590
0.561262
0.565041
0.568928
0.572922
0.577023
0.581229
0.585542
0.589961
0.594485
0.599113
0.603846
0.608683
0.613623
0.618665
0.623810
0.629056
0.634402
0.639848
0.645394
0.651038
0.656779
0.662616
0.668549
0.674577
0.680698
0.686911
0.693216
0.699610
0.706093
0.712664
0.719320
0.726060
0.732884
0.739789
0.746774
0.753837
0.760977
0.768191
0.775478
0.782836
0.790263
0.797757
0.805316
0.812937
0.820619
0.828360
0.836157
0.844007
0.851910
0.859861
0.867858
0.875900
0.883983
0.892106
0.900264
0.908456
0.916679
0.924931
0.933207
0.941507
0.949826
0.958162
0.966513
0.974875
0.983245
0.991621
1.000000
0.497238
0.497301
0.497473
0.497756
0.498148
0.498650
0.499262
0.499984
0.500816
0.501757
0.502809
0.503970
0.505240
0.506621
0.508111
0.509711
0.511421
0.513241
0.515170
0.517208
0.519357
0.521614
0.523982
0.526458
0.529044
0.531740
0.534544
0.537457
0.540480
0.543611
0.546851
0.550199
0.553656
0.557221
0.560893
0.564674
0.568561
0.572556
0.576658
0.580866
0.585180
0.589600
0.594125
0.598756
0.603490
0.608329
0.613270
0.618315
0.623462
0.628710
0.634059
0.639508
0.645056
0.650703
0.656447
0.662288
0.668224
0.674255
0.680380
0.686598
0.692906
0.699305
0.705792
0.712367
0.719029
0.725774
0.732603
0.739514
0.746505
0.753574
0.760719
0.767940
0.775233
0.782598
0.790032
0.797533
0.805099
0.812728
0.820418
0.828166
0.835971
0.843830
0.851740
0.859700
0.867706
0.875756
0.883849
0.891980
0.900147
0.908349
0.916581
0.924842
0.933128
0.941438
0.949767
0.958113
0.966473
0.974845
0.983225
0.991611
1.000000
0.496755
0.496818
0.496991
0.497273
0.497666
0.498168
0.498780
0.499502
0.500333
0.501275
0.502326
0.503487
0.504758
0.506138
0.507628
0.509228
0.510938
0.512758
0.514687
0.516726
0.518874
0.521132
0.523499
0.525976
0.528563
0.531258
0.534063
0.536977
0.540000
0.543132
0.546372
0.549721
0.553179
0.556744
0.560418
0.564199
0.568088
0.572084
0.576187
0.580397
0.584713
0.589134
0.593661
0.598294
0.603030
0.607871
0.612816
0.617863
0.623012
0.628263
0.633616
0.639068
0.644620
0.650270
0.656019
0.661864
0.667805
0.673841
0.679970
0.686193
0.692507
0.698911
0.705404
0.711985
0.718653
0.725405
0.732241
0.739159
0.746157
0.753233
0.760387
0.767615
0.774917
0.782291
0.789733
0.797243
0.804819
0.812457
0.820157
0.827916
0.835731
0.843600
0.851521
0.859492
0.867509
0.875571
0.883675
0.891818
0.899997
0.908210
0.916455
0.924728
0.933027
0.941348
0.949690
0.958049
0.966422
0.974807
0.983200
0.991598
1.000000
0.496164
0.496227
0.496399
0.496682
0.497074
0.497576
0.498188
0.498910
0.499741
0.500683
0.501734
0.502895
0.504166
0.505546
0.507036
0.508636
0.510346
0.512166
0.514095
0.516134
0.518283
0.520541
0.522908
0.525386
0.527972
0.530668
0.533473
0.536388
0.539411
0.542544
0.545785
0.549135
0.552593
0.556160
0.559835
0.563618
0.567508
0.571506
0.575610
0.579822
0.584140
0.588563
0.593093
0.597728
0.602467
0.607311
0.612258
0.617309
0.622462
0.627717
0.633073
0.638529
0.644085
0.649741
0.655494
0.661344
0.667290
0.673332
0.679468
0.685696
0.692017
0.698428
0.704929
0.711517
0.718192
0.724953
0.731797
0.738723
0.745730
0.752816
0.759979
0.767218
0.774530
0.781914
0.789367
0.796889
0.804476
0.812126
0.819838
0.827609
0.835436
0.843319
0.851253
0.859237
0.867268
0.875344
0.883461
0.891619
0.899813
0.908041
0.916300
0.924588
0.932902
0.941239
0.949596
0.957970
0.966359
0.974759
0.983168
0.991583
1.000000
0.495464
0.495526
0.495699
0.495981
0.496374
0.496876
0.497487
0.498209
0.499041
0.499982
0.501033
0.502194
0.503465
0.504845
0.506335
0.507936
0.509645
0.511465
0.513394
0.515433
0.517582
0.519841
0.522209
0.524686
0.527273
0.529970
0.532775
0.535690
0.538715
0.541848
0.545090
0.548441
0.551901
0.555469
0.559145
0.562929
0.566821
0.570820
0.574927
0.579141
0.583461
0.587887
0.592420
0.597057
0.601800
0.606647
0.611598
0.616652
0.621810
0.627069
0.632430
0.637891
0.643452
0.649113
0.654872
0.660728
0.666681
0.672730
0.678872
0.685109
0.691437
0.697856
0.704365
0.710963
0.717647
0.724417
0.731271
0.738208
0.745225
0.752322
0.759497
0.766747
0.774071
0.781468
0.788934
0.796469
0.804069
0.811733
0.819460
0.827245
0.835088
0.842985
0.850935
0.858935
0.866982
0.875074
0.883209
0.891383
0.899594
0.907840
0.916117
0.924423
0.932754
0.941109
0.949485
0.957877
0.966285
0.974703
0.983131
0.991564
1.000000
0.494654
0.494717
0.494889
0.495172
0.495564
0.496066
0.496678
0.497399
0.498231
0.499172
0.500223
0.501384
0.502655
0.504035
0.505525
0.507125
0.508835
0.510655
0.512585
0.514624
0.516773
0.519031
0.521400
0.523878
0.526465
0.529162
0.531969
0.534884
0.537909
0.541044
0.544287
0.547639
0.551100
0.554669
0.558347
0.562133
0.566027
0.570029
0.574138
0.578354
0.582677
0.587106
0.591641
0.596283
0.601029
0.605880
0.610835
0.615894
0.621056
0.626320
0.631686
0.637153
0.642721
0.648388
0.654153
0.660017
0.665977
0.672033
0.678184
0.684429
0.690766
0.697195
0.703713
0.710321
0.717016
0.723797
0.730663
0.737611
0.744641
0.751751
0.758939
0.766202
0.773541
0.780951
0.788433
0.795983
0.803599
0.811279
0.819022
0.826824
0.834684
0.842599
0.850567
0.858585
0.866651
0.874762
0.882916
0.891110
0.899341
0.907607
0.915904
0.924231
0.932583
0.940959
0.949356
0.957770
0.966198
0.974639
0.983088
0.991542
1.000000
0.493736
0.493799
0.493971
0.494253
0.494645
0.495147
0.495759
0.496480
0.497312
0.498253
0.499304
0.500465
0.501735
0.503116
0.504606
0.506206
0.507916
0.509736
0.511666
0.513705
0.515854
0.518113
0.520482
0.522960
0.525548
0.528246
0.531053
0.533970
0.536996
0.540131
0.543375
0.546729
0.550191
0.553762
0.557442
0.561230
0.565126
0.569130
0.573241
0.577460
0.581786
0.586219
0.590758
0.595403
0.600153
0.605009
0.609968
0.615032
0.620200
0.625470
0.630842
0.636315
0.641890
0.647564
0.653337
0.659208
0.665177
0.671242
0.677402
0.683657
0.690004
0.696443
0.702973
0.709592
0.716299
0.723093
0.729971
0.736933
0.743977
0.751101
0.758304
0.765583
0.772938
0.780365
0.787863
0.795430
0.803064
0.810763
0.818524
0.826346
0.834225
0.842161
0.850149
0.858188
0.866275
0.874408
0.882584
0.890800
0.899054
0.907342
0.915663
0.924013
0.932389
0.940789
0.949209
0.957647
0.966100
0.974565
0.983039
0.991518
1.000000
0.492708
0.492771
0.492943
0.493226
0.493618
0.494119
0.494731
0.495452
0.496284
0.497225
0.498276
0.499436
0.500707
0.502088
0.503578
0.505178
0.506888
0.508708
0.510638
0.512677
0.514827
0.517086
0.519455
0.521934
0.524523
0.527221
0.530029
0.532946
0.535973
0.539110
0.542355
0.545710
0.549174
0.552747
0.556429
0.560219
0.564117
0.568124
0.572238
0.576460
0.580790
0.585226
0.589769
0.594418
0.599173
0.604033
0.608998
0.614068
0.619241
0.624518
0.629896
0.635377
0.640959
0.646641
0.652423
0.658303
0.664281
0.670356
0.676527
0.682792
0.689150
0.695602
0.702144
0.708776
0.715496
0.722304
0.729197
0.736174
0.743233
0.750374
0.757593
0.764890
0.772262
0.779707
0.787224
0.794811
0.802465
0.810184
0.817967
0.825810
0.833711
0.841669
0.849680
0.857743
0.865854
0.874011
0.882211
0.890452
0.898731
0.907045
0.915392
0.923768
0.932171
0.940598
0.949045
0.957510
0.965990
0.974482
0.982983
0.991490
1.000000
0.491572
0.491635
0.491807
0.492089
0.492481
0.492983
0.493594
0.494315
0.495147
0.496088
0.497138
0.498299
0.499570
0.500950
0.502440
0.504040
0.505751
0.507571
0.509500
0.511540
0.513690
0.515950
0.518319
0.520798
0.523388
0.526087
0.528895
0.531814
0.534842
0.537979
0.541227
0.544583
0.548049
0.551623
0.555307
0.559100
0.563001
0.567010
0.571128
0.575354
0.579687
0.584127
0.588674
0.593328
0.598088
0.602954
0.607924
0.613000
0.618180
0.623463
0.628850
0.634338
0.639928
0.645619
0.651410
0.657300
0.663289
0.669374
0.675556
0.681833
0.688205
0.694669
0.701225
0.707871
0.714606
0.721429
0.728338
0.735332
0.742409
0.749567
0.756805
0.764121
0.771512
0.778978
0.786516
0.794124
0.801800
0.809542
0.817348
0.825215
0.833141
0.841123
0.849160
0.857249
0.865386
0.873570
0.881798
0.890066
0.898374
0.906716
0.915092
0.923497
0.931929
0.940385
0.948863
0.957358
0.965868
0.974391
0.982922
0.991460
1.000000
0.490327
0.490389
0.490561
0.490843
0.491235
0.491737
0.492348
0.493069
0.493900
0.494841
0.495892
0.497053
0.498323
0.499703
0.501194
0.502794
0.504504
0.506324
0.508254
0.510294
0.512444
0.514704
0.517074
0.519554
0.522143
0.524843
0.527653
0.530572
0.533601
0.536740
0.539989
0.543347
0.546815
0.550392
0.554078
0.557873
0.561777
0.565789
0.569910
0.574140
0.578477
0.582921
0.587473
0.592132
0.596898
0.601769
0.606746
0.611828
0.617015
0.622306
0.627701
0.633198
0.638797
0.644498
0.650299
0.656200
0.662199
0.668297
0.674491
0.680781
0.687166
0.693645
0.700215
0.706877
0.713629
0.720469
0.727395
0.734407
0.741503
0.748681
0.755939
0.763276
0.770689
0.778177
0.785738
0.793370
0.801070
0.808837
0.816668
0.824561
0.832514
0.840524
0.848589
0.856705
0.864872
0.873085
0.881343
0.889642
0.897980
0.906354
0.914761
0.923199
0.931663
0.940152
0.948662
0.957191
0.965734
0.974290
0.982855
0.991426
1.000000
0.488972
0.489035
0.489207
0.489489
0.489880
0.490382
0.490993
0.491714
0.492545
0.493486
0.494536
0.495697
0.496967
0.498347
0.499838
0.501438
0.503148
0.504968
0.506898
0.508938
0.511088
0.513349
0.515719
0.518199
0.520790
0.523490
0.526301
0.529221
0.532252
0.535392
0.538642
0.542002
0.545472
0.549051
0.552740
0.556537
0.560444
0.564460
0.568585
0.572818
0.577159
0.581609
0.586166
0.590830
0.595601
0.600479
0.605463
0.610553
0.615747
0.621046
0.626449
0.631956
0.637565
0.643276
0.649088
0.655000
0.661012
0.667123
0.673330
0.679635
0.686034
0.692528
0.699115
0.705794
0.712563
0.719421
0.726367
0.733399
0.740515
0.747714
0.754994
0.762354
0.769791
0.777303
0.784889
0.792547
0.800273
0.808067
0.815926
0.823848
0.831830
0.839870
0.847965
0.856113
0.864311
0.872556
0.880847
0.889179
0.897551
0.905959
0.914401
0.922873
0.931373
0.939897
0.948443
0.957008
0.965588
0.974180
0.982782
0.991389
1.000000
0.487509
0.487571
0.487743
0.488025
0.488416
0.488918
0.489529
0.490250
0.491081
0.492021
0.493072
0.494232
0.495502
0.496882
0.498372
0.499972
0.501683
0.503503
0.505433
0.507473
0.509624
0.511884
0.514255
0.516736
0.519327
0.522028
0.524840
0.527761
0.530793
0.533935
0.537186
0.540548
0.544020
0.547601
0.551293
0.555093
0.559003
0.563023
0.567151
0.571389
0.575735
0.580189
0.584751
0.589422
0.594199
0.599084
0.604075
0.609172
0.614375
0.619683
0.625095
0.630611
0.636231
0.641953
0.647777
0.653702
0.659727
0.665851
0.672073
0.678393
0.684809
0.691319
0.697924
0.704621
0.711409
0.718287
0.725253
0.732306
0.739445
0.746667
0.753971
0.761355
0.768817
0.776356
0.783969
0.791654
0.799409
0.807233
0.815122
0.823074
0.831088
0.839160
0.847288
0.855470
0.863702
0.871982
0.880308
0.888677
0.897085
0.905530
0.914009
0.922520
0.931058
0.939621
0.948206
0.956809
0.965429
0.974061
0.982702
0.991350
1.000000
0.485936
0.485998
0.486170
0.486452
0.486844
0.487345
0.487956
0.488677
0.489507
0.490447
0.491498
0.492658
0.493928
0.495308
0.496798
0.498398
0.500108
0.501928
0.503858
0.505899
0.508049
0.510310
0.512681
0.515163
0.517754
0.520456
0.523269
0.526191
0.529224
0.532368
0.535621
0.538985
0.542459
0.546043
0.549737
0.553540
0.557454
0.561477
0.565609
0.569851
0.574202
0.578662
0.583230
0.587906
0.592690
0.597582
0.602580
0.607686
0.612897
0.618215
0.623637
0.629164
0.634795
0.640529
0.646365
0.652304
0.658343
0.664481
0.670719
0.677055
0.683488
0.690017
0.696640
0.703356
0.710165
0.717064
0.724052
0.731129
0.738291
0.745538
0.752867
0.760278
0.767767
0.775334
0.782976
0.790691
0.798478
0.806333
0.814254
0.822240
0.830287
0.838394
0.846558
0.854776
0.863045
0.871363
0.879727
0.888135
0.896582
0.905068
0.913587
0.922138
0.930718
0.939322
0.947949
0.956595
0.965257
0.973932
0.982616
0.991306
1.000000
0.484255
0.484317
0.484489
0.484770
0.485162
0.485663
0.486273
0.486994
0.487824
0.488764
0.489814
0.490974
0.492244
0.493624
0.495114
0.496714
0.498423
0.500244
0.502174
0.504214
0.506365
0.508626
0.510998
0.513480
0.516072
0.518775
0.521588
0.524512
0.527546
0.530691
0.533946
0.537312
0.540788
0.544374
0.548071
0.551878
0.555795
0.559822
0.563959
0.568205
0.572561
0.577026
0.581600
0.586283
0.591074
0.595973
0.600980
0.606094
0.611315
0.616642
0.622075
0.627613
0.633256
0.639003
0.644852
0.650805
0.656859
0.663013
0.669268
0.675621
0.682072
0.688619
0.695263
0.702000
0.708830
0.715752
0.722764
0.729865
0.737053
0.744326
0.751683
0.759122
0.766640
0.774237
0.781911
0.789658
0.797477
0.805366
0.813322
0.821344
0.829428
0.837572
0.845774
0.854030
0.862339
0.870698
0.879103
0.887552
0.896042
0.904570
0.913133
0.921728
0.930352
0.939002
0.947674
0.956365
0.965073
0.973793
0.982524
0.991260
1.000000
0.482464
0.482526
0.482698
0.482980
0.483371
0.483872
0.484482
0.485202
0.486032
0.486972
0.488022
0.489182
0.490451
0.491831
0.493320
0.494920
0.496630
0.498450
0.500380
0.502420
0.504571
0.506833
0.509204
0.511687
0.514280
0.516983
0.519797
0.522722
0.525758
0.528904
0.532161
0.535529
0.539007
0.542596
0.546296
0.550106
0.554027
0.558058
0.562199
0.566450
0.570811
0.575282
0.579862
0.584552
0.589350
0.594257
0.599272
0.604396
0.609626
0.614964
0.620408
0.625958
0.631613
0.637373
0.643237
0.649204
0.655274
0.661445
0.667717
0.674089
0.680559
0.687127
0.693791
0.700551
0.707404
0.714350
0.721387
0.728514
0.735729
0.743030
0.750416
0.757885
0.765435
0.773065
0.780771
0.788553
0.796407
0.804332
0.812325
0.820385
0.828508
0.836692
0.844934
0.853233
0.861584
0.869986
0.878435
0.886929
0.895464
0.904038
0.912647
0.921289
0.929961
0.938658
0.947379
0.956119
0.964875
0.973645
0.982425
0.991211
1.000000
0.480565
0.480627
0.480799
0.481080
0.481471
0.481971
0.482582
0.483302
0.484132
0.485071
0.486120
0.487280
0.488549
0.489928
0.491417
0.493017
0.494726
0.496546
0.498476
0.500517
0.502668
0.504929
0.507301
0.509784
0.512377
0.515082
0.517897
0.520823
0.523859
0.527007
0.530266
0.533636
0.537116
0.540708
0.544411
0.548224
0.552148
0.556183
0.560329
0.564585
0.568952
0.573429
0.578015
0.582712
0.587518
0.592433
0.597457
0.602590
0.607831
0.613179
0.618635
0.624198
0.629866
0.635640
0.641519
0.647502
0.653588
0.659777
0.666067
0.672458
0.678949
0.685538
0.692225
0.699008
0.705886
0.712857
0.719921
0.727075
0.734319
0.741650
0.749067
0.756568
0.764151
0.771815
0.779556
0.787374
0.795266
0.803230
0.811262
0.819362
0.827527
0.835753
0.844039
0.852382
0.860778
0.869226
0.877722
0.886263
0.894847
0.903470
0.912129
0.920821
0.929543
0.938292
0.947064
0.955856
0.964665
0.973487
0.982319
0.991158
1.000000
0.478557
0.478618
0.478790
0.479071
0.479462
0.479962
0.480572
0.481292
0.482121
0.483061
0.484110
0.485268
0.486537
0.487916
0.489405
0.491004
0.492713
0.494533
0.496463
0.498503
0.500654
0.502916
0.505288
0.507771
0.510365
0.513070
0.515885
0.518812
0.521850
0.525000
0.528260
0.531632
0.535115
0.538709
0.542415
0.546232
0.550160
0.554199
0.558349
0.562611
0.566983
0.571466
0.576059
0.580763
0.585577
0.590501
0.595534
0.600677
0.605928
0.611288
0.616756
0.622331
0.628014
0.633803
0.639697
0.645696
0.651800
0.658007
0.664317
0.670728
0.677241
0.683852
0.690563
0.697370
0.704274
0.711272
0.718364
0.725548
0.732822
0.740184
0.747634
0.755169
0.762787
0.770487
0.778266
0.786122
0.794053
0.802058
0.810133
0.818275
0.826484
0.834755
0.843087
0.851477
0.859922
0.868418
0.876964
0.885556
0.894191
0.902866
0.911577
0.920323
0.929099
0.937902
0.946729
0.955576
0.964440
0.973318
0.982207
0.991102
1.000000
0.476439
0.476501
0.476673
0.476954
0.477344
0.477844
0.478454
0.479173
0.480002
0.480941
0.481990
0.483148
0.484416
0.485795
0.487283
0.488882
0.490591
0.492410
0.494339
0.496380
0.498530
0.500792
0.503164
0.505647
0.508242
0.510947
0.513764
0.516692
0.519731
0.522882
0.526144
0.529517
0.533003
0.536600
0.540308
0.544129
0.548060
0.552104
0.556259
0.560526
0.564903
0.569393
0.573993
0.578704
0.583527
0.588459
0.593502
0.598655
0.603917
0.609289
0.614770
0.620359
0.626055
0.631859
0.637770
0.643787
0.649909
0.656135
0.662465
0.668898
0.675433
0.682068
0.688803
0.695637
0.702567
0.709594
0.716715
0.723930
0.731236
0.738632
0.746116
0.753686
0.761342
0.769079
0.776898
0.784795
0.792768
0.800815
0.808934
0.817123
0.825378
0.833697
0.842078
0.850517
0.859013
0.867561
0.876159
0.884805
0.893494
0.902224
0.910992
0.919794
0.928627
0.937488
0.946373
0.955279
0.964203
0.973140
0.982087
0.991042
1.000000
0.474213
0.474275
0.474446
0.474727
0.475117
0.475617
0.476226
0.476945
0.477774
0.478712
0.479760
0.480918
0.482186
0.483564
0.485052
0.486650
0.488358
0.490177
0.492106
0.494146
0.496296
0.498558
0.500930
0.503414
0.506008
0.508714
0.511531
0.514460
0.517500
0.520652
0.523916
0.527292
0.530779
0.534379
0.538090
0.541914
0.545850
0.549898
0.554058
0.558329
0.562713
0.567209
0.571816
0.576535
0.581366
0.586308
0.591360
0.596524
0.601798
0.607182
0.612675
0.618278
0.623990
0.629810
0.635738
0.641772
0.647913
0.654160
0.660511
0.666966
0.673524
0.680184
0.686945
0.693806
0.700765
0.707822
0.714974
0.722220
0.729560
0.736991
0.744511
0.752119
0.759813
0.767591
0.775451
0.783391
0.791409
0.799501
0.807667
0.815904
0.824208
0.832577
0.841010
0.849502
0.858051
0.866654
0.875308
0.884010
0.892757
0.901546
0.910373
0.919234
0.928128
0.937050
0.945997
0.954965
0.963950
0.972950
0.981961
0.990979
1.000000
0.471878
0.471940
0.472111
0.472392
0.472782
0.473281
0.473890
0.474608
0.475436
0.476374
0.477422
0.478579
0.479846
0.481223
0.482711
0.484308
0.486016
0.487834
0.489763
0.491802
0.493952
0.496213
0.498586
0.501069
0.503664
0.506370
0.509188
0.512117
0.515158
0.518312
0.521577
0.524955
0.528444
0.532046
0.535761
0.539588
0.543528
0.547580
0.551744
0.556022
0.560411
0.564914
0.569528
0.574255
0.579094
0.584045
0.589108
0.594282
0.599568
0.604965
0.610472
0.616089
0.621817
0.627653
0.633598
0.639651
0.645812
0.652079
0.658453
0.664931
0.671514
0.678200
0.684988
0.691877
0.698866
0.705953
0.713138
0.720418
0.727793
0.735260
0.742819
0.750466
0.758201
0.766022
0.773925
0.781910
0.789974
0.798115
0.806329
0.814616
0.822972
0.831395
0.839881
0.848429
0.857035
0.865696
0.874408
0.883170
0.891978
0.900828
0.909718
0.918643
0.927601
0.936587
0.945599
0.954632
0.963684
0.972750
0.981828
0.990912
1.000000
0.469435
0.469496
0.469667
0.469948
0.470337
0.470836
0.471445
0.472163
0.472990
0.473927
0.474974
0.476130
0.477397
0.478773
0.480260
0.481857
0.483564
0.485381
0.487309
0.489348
0.491498
0.493758
0.496130
0.498614
0.501208
0.503915
0.506733
0.509663
0.512705
0.515860
0.519126
0.522506
0.525997
0.529602
0.533320
0.537150
0.541093
0.545150
0.549319
0.553602
0.557997
0.562506
0.567128
0.571863
0.576711
0.581672
0.586745
0.591930
0.597228
0.602638
0.608159
0.613791
0.619534
0.625388
0.631351
0.637423
0.643605
0.649894
0.656290
0.662793
0.669401
0.676113
0.682929
0.689848
0.696868
0.703988
0.711206
0.718522
0.725934
0.733439
0.741037
0.748726
0.756504
0.764368
0.772318
0.780350
0.788463
0.796653
0.804920
0.813260
0.821670
0.830149
0.838692
0.847298
0.855963
0.864685
0.873460
0.882285
0.891157
0.900072
0.909027
0.918019
0.927044
0.936098
0.945179
0.954282
0.963403
0.972539
0.981687
0.990842
1.000000
0.466883
0.466944
0.467115
0.467395
0.467784
0.468282
0.468890
0.469608
0.470435
0.471371
0.472417
0.473573
0.474838
0.476214
0.477699
0.479295
0.481002
0.482818
0.484746
0.486784
0.488933
0.491193
0.493564
0.496047
0.498642
0.501348
0.504167
0.507097
0.510140
0.513296
0.516564
0.519944
0.523438
0.527045
0.530765
0.534599
0.538546
0.542607
0.546781
0.551069
0.555471
0.559986
0.564616
0.569359
0.574215
0.579185
0.584269
0.589466
0.594776
0.600199
0.605734
0.611382
0.617142
0.623013
0.628995
0.635087
0.641289
0.647601
0.654021
0.660548
0.667183
0.673923
0.680769
0.687718
0.694770
0.701924
0.709178
0.716530
0.723980
0.731526
0.739165
0.746897
0.754720
0.762630
0.770628
0.778709
0.786873
0.795116
0.803437
0.811833
0.820300
0.828837
0.837441
0.846108
0.854836
0.863621
0.872461
0.881353
0.890292
0.899275
0.908300
0.917362
0.926458
0.935584
0.944737
0.953912
0.963107
0.972317
0.981538
0.990767
1.000000
0.464222
0.464283
0.464454
0.464733
0.465122
0.465620
0.466227
0.466944
0.467770
0.468706
0.469751
0.470906
0.472170
0.473545
0.475029
0.476624
0.478329
0.480145
0.482072
0.484109
0.486257
0.488516
0.490887
0.493370
0.495964
0.498670
0.501489
0.504420
0.507463
0.510619
0.513888
0.517271
0.520766
0.524376
0.528098
0.531935
0.535886
0.539951
0.544130
0.548423
0.552831
0.557353
0.561990
0.566741
0.571606
0.576586
0.581681
0.586889
0.592212
0.597648
0.603198
0.608862
0.614638
0.620527
0.626528
0.632641
0.638865
0.645200
0.651644
0.658198
0.664860
0.671629
0.678505
0.685486
0.692571
0.699760
0.707050
0.714441
0.721931
0.729518
0.737201
0.744978
0.752847
0.760806
0.768853
0.776987
0.785204
0.793502
0.801880
0.810333
0.818861
0.827459
0.836125
0.844857
0.853651
0.862503
0.871412
0.880372
0.889382
0.898437
0.907535
0.916671
0.925841
0.935043
0.944272
0.953524
0.962796
0.972083
0.981382
0.990689
1.000000
0.461452
0.461514
0.461684
0.461963
0.462352
0.462849
0.463456
0.464172
0.464997
0.465931
0.466976
0.468129
0.469393
0.470766
0.472250
0.473843
0.475547
0.477362
0.479287
0.481323
0.483471
0.485729
0.488099
0.490581
0.493175
0.495881
0.498699
0.501630
0.504674
0.507830
0.511100
0.514484
0.517981
0.521593
0.525318
0.529158
0.533112
0.537181
0.541364
0.545663
0.550077
0.554605
0.559249
0.564009
0.568883
0.573873
0.578978
0.584198
0.589534
0.594984
0.600549
0.606228
0.612022
0.617929
0.623950
0.630084
0.636330
0.642689
0.649158
0.655739
0.662429
0.669228
0.676135
0.683149
0.690269
0.697494
0.704823
0.712253
0.719784
0.727415
0.735143
0.742966
0.750884
0.758894
0.766993
0.775181
0.783453
0.791809
0.800246
0.808760
0.817350
0.826013
0.834745
0.843544
0.852406
0.861329
0.870309
0.879343
0.888427
0.897558
0.906731
0.915945
0.925193
0.934474
0.943783
0.953116
0.962468
0.971837
0.981218
0.990607
1.000000
0.458575
0.458636
0.458806
0.459085
0.459473
0.459969
0.460575
0.461290
0.462115
0.463048
0.464091
0.465244
0.466506
0.467878
0.469361
0.470953
0.472655
0.474469
0.476393
0.478427
0.480573
0.482831
0.485200
0.487681
0.490274
0.492979
0.495797
0.498728
0.501771
0.504929
0.508199
0.511584
0.515083
0.518696
0.522424
0.526266
0.530224
0.534296
0.538484
0.542788
0.547208
0.551743
0.556394
0.561162
0.566045
0.571045
0.576161
0.581393
0.586741
0.592205
0.597785
0.603481
0.609292
0.615218
0.621259
0.627415
0.633684
0.640067
0.646562
0.653170
0.659889
0.666719
0.673658
0.680707
0.687863
0.695125
0.702493
0.709965
0.717539
0.725214
0.732989
0.740861
0.748829
0.756891
0.765045
0.773289
0.781620
0.790036
0.798534
0.807112
0.815767
0.824497
0.833298
0.842167
0.851102
0.860098
0.869153
0.878263
0.887425
0.896635
0.905889
0.915183
0.924514
0.933878
0.943270
0.952687
0.962125
0.971579
0.981046
0.990521
1.000000
0.455589
0.455650
0.455819
0.456098
0.456485
0.456981
0.457586
0.458301
0.459124
0.460056
0.461098
0.462249
0.463510
0.464881
0.466362
0.467952
0.469653
0.471465
0.473387
0.475421
0.477565
0.479821
0.482189
0.484669
0.487261
0.489965
0.492782
0.495713
0.498756
0.501914
0.505185
0.508570
0.512070
0.515685
0.519415
0.523260
0.527220
0.531297
0.535489
0.539798
0.544223
0.548765
0.553423
0.558199
0.563091
0.568101
0.573227
0.578471
0.583833
0.589311
0.594906
0.600618
0.606447
0.612393
0.618454
0.624632
0.630925
0.637332
0.643854
0.650490
0.657239
0.664101
0.671073
0.678157
0.685350
0.692651
0.700059
0.707574
0.715192
0.722914
0.730737
0.738660
0.746681
0.754797
0.763008
0.771310
0.779701
0.788179
0.796742
0.805387
0.814110
0.822910
0.831783
0.840725
0.849735
0.858808
0.867942
0.877132
0.886375
0.895667
0.905005
0.914384
0.923801
0.933252
0.942732
0.952238
0.961765
0.971309
0.980866
0.990431
1.000000
0.452494
0.452555
0.452725
0.453003
0.453389
0.453885
0.454489
0.455202
0.456024
0.456956
0.457996
0.459146
0.460405
0.461774
0.463253
0.464842
0.466541
0.468351
0.470272
0.472303
0.474446
0.476701
0.479067
0.481545
0.484136
0.486839
0.489655
0.492585
0.495628
0.498785
0.502057
0.505443
0.508943
0.512559
0.516291
0.520138
0.524102
0.528182
0.532378
0.536691
0.541122
0.545670
0.550336
0.555119
0.560020
0.565040
0.570177
0.575433
0.580807
0.586300
0.591911
0.597639
0.603486
0.609451
0.615534
0.621733
0.628050
0.634483
0.641033
0.647697
0.654477
0.661371
0.668378
0.675497
0.682728
0.690069
0.697520
0.705078
0.712743
0.720513
0.728386
0.736361
0.744437
0.752610
0.760879
0.769241
0.777696
0.786239
0.794869
0.803582
0.812377
0.821249
0.830197
0.839217
0.848305
0.857459
0.866674
0.875948
0.885276
0.894654
0.904080
0.913548
0.923055
0.932597
0.942169
0.951768
0.961388
0.971026
0.980676
0.990336
1.000000
0.449292
0.449353
0.449522
0.449799
0.450185
0.450680
0.451283
0.451995
0.452816
0.453746
0.454785
0.455933
0.457191
0.458558
0.460035
0.461622
0.463319
0.465127
0.467046
0.469075
0.471216
0.473469
0.475833
0.478309
0.480898
0.483600
0.486415
0.489344
0.492386
0.495543
0.498814
0.502200
0.505702
0.509319
0.513052
0.516901
0.520867
0.524950
0.529150
0.533468
0.537904
0.542458
0.547131
0.551922
0.556832
0.561861
0.567009
0.572277
0.577664
0.583171
0.588797
0.594543
0.600408
0.606392
0.612496
0.618718
0.625060
0.631519
0.638096
0.644790
0.651601
0.658528
0.665570
0.672727
0.679997
0.687379
0.694873
0.702476
0.710189
0.718008
0.725934
0.733963
0.742094
0.750326
0.758656
0.767082
0.775601
0.784212
0.792911
0.801697
0.810565
0.819514
0.828540
0.837639
0.846810
0.856047
0.865348
0.874709
0.884126
0.893595
0.903112
0.912673
0.922275
0.931912
0.941580
0.951275
0.960993
0.970729
0.980479
0.990237
1.000000
0.445982
0.446043
0.446211
0.446488
0.446874
0.447367
0.447969
0.448680
0.449500
0.450428
0.451465
0.452612
0.453867
0.455232
0.456707
0.458292
0.459987
0.461793
0.463709
0.465736
0.467875
0.470125
0.472487
0.474962
0.477549
0.480249
0.483062
0.485989
0.489031
0.492187
0.495457
0.498843
0.502345
0.505963
0.509697
0.513548
0.517516
0.521602
0.525805
0.530127
0.534568
0.539128
0.543807
0.548606
0.553524
0.558563
0.563722
0.569001
0.574401
0.579922
0.585564
0.591327
0.597210
0.603215
0.609340
0.615585
0.621951
0.628436
0.635042
0.641766
0.648609
0.655570
0.662648
0.669842
0.677153
0.684577
0.692115
0.699766
0.707527
0.715398
0.723377
0.731462
0.739652
0.747944
0.756337
0.764828
0.773415
0.782096
0.790868
0.799728
0.808673
0.817701
0.826808
0.835991
0.845247
0.854572
0.863962
0.873414
0.882923
0.892487
0.902100
0.911758
0.921458
0.931194
0.940963
0.950760
0.960580
0.970419
0.980271
0.990133
1.000000
0.442564
0.442625
0.442793
0.443069
0.443454
0.443947
0.444548
0.445257
0.446075
0.447002
0.448037
0.449181
0.450435
0.451798
0.453270
0.454853
0.456545
0.458348
0.460262
0.462286
0.464422
0.466670
0.469030
0.471502
0.474086
0.476784
0.479596
0.482521
0.485561
0.488716
0.491985
0.495371
0.498872
0.502490
0.506225
0.510077
0.514047
0.518136
0.522342
0.526668
0.531114
0.535679
0.540364
0.545170
0.550097
0.555145
0.560314
0.565605
0.571018
0.576553
0.582211
0.587990
0.593892
0.599916
0.606063
0.612332
0.618722
0.625235
0.631869
0.638624
0.645499
0.652495
0.659610
0.666843
0.674194
0.681662
0.689246
0.696945
0.704756
0.712680
0.720714
0.728857
0.737107
0.745462
0.753920
0.762479
0.771136
0.779889
0.788736
0.797674
0.806699
0.815809
0.825001
0.834271
0.843615
0.853031
0.862514
0.872061
0.881667
0.891329
0.901042
0.910802
0.920604
0.930445
0.940319
0.950222
0.960148
0.970094
0.980055
0.990025
1.000000
0.439039
0.439099
0.439267
0.439543
0.439926
0.440418
0.441018
0.441726
0.442542
0.443467
0.444500
0.445642
0.446893
0.448254
0.449724
0.451304
0.452993
0.454793
0.456704
0.458726
0.460859
0.463103
0.465460
0.467929
0.470512
0.473207
0.476016
0.478939
0.481977
0.485130
0.488398
0.491783
0.495283
0.498901
0.502636
0.506489
0.510461
0.514551
0.518761
0.523090
0.527540
0.532110
0.536801
0.541614
0.546549
0.551606
0.556785
0.562088
0.567513
0.573062
0.578735
0.584531
0.590452
0.596496
0.602664
0.608956
0.615372
0.621912
0.628575
0.635361
0.642270
0.649300
0.656453
0.663726
0.671119
0.678632
0.686262
0.694010
0.701874
0.709852
0.717943
0.726145
0.734457
0.742877
0.751402
0.760031
0.768761
0.777589
0.786514
0.795532
0.804640
0.813836
0.823115
0.832475
0.841912
0.851423
0.861003
0.870648
0.880355
0.890120
0.899937
0.909803
0.919713
0.929662
0.939646
0.949659
0.959697
0.969756
0.979829
0.989912
1.000000
0.435406
0.435466
0.435634
0.435909
0.436292
0.436782
0.437380
0.438087
0.438901
0.439824
0.440855
0.441995
0.443243
0.444601
0.446068
0.447645
0.449331
0.451128
0.453036
0.455054
0.457184
0.459425
0.461779
0.464245
0.466824
0.469516
0.472322
0.475243
0.478278
0.481429
0.484695
0.488078
0.491578
0.495195
0.498930
0.502783
0.506756
0.510848
0.515059
0.519392
0.523845
0.528420
0.533117
0.537936
0.542879
0.547944
0.553134
0.558447
0.563885
0.569448
0.575136
0.580949
0.586887
0.592952
0.599142
0.605457
0.611899
0.618466
0.625158
0.631976
0.638918
0.645985
0.653175
0.660489
0.667925
0.675483
0.683161
0.690960
0.698876
0.706910
0.715060
0.723323
0.731699
0.740186
0.748780
0.757482
0.766287
0.775193
0.784199
0.793300
0.802494
0.811778
0.821149
0.830603
0.840136
0.849745
0.859426
0.869174
0.878986
0.888858
0.898784
0.908760
0.918782
0.928844
0.938942
0.949071
0.959226
0.969402
0.979592
0.989794
1.000000
0.431667
0.431726
0.431893
0.432168
0.432549
0.433039
0.433636
0.434340
0.435153
0.436073
0.437102
0.438239
0.439485
0.440839
0.442303
0.443877
0.445560
0.447353
0.449257
0.451272
0.453398
0.455635
0.457985
0.460447
0.463023
0.465712
0.468515
0.471432
0.474464
0.477613
0.480877
0.484258
0.487756
0.491371
0.495106
0.498959
0.502932
0.507024
0.511238
0.515573
0.520029
0.524608
0.529310
0.534136
0.539085
0.544159
0.549358
0.554682
0.560132
0.565709
0.571411
0.577241
0.583198
0.589282
0.595494
0.601833
0.608300
0.614894
0.621616
0.628466
0.635442
0.642545
0.649774
0.657129
0.664609
0.672213
0.679941
0.687791
0.695762
0.703853
0.712063
0.720389
0.728831
0.737386
0.746053
0.754829
0.763711
0.772698
0.781787
0.790975
0.800258
0.809634
0.819100
0.828651
0.838284
0.847995
0.857781
0.867637
0.877558
0.887541
0.897580
0.907672
0.917810
0.927991
0.938208
0.948458
0.958734
0.969032
0.979346
0.989670
1.000000
0.427820
0.427880
0.428046
0.428320
0.428700
0.429188
0.429783
0.430486
0.431296
0.432214
0.433240
0.434375
0.435617
0.436969
0.438429
0.439999
0.441678
0.443468
0.445368
0.447378
0.449500
0.451734
0.454079
0.456537
0.459109
0.461794
0.464593
0.467507
0.470536
0.473680
0.476942
0.480320
0.483816
0.487430
0.491163
0.495015
0.498988
0.503081
0.507296
0.511632
0.516092
0.520674
0.525381
0.530212
0.535168
0.540249
0.545457
0.550792
0.556253
0.561843
0.567560
0.573406
0.579381
0.585485
0.591718
0.598081
0.604573
0.611196
0.617947
0.624829
0.631840
0.638979
0.646248
0.653645
0.661169
0.668821
0.676598
0.684501
0.692528
0.700678
0.708949
0.717340
0.725850
0.734476
0.743216
0.752069
0.761032
0.770102
0.779277
0.788554
0.797929
0.807401
0.816964
0.826617
0.836354
0.846171
0.856066
0.866033
0.876069
0.886167
0.896325
0.906536
0.916796
0.927100
0.937442
0.947818
0.958221
0.968646
0.979088
0.989541
1.000000
0.423867
0.423926
0.424092
0.424365
0.424745
0.425231
0.425824
0.426525
0.427333
0.428248
0.429272
0.430403
0.431642
0.432990
0.434446
0.436012
0.437687
0.439473
0.441368
0.443374
0.445491
0.447720
0.450061
0.452515
0.455082
0.457762
0.460557
0.463466
0.466491
0.469632
0.472890
0.476265
0.479758
0.483370
0.487101
0.490952
0.494923
0.499016
0.503231
0.507569
0.512031
0.516616
0.521327
0.526163
0.531125
0.536214
0.541430
0.546774
0.552247
0.557849
0.563581
0.569443
0.575435
0.581559
0.587813
0.594200
0.600718
0.607367
0.614149
0.621063
0.628108
0.635285
0.642594
0.650033
0.657603
0.665302
0.673131
0.681087
0.689171
0.697381
0.705715
0.714173
0.722752
0.731450
0.740267
0.749199
0.758244
0.767400
0.776665
0.786034
0.795505
0.805075
0.814741
0.824498
0.834342
0.844271
0.854279
0.864362
0.874515
0.884735
0.895015
0.905351
0.915738
0.926171
0.936643
0.947149
0.957685
0.968243
0.978819
0.989407
1.000000
0.419808
0.419867
0.420032
0.420304
0.420682
0.421167
0.421759
0.422457
0.423262
0.424175
0.425195
0.426323
0.427558
0.428902
0.430355
0.431916
0.433587
0.435367
0.437258
0.439259
0.441371
0.443595
0.445931
0.448379
0.450941
0.453616
0.456406
0.459311
0.462331
0.465468
0.468721
0.472092
0.475582
0.479190
0.482919
0.486768
0.490738
0.494830
0.499045
0.503383
0.507846
0.512434
0.517148
0.521988
0.526955
0.532051
0.537275
0.542629
0.548112
0.553726
0.559472
0.565349
0.571359
0.577502
0.583777
0.590187
0.596730
0.603407
0.610219
0.617165
0.624245
0.631460
0.638808
0.646291
0.653906
0.661654
0.669535
0.677546
0.685688
0.693959
0.702358
0.710884
0.719534
0.728308
0.737202
0.746216
0.755346
0.764591
0.773947
0.783412
0.792982
0.802654
0.812425
0.822291
0.832247
0.842290
0.852416
0.862620
0.872897
0.883242
0.893650
0.904116
0.914635
0.925201
0.935809
0.946452
0.957126
0.967823
0.978539
0.989266
1.000000
0.415643
0.415702
0.415866
0.416137
0.416514
0.416997
0.417587
0.418282
0.419085
0.419995
0.421011
0.422135
0.423367
0.424707
0.426155
0.427712
0.429377
0.431153
0.433038
0.435034
0.437140
0.439358
0.441689
0.444131
0.446687
0.449357
0.452141
0.455040
0.458055
0.461186
0.464435
0.467802
0.471287
0.474892
0.478617
0.482463
0.486430
0.490521
0.494735
0.499073
0.503537
0.508126
0.512842
0.517686
0.522658
0.527759
0.532991
0.538353
0.543846
0.549472
0.555231
0.561123
0.567150
0.573311
0.579608
0.586040
0.592608
0.599313
0.606155
0.613133
0.620248
0.627500
0.634889
0.642415
0.650077
0.657875
0.665808
0.673875
0.682076
0.690410
0.698875
0.707470
0.716193
0.725044
0.734019
0.743116
0.752334
0.761670
0.771121
0.780685
0.790357
0.800135
0.810015
0.819993
0.830065
0.840228
0.850476
0.860804
0.871209
0.881685
0.892226
0.902828
0.913485
0.924190
0.934939
0.945725
0.956543
0.967385
0.978246
0.989120
1.000000
0.411372
0.411431
0.411595
0.411864
0.412240
0.412721
0.413308
0.414002
0.414801
0.415708
0.416721
0.417841
0.419068
0.420403
0.421846
0.423398
0.425059
0.426828
0.428708
0.430698
0.432798
0.435010
0.437334
0.439770
0.442320
0.444983
0.447761
0.450654
0.453663
0.456788
0.460031
0.463393
0.466873
0.470473
0.474194
0.478036
0.482001
0.486089
0.490301
0.494638
0.499101
0.503691
0.508409
0.513256
0.518232
0.523338
0.528576
0.533946
0.539449
0.545086
0.550857
0.556764
0.562806
0.568986
0.575303
0.581757
0.588350
0.595082
0.601953
0.608964
0.616114
0.623404
0.630834
0.638403
0.646112
0.653960
0.661946
0.670071
0.678332
0.686729
0.695262
0.703928
0.712726
0.721655
0.730712
0.739896
0.749204
0.758634
0.768183
0.777848
0.787626
0.797513
0.807506
0.817601
0.827794
0.838079
0.848454
0.858913
0.869451
0.880062
0.890742
0.901485
0.912285
0.923136
0.934032
0.944967
0.955934
0.966928
0.977941
0.988967
1.000000
0.406997
0.407055
0.407218
0.407486
0.407860
0.408340
0.408925
0.409615
0.410412
0.411314
0.412323
0.413439
0.414662
0.415992
0.417430
0.418976
0.420631
0.422394
0.424268
0.426251
0.428345
0.430550
0.432867
0.435296
0.437839
0.440495
0.443266
0.446152
0.449154
0.452273
0.455510
0.458865
0.462339
0.465934
0.469650
0.473487
0.477448
0.481533
0.485742
0.490077
0.494540
0.499129
0.503848
0.508696
0.513675
0.518786
0.524029
0.529406
0.534918
0.540564
0.546347
0.552268
0.558326
0.564523
0.570860
0.577336
0.583954
0.590712
0.597613
0.604656
0.611841
0.619169
0.626639
0.634253
0.642009
0.649907
0.657947
0.666129
0.674451
0.682914
0.691515
0.700253
0.709128
0.718138
0.727279
0.736552
0.745953
0.755479
0.765129
0.774899
0.784786
0.794786
0.804896
0.815111
0.825428
0.835842
0.846349
0.856943
0.867619
0.878372
0.889196
0.900085
0.911034
0.922037
0.933086
0.944176
0.955300
0.966451
0.977623
0.988808
1.000000
0.402516
0.402574
0.402736
0.403004
0.403376
0.403853
0.404435
0.405123
0.405916
0.406815
0.407820
0.408931
0.410149
0.411474
0.412906
0.414446
0.416094
0.417852
0.419718
0.421694
0.423781
0.425979
0.428288
0.430710
0.433245
0.435893
0.438656
0.441535
0.444529
0.447641
0.450870
0.454218
0.457686
0.461274
0.464984
0.468816
0.472772
0.476852
0.481058
0.485390
0.489850
0.494439
0.499157
0.504006
0.508987
0.514101
0.519349
0.524732
0.530251
0.535907
0.541701
0.547634
0.553707
0.559921
0.566277
0.572775
0.579416
0.586201
0.593130
0.600205
0.607425
0.614790
0.622302
0.629959
0.637762
0.645712
0.653807
0.662047
0.670431
0.678959
0.687630
0.696443
0.705396
0.714487
0.723716
0.733079
0.742575
0.752201
0.761955
0.771833
0.781832
0.791949
0.802180
0.812520
0.822966
0.833513
0.844156
0.854890
0.865710
0.876609
0.887583
0.898626
0.909730
0.920890
0.932100
0.943351
0.954638
0.965954
0.977290
0.988642
1.000000
0.397931
0.397989
0.398150
0.398416
0.398787
0.399262
0.399841
0.400526
0.401315
0.402210
0.403210
0.404317
0.405529
0.406848
0.408274
0.409808
0.411450
0.413200
0.415059
0.417027
0.419106
0.421296
0.423597
0.426010
0.428537
0.431177
0.433931
0.436801
0.439787
0.442891
0.446112
0.449452
0.452912
0.456493
0.460196
0.464021
0.467971
0.472046
0.476247
0.480576
0.485032
0.489619
0.494336
0.499185
0.504167
0.509283
0.514534
0.519922
0.525448
0.531112
0.536916
0.542861
0.548948
0.555178
0.561551
0.568070
0.574734
0.581545
0.588503
0.595609
0.602863
0.610266
0.617818
0.625520
0.633371
0.641371
0.649521
0.657820
0.666267
0.674862
0.683604
0.692492
0.701525
0.710701
0.720018
0.729474
0.739068
0.748796
0.758656
0.768646
0.778761
0.788998
0.799353
0.809823
0.820403
0.831087
0.841872
0.852751
0.863720
0.874773
0.885903
0.897104
0.908370
0.919695
0.931070
0.942490
0.953948
0.965435
0.976944
0.988468
1.000000
0.393243
0.393300
0.393461
0.393725
0.394094
0.394566
0.395143
0.395824
0.396609
0.397500
0.398495
0.399596
0.400803
0.402116
0.403536
0.405062
0.406697
0.408439
0.410290
0.412251
0.414321
0.416502
0.418794
0.421198
0.423716
0.426346
0.429092
0.431952
0.434929
0.438023
0.441235
0.444566
0.448017
0.451590
0.455285
0.459103
0.463046
0.467114
0.471309
0.475633
0.480085
0.484668
0.489383
0.494230
0.499212
0.504329
0.509583
0.514975
0.520506
0.526177
0.531990
0.537946
0.544046
0.550290
0.556682
0.563220
0.569906
0.576742
0.583728
0.590864
0.598152
0.605593
0.613185
0.620931
0.628829
0.636881
0.645087
0.653445
0.661956
0.670618
0.679433
0.688397
0.697511
0.706772
0.716180
0.725732
0.735425
0.745259
0.755229
0.765333
0.775567
0.785929
0.796413
0.807017
0.817734
0.828561
0.839493
0.850523
0.861647
0.872859
0.884151
0.895518
0.906952
0.918448
0.929997
0.941593
0.953227
0.964893
0.976582
0.988287
1.000000
0.388451
0.388507
0.388667
0.388930
0.389297
0.389767
0.390340
0.391018
0.391799
0.392685
0.393675
0.394771
0.395971
0.397278
0.398690
0.400210
0.401836
0.403570
0.405413
0.407364
0.409425
0.411597
0.413880
0.416274
0.418781
0.421402
0.424137
0.426987
0.429953
0.433037
0.436239
0.439560
0.443002
0.446565
0.450251
0.454060
0.457995
0.462056
0.466244
0.470561
0.475008
0.479586
0.484297
0.489142
0.494122
0.499239
0.504494
0.509888
0.515423
0.521101
0.526921
0.532887
0.538998
0.545257
0.551664
0.558222
0.564930
0.571789
0.578802
0.585969
0.593290
0.600767
0.608399
0.616189
0.624135
0.632238
0.640499
0.648917
0.657492
0.666223
0.675111
0.684153
0.693349
0.702698
0.712198
0.721847
0.731643
0.741584
0.751667
0.761889
0.772247
0.782736
0.793354
0.804096
0.814956
0.825931
0.837015
0.848202
0.859487
0.870863
0.882324
0.893863
0.905473
0.917147
0.928877
0.940656
0.952475
0.964328
0.976205
0.988098
1.000000
0.383556
0.383612
0.383771
0.384033
0.384397
0.384864
0.385435
0.386108
0.386885
0.387766
0.388751
0.389840
0.391034
0.392334
0.393739
0.395250
0.396868
0.398593
0.400427
0.402369
0.404420
0.406581
0.408853
0.411237
0.413733
0.416343
0.419067
0.421906
0.424861
0.427934
0.431124
0.434435
0.437865
0.441418
0.445093
0.448893
0.452818
0.456870
0.461050
0.465359
0.469799
0.474371
0.479077
0.483918
0.488895
0.494011
0.499266
0.504661
0.510199
0.515881
0.521708
0.527682
0.533804
0.540075
0.546498
0.553073
0.559801
0.566684
0.573723
0.580919
0.588272
0.595785
0.603457
0.611290
0.619283
0.627438
0.635754
0.644232
0.652872
0.661672
0.670633
0.679755
0.689035
0.698473
0.708067
0.717816
0.727717
0.737768
0.747967
0.758310
0.768794
0.779416
0.790171
0.801055
0.812064
0.823192
0.834434
0.845783
0.857235
0.868783
0.880419
0.892137
0.903930
0.915790
0.927708
0.939678
0.951691
0.963738
0.975811
0.987901
1.000000
0.378559
0.378615
0.378773
0.379033
0.379395
0.379859
0.380426
0.381095
0.381868
0.382743
0.383722
0.384805
0.385992
0.387284
0.388681
0.390184
0.391793
0.393509
0.395332
0.397264
0.399305
0.401455
0.403716
0.406088
0.408573
0.411170
0.413882
0.416709
0.419652
0.422712
0.425891
0.429189
0.432607
0.436148
0.439812
0.443601
0.447515
0.451556
0.455727
0.460027
0.464459
0.469024
0.473723
0.478558
0.483531
0.488644
0.493897
0.499292
0.504831
0.510516
0.516348
0.522329
0.528460
0.534743
0.541179
0.547770
0.554517
0.561422
0.568486
0.575710
0.583096
0.590644
0.598355
0.606230
0.614271
0.622477
0.630848
0.639386
0.648090
0.656961
0.665996
0.675197
0.684563
0.694091
0.703781
0.713632
0.723640
0.733804
0.744122
0.754590
0.765204
0.775962
0.786859
0.797891
0.809052
0.820339
0.831744
0.843263
0.854888
0.866614
0.878433
0.890337
0.902320
0.914373
0.926489
0.938658
0.950872
0.963122
0.975399
0.987695
1.000000
0.373461
0.373516
0.373673
0.373931
0.374291
0.374752
0.375315
0.375980
0.376747
0.377617
0.378590
0.379666
0.380846
0.382129
0.383518
0.385012
0.386611
0.388317
0.390130
0.392051
0.394080
0.396219
0.398467
0.400827
0.403299
0.405884
0.408582
0.411396
0.414325
0.417372
0.420537
0.423822
0.427228
0.430755
0.434406
0.438182
0.442085
0.446114
0.450274
0.454563
0.458985
0.463541
0.468233
0.473061
0.478028
0.483136
0.488385
0.493779
0.499318
0.505004
0.510840
0.516826
0.522964
0.529257
0.535706
0.542312
0.549077
0.556002
0.563090
0.570341
0.577757
0.585339
0.593088
0.601006
0.609092
0.617349
0.625776
0.634374
0.643143
0.652083
0.661194
0.670476
0.679927
0.689548
0.699336
0.709290
0.719408
0.729688
0.740127
0.750722
0.761471
0.772369
0.783412
0.794596
0.805916
0.817366
0.828941
0.840635
0.852441
0.864351
0.876360
0.888459
0.900640
0.912895
0.925215
0.937592
0.950016
0.962479
0.974970
0.987480
1.000000
0.368261
0.368316
0.368472
0.368728
0.369085
0.369543
0.370102
0.370763
0.371525
0.372389
0.373355
0.374424
0.375595
0.376871
0.378250
0.379734
0.381323
0.383019
0.384820
0.386729
0.388746
0.390872
0.393108
0.395455
0.397913
0.400483
0.403168
0.405967
0.408882
0.411914
0.415065
0.418335
0.421726
0.425239
0.428876
0.432638
0.436527
0.440544
0.444690
0.448968
0.453378
0.457924
0.462605
0.467425
0.472385
0.477486
0.482730
0.488120
0.493657
0.499344
0.505181
0.511170
0.517315
0.523616
0.530075
0.536694
0.543475
0.550420
0.557530
0.564807
0.572252
0.579867
0.587654
0.595612
0.603744
0.612051
0.620533
0.629191
0.638025
0.647035
0.656222
0.665585
0.675123
0.684837
0.694724
0.704783
0.715013
0.725411
0.735975
0.746702
0.757589
0.768631
0.779825
0.791166
0.802649
0.814269
0.826020
0.837895
0.849888
0.861991
0.874197
0.886498
0.898886
0.911351
0.923885
0.936479
0.949123
0.961807
0.974521
0.987255
1.000000
0.362962
0.363016
0.363171
0.363425
0.363779
0.364234
0.364789
0.365444
0.366201
0.367058
0.368017
0.369078
0.370242
0.371508
0.372878
0.374352
0.375930
0.377614
0.379404
0.381300
0.383304
0.385417
0.387639
0.389971
0.392414
0.394970
0.397639
0.400423
0.403322
0.406338
0.409473
0.412727
0.416102
0.419600
0.423221
0.426968
0.430841
0.434843
0.438975
0.443239
0.447637
0.452170
0.456840
0.461649
0.466600
0.471693
0.476930
0.482315
0.487848
0.493532
0.499369
0.505360
0.511509
0.517816
0.524284
0.530915
0.537710
0.544673
0.551803
0.559104
0.566578
0.574224
0.582047
0.590045
0.598222
0.606578
0.615114
0.623831
0.632730
0.641810
0.651073
0.660518
0.670145
0.679952
0.689940
0.700107
0.710450
0.720969
0.731661
0.742522
0.753550
0.764741
0.776090
0.787594
0.799246
0.811041
0.822974
0.835037
0.847224
0.859528
0.871939
0.884451
0.897053
0.909738
0.922495
0.935316
0.948189
0.961104
0.974052
0.987020
1.000000
0.357562
0.357616
0.357770
0.358022
0.358373
0.358824
0.359375
0.360025
0.360776
0.361627
0.362578
0.363631
0.364786
0.366043
0.367402
0.368865
0.370432
0.372103
0.373880
0.375763
0.377754
0.379852
0.382059
0.384376
0.386803
0.389343
0.391996
0.394763
0.397645
0.400644
0.403762
0.406999
0.410356
0.413836
0.417441
0.421170
0.425027
0.429013
0.433129
0.437378
0.441760
0.446279
0.450936
0.455733
0.460672
0.465755
0.470984
0.476361
0.481888
0.487568
0.493403
0.499394
0.505544
0.511856
0.518330
0.524971
0.531779
0.538757
0.545906
0.553230
0.560729
0.568406
0.576263
0.584300
0.592521
0.600925
0.609514
0.618290
0.627253
0.636403
0.645742
0.655269
0.664985
0.674888
0.684977
0.695253
0.705713
0.716355
0.727177
0.738176
0.749349
0.760692
0.772202
0.783872
0.795699
0.807676
0.819797
0.832056
0.844445
0.856956
0.869581
0.882312
0.895139
0.908053
0.921043
0.934100
0.947212
0.960370
0.973561
0.986775
1.000000
0.352065
0.352118
0.352270
0.352520
0.352869
0.353316
0.353862
0.354506
0.355251
0.356094
0.357038
0.358083
0.359228
0.360474
0.361823
0.363274
0.364829
0.366488
0.368251
0.370120
0.372096
0.374178
0.376370
0.378670
0.381081
0.383603
0.386238
0.388988
0.391852
0.394833
0.397931
0.401149
0.404488
0.407950
0.411535
0.415246
0.419084
0.423052
0.427150
0.431382
0.435748
0.440251
0.444892
0.449675
0.454600
0.459671
0.464889
0.470257
0.475776
0.481450
0.487280
0.493268
0.499418
0.505732
0.512212
0.518859
0.525678
0.532669
0.539836
0.547180
0.554704
0.562409
0.570298
0.578373
0.586635
0.595086
0.603728
0.612562
0.621588
0.630808
0.640223
0.649833
0.659637
0.669636
0.679829
0.690215
0.700792
0.711560
0.722515
0.733655
0.744977
0.756477
0.768151
0.779995
0.792002
0.804167
0.816483
0.828945
0.841543
0.854270
0.867118
0.880077
0.893138
0.906290
0.919524
0.932828
0.946191
0.959601
0.973047
0.986518
1.000000
0.346469
0.346522
0.346672
0.346920
0.347265
0.347708
0.348249
0.348889
0.349626
0.350463
0.351398
0.352433
0.353569
0.354805
0.356142
0.357581
0.359123
0.360768
0.362517
0.364371
0.366330
0.368397
0.370571
0.372854
0.375247
0.377751
0.380368
0.383097
0.385942
0.388903
0.391982
0.395179
0.398498
0.401939
0.405504
0.409194
0.413013
0.416960
0.421039
0.425251
0.429599
0.434084
0.438708
0.443474
0.448384
0.453440
0.458645
0.464001
0.469510
0.475175
0.480998
0.486982
0.493129
0.499443
0.505924
0.512577
0.519404
0.526406
0.533588
0.540950
0.548496
0.556228
0.564148
0.572258
0.580561
0.589057
0.597750
0.606641
0.615730
0.625019
0.634509
0.644201
0.654095
0.664190
0.674487
0.684985
0.695682
0.706578
0.717669
0.728953
0.740428
0.752089
0.763932
0.775953
0.788146
0.800506
0.813025
0.825696
0.838512
0.851464
0.864543
0.877741
0.891045
0.904447
0.917934
0.931497
0.945121
0.958796
0.972510
0.986249
1.000000
0.340776
0.340829
0.340977
0.341223
0.341565
0.342004
0.342540
0.343173
0.343903
0.344732
0.345659
0.346684
0.347809
0.349034
0.350359
0.351785
0.353313
0.354944
0.356677
0.358515
0.360459
0.362508
0.364664
0.366929
0.369303
0.371787
0.374383
0.377093
0.379916
0.382856
0.385913
0.389089
0.392385
0.395804
0.399347
0.403015
0.406812
0.410737
0.414795
0.418986
0.423312
0.427777
0.432382
0.437129
0.442021
0.447061
0.452250
0.457591
0.463088
0.468741
0.474555
0.480532
0.486674
0.492985
0.499466
0.506122
0.512954
0.519965
0.527159
0.534537
0.542103
0.549859
0.557807
0.565951
0.574292
0.582833
0.591575
0.600521
0.609671
0.619029
0.628594
0.638368
0.648351
0.658543
0.668945
0.679556
0.690374
0.701400
0.712629
0.724061
0.735692
0.747518
0.759535
0.771740
0.784125
0.796685
0.809413
0.822303
0.835345
0.848531
0.861851
0.875296
0.888855
0.902517
0.916270
0.930103
0.944001
0.957954
0.971947
0.985967
1.000000
0.334987
0.335039
0.335186
0.335429
0.335768
0.336202
0.336733
0.337359
0.338083
0.338903
0.339821
0.340836
0.341950
0.343163
0.344475
0.345888
0.347401
0.349016
0.350734
0.352555
0.354481
0.356512
0.358649
0.360894
0.363248
0.365711
0.368286
0.370974
0.373775
0.376692
0.379726
0.382878
0.386151
0.389546
0.393065
0.396709
0.400481
0.404383
0.408417
0.412584
0.416888
0.421330
0.425913
0.430640
0.435512
0.440532
0.445703
0.451027
0.456508
0.462148
0.467950
0.473917
0.480051
0.486356
0.492834
0.499490
0.506324
0.513342
0.520545
0.527936
0.535519
0.543297
0.551272
0.559447
0.567824
0.576406
0.585196
0.594195
0.603406
0.612831
0.622470
0.632325
0.642397
0.652687
0.663194
0.673919
0.684860
0.696017
0.707387
0.718969
0.730760
0.742755
0.754952
0.767345
0.779928
0.792696
0.805641
0.818757
0.832033
0.845462
0.859034
0.872738
0.886563
0.900497
0.914527
0.928642
0.942828
0.957071
0.971356
0.985671
1.000000
0.329103
0.329155
0.329300
0.329541
0.329875
0.330305
0.330830
0.331450
0.332165
0.332977
0.333885
0.334890
0.335992
0.337193
0.338491
0.339890
0.341388
0.342987
0.344688
0.346491
0.348398
0.350410
0.352527
0.354751
0.357083
0.359525
0.362077
0.364741
0.367518
0.370411
0.373420
0.376547
0.379795
0.383164
0.386657
0.390275
0.394021
0.397897
0.401905
0.406047
0.410326
0.414743
0.419302
0.424005
0.428854
0.433852
0.439002
0.444307
0.449770
0.455393
0.461180
0.467134
0.473257
0.479554
0.486026
0.492678
0.499512
0.506533
0.513742
0.521144
0.528742
0.536538
0.544536
0.552740
0.561151
0.569772
0.578608
0.587659
0.596928
0.606418
0.616130
0.626066
0.636226
0.646613
0.657226
0.668065
0.679130
0.690420
0.701934
0.713669
0.725623
0.737792
0.750172
0.762759
0.775547
0.788530
0.801699
0.815049
0.828570
0.842252
0.856085
0.870059
0.884161
0.898379
0.912700
0.927111
0.941597
0.956144
0.970737
0.985361
1.000000
0.323125
0.323176
0.323320
0.323557
0.323888
0.324313
0.324832
0.325445
0.326152
0.326955
0.327853
0.328847
0.329937
0.331124
0.332409
0.333792
0.335274
0.336856
0.338539
0.340324
0.342211
0.344202
0.346298
0.348500
0.350810
0.353227
0.355755
0.358394
0.361147
0.364013
0.366996
0.370096
0.373317
0.376658
0.380123
0.383714
0.387432
0.391280
0.395260
0.399374
0.403625
0.408015
0.412547
0.417223
0.422047
0.427021
0.432147
0.437430
0.442871
0.448475
0.454244
0.460181
0.466291
0.472575
0.479038
0.485684
0.492515
0.499535
0.506748
0.514157
0.521765
0.529577
0.537596
0.545825
0.554267
0.562925
0.571803
0.580904
0.590230
0.599783
0.609566
0.619581
0.629829
0.640312
0.651031
0.661985
0.673175
0.684600
0.696259
0.708150
0.720271
0.732617
0.745186
0.757973
0.770971
0.784175
0.797578
0.811170
0.824944
0.838890
0.852995
0.867251
0.881642
0.896158
0.910783
0.925504
0.940306
0.955172
0.970087
0.985035
1.000000
0.317054
0.317104
0.317246
0.317481
0.317808
0.318227
0.318740
0.319346
0.320045
0.320838
0.321725
0.322707
0.323785
0.324958
0.326228
0.327595
0.329061
0.330625
0.332289
0.334054
0.335921
0.337890
0.339964
0.342142
0.344428
0.346821
0.349323
0.351936
0.354661
0.357500
0.360454
0.363526
0.366717
0.370029
0.373465
0.377025
0.380713
0.384530
0.388480
0.392564
0.396784
0.401145
0.405647
0.410295
0.415090
0.420036
0.425136
0.430393
0.435810
0.441391
0.447139
0.453057
0.459149
0.465418
0.471869
0.478504
0.485328
0.492344
0.499557
0.506969
0.514586
0.522410
0.530446
0.538697
0.547166
0.555859
0.564777
0.573924
0.583303
0.592918
0.602771
0.612863
0.623198
0.633777
0.644600
0.655670
0.666985
0.678547
0.690353
0.702402
0.714692
0.727220
0.739983
0.752974
0.766190
0.779623
0.793266
0.807111
0.821148
0.835367
0.849757
0.864306
0.879000
0.893827
0.908771
0.923817
0.938949
0.954150
0.969404
0.984693
1.000000
0.310891
0.310940
0.311080
0.311312
0.311635
0.312049
0.312555
0.313153
0.313843
0.314626
0.315503
0.316472
0.317537
0.318695
0.319950
0.321301
0.322748
0.324294
0.325938
0.327682
0.329527
0.331474
0.333524
0.335678
0.337938
0.340305
0.342780
0.345365
0.348061
0.350871
0.353796
0.356837
0.359997
0.363277
0.366681
0.370209
0.373864
0.377649
0.381566
0.385617
0.389805
0.394132
0.398603
0.403218
0.407982
0.412898
0.417968
0.423197
0.428586
0.434141
0.439864
0.445759
0.451830
0.458080
0.464514
0.471136
0.477949
0.484957
0.492166
0.499578
0.507199
0.515031
0.523080
0.531350
0.539843
0.548566
0.557521
0.566712
0.576142
0.585815
0.595735
0.605903
0.616323
0.626996
0.637924
0.649108
0.660550
0.672248
0.684203
0.696413
0.708876
0.721589
0.734550
0.747752
0.761191
0.774860
0.788752
0.802858
0.817169
0.831673
0.846359
0.861215
0.876226
0.891379
0.906657
0.922044
0.937523
0.953076
0.968686
0.984334
1.000000
0.304637
0.304685
0.304824
0.305052
0.305371
0.305779
0.306279
0.306869
0.307550
0.308322
0.309187
0.310144
0.311194
0.312338
0.313576
0.314909
0.316338
0.317864
0.319488
0.321210
0.323032
0.324955
0.326980
0.329108
0.331341
0.333680
0.336127
0.338682
0.341349
0.344127
0.347020
0.350029
0.353156
0.356403
0.359772
0.363266
0.366886
0.370636
0.374517
0.378533
0.382685
0.386978
0.391413
0.395994
0.400723
0.405605
0.410642
0.415839
0.421197
0.426722
0.432416
0.438285
0.444331
0.450559
0.456972
0.463576
0.470374
0.477371
0.484571
0.491979
0.499599
0.507436
0.515494
0.523778
0.532292
0.541041
0.550029
0.559260
0.568738
0.578467
0.588450
0.598692
0.609194
0.619960
0.630991
0.642290
0.653857
0.665693
0.677797
0.690170
0.702809
0.715712
0.728874
0.742293
0.755962
0.769875
0.784025
0.798402
0.812996
0.827797
0.842792
0.857969
0.873311
0.888805
0.904433
0.920178
0.936022
0.951946
0.967930
0.983955
1.000000
0.298293
0.298341
0.298478
0.298703
0.299017
0.299419
0.299912
0.300493
0.301165
0.301926
0.302779
0.303722
0.304758
0.305886
0.307107
0.308422
0.309832
0.311337
0.312939
0.314638
0.316437
0.318334
0.320333
0.322434
0.324639
0.326949
0.329365
0.331890
0.334524
0.337270
0.340129
0.343103
0.346195
0.349407
0.352740
0.356196
0.359779
0.363491
0.367335
0.371312
0.375426
0.379680
0.384077
0.388620
0.393312
0.398157
0.403158
0.408318
0.413642
0.419133
0.424796
0.430633
0.436650
0.442851
0.449240
0.455822
0.462601
0.469581
0.476769
0.484168
0.491783
0.499620
0.507682
0.515976
0.524506
0.533277
0.542294
0.551561
0.561083
0.570864
0.580908
0.591220
0.601802
0.612658
0.623791
0.635203
0.646895
0.658869
0.671124
0.683661
0.696478
0.709573
0.722943
0.736584
0.750489
0.764654
0.779069
0.793727
0.808617
0.823727
0.839044
0.854556
0.870245
0.886097
0.902092
0.918214
0.934442
0.950755
0.967134
0.983556
1.000000
0.291861
0.291908
0.292043
0.292265
0.292574
0.292970
0.293455
0.294028
0.294689
0.295440
0.296280
0.297209
0.298230
0.299341
0.300544
0.301840
0.303230
0.304714
0.306293
0.307968
0.309741
0.311613
0.313584
0.315657
0.317832
0.320111
0.322495
0.324987
0.327588
0.330299
0.333122
0.336061
0.339115
0.342289
0.345583
0.349001
0.352544
0.356216
0.360018
0.363955
0.368028
0.372240
0.376596
0.381098
0.385749
0.390553
0.395514
0.400635
0.405920
0.411374
0.417000
0.422802
0.428786
0.434956
0.441315
0.447870
0.454625
0.461585
0.468755
0.476140
0.483746
0.491577
0.499640
0.507939
0.516480
0.525268
0.534308
0.543607
0.553168
0.562997
0.573098
0.583477
0.594136
0.605080
0.616312
0.627835
0.639652
0.651763
0.664170
0.676872
0.689870
0.703160
0.716741
0.730609
0.744758
0.759181
0.773872
0.788821
0.804017
0.819449
0.835103
0.850964
0.867017
0.883244
0.899626
0.916143
0.932775
0.949499
0.966294
0.983135
1.000000
0.285342
0.285389
0.285521
0.285739
0.286043
0.286434
0.286911
0.287475
0.288125
0.288864
0.289691
0.290606
0.291610
0.292705
0.293889
0.295165
0.296534
0.297995
0.299550
0.301201
0.302948
0.304792
0.306734
0.308777
0.310921
0.313167
0.315519
0.317976
0.320541
0.323216
0.326002
0.328901
0.331917
0.335050
0.338303
0.341679
0.345180
0.348809
0.352568
0.356461
0.360489
0.364658
0.368969
0.373426
0.378032
0.382792
0.387709
0.392787
0.398030
0.403441
0.409027
0.414790
0.420736
0.426870
0.433196
0.439719
0.446445
0.453379
0.460526
0.467892
0.475483
0.483303
0.491360
0.499659
0.508206
0.517006
0.526065
0.535390
0.544986
0.554858
0.565012
0.575453
0.586185
0.597214
0.608543
0.620175
0.632114
0.644361
0.656919
0.669788
0.682968
0.696457
0.710253
0.724353
0.738751
0.753441
0.768416
0.783667
0.799181
0.814948
0.830954
0.847182
0.863615
0.880236
0.897024
0.913958
0.931016
0.948173
0.965406
0.982690
1.000000
0.278738
0.278783
0.278913
0.279128
0.279427
0.279811
0.280280
0.280834
0.281474
0.282200
0.283013
0.283913
0.284901
0.285978
0.287143
0.288398
0.289745
0.291183
0.292713
0.294337
0.296057
0.297872
0.299784
0.301796
0.303907
0.306120
0.308436
0.310857
0.313385
0.316021
0.318767
0.321627
0.324600
0.327691
0.330901
0.334233
0.337689
0.341272
0.344985
0.348830
0.352812
0.356932
0.361195
0.365604
0.370163
0.374875
0.379744
0.384774
0.389970
0.395336
0.400876
0.406596
0.412499
0.418592
0.424879
0.431365
0.438057
0.444959
0.452078
0.459419
0.466989
0.474794
0.482839
0.491132
0.499678
0.508484
0.517557
0.526903
0.536527
0.546437
0.556639
0.567137
0.577938
0.589047
0.600469
0.612208
0.624267
0.636649
0.649358
0.662394
0.675757
0.689447
0.703462
0.717798
0.732452
0.747417
0.762685
0.778248
0.794094
0.810210
0.826582
0.843193
0.860026
0.877061
0.894277
0.911650
0.929156
0.946771
0.964468
0.982220
1.000000
0.272049
0.272094
0.272221
0.272432
0.272726
0.273103
0.273564
0.274108
0.274737
0.275450
0.276249
0.277133
0.278104
0.279162
0.280307
0.281541
0.282864
0.284277
0.285782
0.287379
0.289070
0.290855
0.292736
0.294714
0.296792
0.298969
0.301249
0.303632
0.306120
0.308716
0.311421
0.314237
0.317167
0.320213
0.323377
0.326662
0.330070
0.333605
0.337268
0.341064
0.344995
0.349065
0.353276
0.357634
0.362140
0.366800
0.371617
0.376596
0.381741
0.387056
0.392546
0.398217
0.404073
0.410120
0.416362
0.422806
0.429458
0.436323
0.443408
0.450718
0.458261
0.466043
0.474071
0.482351
0.490890
0.499696
0.508776
0.518136
0.527783
0.537725
0.547968
0.558519
0.569384
0.580568
0.592079
0.603920
0.616096
0.628612
0.641469
0.654671
0.668219
0.682111
0.696348
0.710926
0.725842
0.741089
0.756660
0.772546
0.788736
0.805215
0.821970
0.838983
0.856235
0.873706
0.891371
0.909207
0.927188
0.945287
0.963475
0.981722
1.000000
0.265278
0.265322
0.265447
0.265653
0.265942
0.266312
0.266764
0.267298
0.267915
0.268615
0.269399
0.270267
0.271220
0.272258
0.273383
0.274594
0.275893
0.277281
0.278759
0.280328
0.281988
0.283742
0.285590
0.287535
0.289576
0.291717
0.293958
0.296301
0.298748
0.301302
0.303963
0.306735
0.309618
0.312617
0.315733
0.318968
0.322326
0.325809
0.329420
0.333163
0.337040
0.341055
0.345212
0.349513
0.353964
0.358568
0.363329
0.368252
0.373341
0.378601
0.384037
0.389653
0.395456
0.401451
0.407644
0.414040
0.420646
0.427467
0.434512
0.441785
0.449294
0.457047
0.465050
0.473310
0.481836
0.490635
0.499714
0.509082
0.518745
0.528712
0.538990
0.549586
0.560509
0.571764
0.583358
0.595297
0.607587
0.620232
0.633237
0.646604
0.660335
0.674432
0.688893
0.703717
0.718900
0.734437
0.750321
0.766541
0.783087
0.799946
0.817101
0.834534
0.852226
0.870155
0.888295
0.906620
0.925103
0.943714
0.962421
0.981194
1.000000
0.258425
0.258468
0.258591
0.258793
0.259076
0.259438
0.259882
0.260405
0.261010
0.261697
0.262465
0.263316
0.264251
0.265269
0.266371
0.267560
0.268834
0.270195
0.271645
0.273184
0.274814
0.276535
0.278349
0.280258
0.282262
0.284364
0.286565
0.288866
0.291271
0.293780
0.296395
0.299120
0.301955
0.304904
0.307968
0.311152
0.314456
0.317885
0.321441
0.325127
0.328947
0.332904
0.337002
0.341244
0.345635
0.350179
0.354879
0.359742
0.364770
0.369970
0.375346
0.380903
0.386648
0.392586
0.398722
0.405064
0.411618
0.418389
0.425386
0.432615
0.440084
0.447800
0.455771
0.464005
0.472509
0.481293
0.490364
0.499731
0.509403
0.519387
0.529693
0.540328
0.551301
0.562620
0.574291
0.586323
0.598722
0.611493
0.624641
0.638172
0.652086
0.666388
0.681076
0.696149
0.711605
0.727439
0.743643
0.760210
0.777126
0.794379
0.811952
0.829827
0.847981
0.866392
0.885033
0.903875
0.922890
0.942043
0.961303
0.980633
1.000000
0.251493
0.251535
0.251655
0.251853
0.252130
0.252485
0.252919
0.253432
0.254024
0.254696
0.255449
0.256282
0.257198
0.258195
0.259275
0.260439
0.261687
0.263022
0.264442
0.265951
0.267548
0.269235
0.271014
0.272885
0.274851
0.276912
0.279071
0.281329
0.283689
0.286151
0.288719
0.291394
0.294178
0.297075
0.300086
0.303214
0.306462
0.309834
0.313331
0.316958
0.320717
0.324612
0.328648
0.332827
0.337154
0.341633
0.346268
0.351065
0.356028
0.361162
0.366473
0.371966
0.377647
0.383521
0.389596
0.395877
0.402371
0.409086
0.416029
0.423206
0.430627
0.438299
0.446230
0.454428
0.462903
0.471664
0.480719
0.490077
0.499748
0.509742
0.520067
0.530733
0.541748
0.553123
0.564865
0.576983
0.589484
0.602376
0.615664
0.629355
0.643451
0.657957
0.672872
0.688198
0.703932
0.720070
0.736605
0.753528
0.770829
0.788493
0.806503
0.824839
0.843480
0.862399
0.881569
0.900959
0.920537
0.940267
0.960113
0.980037
1.000000
0.244483
0.244524
0.244641
0.244835
0.245106
0.245453
0.245877
0.246379
0.246958
0.247616
0.248352
0.249167
0.250062
0.251038
0.252095
0.253234
0.254456
0.255761
0.257152
0.258628
0.260192
0.261844
0.263585
0.265418
0.267343
0.269363
0.271478
0.273691
0.276003
0.278417
0.280935
0.283558
0.286289
0.289131
0.292086
0.295157
0.298346
0.301657
0.305092
0.308656
0.312351
0.316181
0.320149
0.324261
0.328520
0.332930
0.337496
0.342223
0.347115
0.352179
0.357419
0.362841
0.368451
0.374256
0.380262
0.386476
0.392904
0.399555
0.406436
0.413554
0.420919
0.428538
0.436420
0.444575
0.453012
0.461740
0.470769
0.480110
0.489771
0.499764
0.510100
0.520787
0.531836
0.543258
0.555063
0.567259
0.579856
0.592862
0.606285
0.620132
0.634407
0.649115
0.664259
0.679839
0.695855
0.712303
0.729177
0.746470
0.764168
0.782260
0.800726
0.819547
0.838699
0.858155
0.877885
0.897856
0.918032
0.938375
0.958845
0.979401
1.000000
0.237397
0.237437
0.237551
0.237741
0.238005
0.238344
0.238758
0.239248
0.239814
0.240456
0.241176
0.241972
0.242847
0.243800
0.244833
0.245946
0.247140
0.248416
0.249775
0.251219
0.252747
0.254363
0.256066
0.257859
0.259742
0.261718
0.263788
0.265953
0.268217
0.270580
0.273045
0.275614
0.278290
0.281075
0.283970
0.286980
0.290108
0.293355
0.296725
0.300222
0.303849
0.307610
0.311509
0.315549
0.319735
0.324071
0.328563
0.333214
0.338031
0.343019
0.348182
0.353528
0.359062
0.364791
0.370721
0.376860
0.383215
0.389794
0.396605
0.403656
0.410956
0.418514
0.426339
0.434440
0.442829
0.451515
0.460509
0.469821
0.479463
0.489445
0.499780
0.510479
0.521552
0.533012
0.544869
0.557135
0.569819
0.582932
0.596483
0.610480
0.624930
0.639838
0.655209
0.671045
0.687346
0.704110
0.721332
0.739004
0.757115
0.775652
0.794595
0.813925
0.833615
0.853638
0.873960
0.894547
0.915359
0.936355
0.957491
0.978722
1.000000
0.230236
0.230275
0.230387
0.230571
0.230829
0.231160
0.231564
0.232042
0.232594
0.233221
0.233922
0.234699
0.235553
0.236483
0.237491
0.238577
0.239742
0.240988
0.242315
0.243724
0.245217
0.246794
0.248458
0.250208
0.252048
0.253979
0.256001
0.258118
0.260331
0.262641
0.265052
0.267565
0.270182
0.272907
0.275741
0.278687
0.281749
0.284930
0.288232
0.291659
0.295214
0.298902
0.302726
0.306690
0.310799
0.315058
0.319470
0.324041
0.328777
0.333682
0.338763
0.344026
0.349477
0.355123
0.360971
0.367028
0.373303
0.379802
0.386534
0.393509
0.400735
0.408222
0.415980
0.424019
0.432349
0.440983
0.449930
0.459203
0.468813
0.478774
0.489097
0.499795
0.510881
0.522367
0.534267
0.546591
0.559353
0.572564
0.586235
0.600375
0.614994
0.630098
0.645694
0.661786
0.678374
0.695459
0.713037
0.731099
0.749637
0.768636
0.788078
0.807941
0.828199
0.848820
0.869771
0.891012
0.912502
0.934195
0.956043
0.977995
1.000000
0.223003
0.223041
0.223149
0.223329
0.223580
0.223902
0.224296
0.224762
0.225299
0.225910
0.226593
0.227350
0.228182
0.229088
0.230070
0.231129
0.232265
0.233479
0.234772
0.236146
0.237601
0.239139
0.240762
0.242469
0.244264
0.246147
0.248121
0.250187
0.252347
0.254602
0.256956
0.259410
0.261967
0.264629
0.267399
0.270279
0.273273
0.276383
0.279614
0.282967
0.286447
0.290058
0.293803
0.297688
0.301715
0.305890
0.310218
0.314703
0.319352
0.324170
0.329163
0.334336
0.339698
0.345254
0.351012
0.356980
0.363165
0.369576
0.376221
0.383111
0.390254
0.397660
0.405340
0.413306
0.421567
0.430136
0.439025
0.448247
0.457814
0.467740
0.478039
0.488724
0.499810
0.511310
0.523239
0.535610
0.548438
0.561736
0.575517
0.589792
0.604572
0.619867
0.635684
0.652029
0.668906
0.686316
0.704256
0.722720
0.741698
0.761178
0.781140
0.801563
0.822418
0.843673
0.865291
0.887229
0.909443
0.931881
0.954491
0.977216
1.000000
0.215699
0.215735
0.215841
0.216016
0.216260
0.216573
0.216956
0.217409
0.217932
0.218526
0.219191
0.219927
0.220736
0.221618
0.222573
0.223603
0.224709
0.225890
0.227149
0.228486
0.229903
0.231401
0.232980
0.234643
0.236391
0.238226
0.240149
0.242162
0.244267
0.246465
0.248760
0.251153
0.253647
0.256244
0.258946
0.261757
0.264680
0.267717
0.270872
0.274148
0.277549
0.281079
0.284742
0.288541
0.292483
0.296570
0.300808
0.305203
0.309759
0.314483
0.319381
0.324459
0.329724
0.335183
0.340844
0.346713
0.352801
0.359115
0.365665
0.372459
0.379509
0.386824
0.394416
0.402296
0.410476
0.418969
0.427788
0.436945
0.446456
0.456334
0.466595
0.477253
0.488324
0.499824
0.511768
0.524173
0.537054
0.550426
0.564304
0.578703
0.593635
0.609113
0.625145
0.641741
0.658906
0.676642
0.694950
0.713825
0.733258
0.753237
0.773742
0.794752
0.816237
0.838163
0.860490
0.883172
0.906158
0.929395
0.952822
0.976379
1.000000
0.208326
0.208361
0.208464
0.208634
0.208871
0.209175
0.209547
0.209986
0.210494
0.211071
0.211717
0.212432
0.213217
0.214074
0.215002
0.216003
0.217077
0.218225
0.219448
0.220747
0.222124
0.223580
0.225116
0.226732
0.228432
0.230216
0.232087
0.234045
0.236093
0.238232
0.240466
0.242796
0.245224
0.247753
0.250385
0.253124
0.255972
0.258933
0.262009
0.265205
0.268523
0.271968
0.275543
0.279254
0.283104
0.287098
0.291242
0.295540
0.299998
0.304623
0.309419
0.314395
0.319556
0.324910
0.330466
0.336230
0.342211
0.348419
0.354863
0.361552
0.368498
0.375711
0.383203
0.390986
0.399073
0.407477
0.416211
0.425291
0.434730
0.444546
0.454753
0.465368
0.476409
0.487893
0.499837
0.512260
0.525178
0.538609
0.552572
0.567081
0.582154
0.597803
0.614043
0.630884
0.648334
0.666398
0.685078
0.704372
0.724272
0.744768
0.765840
0.787466
0.809616
0.832253
0.855333
0.878809
0.902624
0.926717
0.951025
0.975476
1.000000
0.200886
0.200921
0.201020
0.201185
0.201414
0.201709
0.202069
0.202496
0.202988
0.203547
0.204173
0.204866
0.205628
0.206458
0.207359
0.208329
0.209370
0.210484
0.211670
0.212931
0.214267
0.215679
0.217169
0.218739
0.220389
0.222121
0.223937
0.225838
0.227827
0.229906
0.232076
0.234339
0.236699
0.239158
0.241718
0.244382
0.247152
0.250033
0.253028
0.256139
0.259370
0.262726
0.266210
0.269827
0.273581
0.277478
0.281521
0.285717
0.290071
0.294590
0.299278
0.304145
0.309195
0.314437
0.319879
0.325528
0.331395
0.337487
0.343815
0.350389
0.357220
0.364320
0.371700
0.379373
0.387353
0.395654
0.404289
0.413276
0.422629
0.432365
0.442503
0.453059
0.464052
0.475502
0.487428
0.499850
0.512788
0.526262
0.540292
0.554896
0.570095
0.585904
0.602340
0.619418
0.637147
0.655537
0.674592
0.694312
0.714692
0.735722
0.757385
0.779657
0.802508
0.825898
0.849782
0.874107
0.898811
0.923827
0.949083
0.974500
1.000000
0.193381
0.193415
0.193511
0.193670
0.193893
0.194178
0.194526
0.194939
0.195415
0.195956
0.196562
0.197233
0.197970
0.198774
0.199645
0.200584
0.201592
0.202670
0.203819
0.205039
0.206333
0.207701
0.209144
0.210664
0.212263
0.213941
0.215701
0.217544
0.219472
0.221487
0.223592
0.225787
0.228077
0.230462
0.232946
0.235532
0.238222
0.241020
0.243929
0.246952
0.250093
0.253355
0.256744
0.260263
0.263916
0.267710
0.271648
0.275736
0.279980
0.284386
0.288961
0.293710
0.298642
0.303764
0.309084
0.314610
0.320352
0.326319
0.332521
0.338969
0.345674
0.352648
0.359903
0.367453
0.375312
0.383495
0.392017
0.400894
0.410144
0.419784
0.429833
0.440311
0.451238
0.462635
0.474523
0.486925
0.499863
0.513359
0.527436
0.542118
0.557424
0.573378
0.589997
0.607299
0.625300
0.644011
0.663440
0.683591
0.704462
0.726043
0.748320
0.771269
0.794859
0.819049
0.843791
0.869025
0.894685
0.920697
0.946978
0.973443
1.000000
0.185814
0.185847
0.185940
0.186093
0.186308
0.186583
0.186920
0.187318
0.187778
0.188300
0.188885
0.189533
0.190245
0.191021
0.191863
0.192770
0.193744
0.194785
0.195895
0.197075
0.198325
0.199647
0.201042
0.202512
0.204057
0.205680
0.207382
0.209165
0.211030
0.212980
0.215016
0.217141
0.219358
0.221668
0.224073
0.226578
0.229185
0.231896
0.234716
0.237647
0.240694
0.243859
0.247148
0.250564
0.254112
0.257797
0.261624
0.265599
0.269727
0.274014
0.278468
0.283093
0.287899
0.292893
0.298083
0.303477
0.309085
0.314916
0.320982
0.327292
0.333858
0.340694
0.347812
0.355225
0.362948
0.370998
0.379389
0.388140
0.397268
0.406794
0.416735
0.427115
0.437955
0.449277
0.461105
0.473464
0.486378
0.499874
0.513977
0.528713
0.544108
0.560185
0.576970
0.594482
0.612743
0.631767
0.651568
0.672152
0.693520
0.715669
0.738583
0.762240
0.786610
0.811650
0.837307
0.863517
0.890209
0.917297
0.944691
0.972293
1.000000
0.178187
0.178218
0.178307
0.178455
0.178662
0.178927
0.179252
0.179635
0.180078
0.180582
0.181145
0.181770
0.182456
0.183204
0.184015
0.184889
0.185828
0.186832
0.187903
0.189040
0.190245
0.191520
0.192866
0.194284
0.195774
0.197340
0.198983
0.200703
0.202504
0.204386
0.206352
0.208405
0.210545
0.212777
0.215102
0.217523
0.220043
0.222664
0.225392
0.228227
0.231175
0.234240
0.237424
0.240733
0.244171
0.247742
0.251453
0.255309
0.259314
0.263477
0.267802
0.272297
0.276969
0.281826
0.286877
0.292129
0.297594
0.303279
0.309197
0.315358
0.321774
0.328458
0.335424
0.342686
0.350258
0.358158
0.366402
0.375008
0.383996
0.393386
0.403200
0.413459
0.424188
0.435412
0.447156
0.459447
0.472313
0.485783
0.499886
0.514651
0.530108
0.546286
0.563214
0.580917
0.599421
0.618747
0.638911
0.659927
0.681800
0.704528
0.728102
0.752500
0.777691
0.803633
0.830269
0.857529
0.885335
0.913591
0.942196
0.971038
1.000000
0.170501
0.170531
0.170617
0.170759
0.170957
0.171212
0.171524
0.171893
0.172319
0.172803
0.173344
0.173945
0.174605
0.175324
0.176104
0.176945
0.177847
0.178813
0.179842
0.180936
0.182096
0.183323
0.184618
0.185982
0.187417
0.188924
0.190505
0.192161
0.193895
0.195708
0.197602
0.199579
0.201642
0.203793
0.206034
0.208368
0.210798
0.213327
0.215958
0.218695
0.221541
0.224500
0.227576
0.230773
0.234095
0.237549
0.241138
0.244868
0.248746
0.252776
0.256966
0.261323
0.265853
0.270566
0.275469
0.280571
0.285881
0.291410
0.297169
0.303169
0.309422
0.315941
0.322741
0.329836
0.337241
0.344974
0.353052
0.361495
0.370322
0.379556
0.389218
0.399334
0.409927
0.421027
0.432659
0.444854
0.457644
0.471058
0.485131
0.499896
0.515387
0.531638
0.548682
0.566552
0.585278
0.604887
0.625404
0.646845
0.669224
0.692543
0.716796
0.741966
0.768023
0.794922
0.822605
0.850997
0.880009
0.909537
0.939464
0.969663
1.000000
0.162759
0.162787
0.162870
0.163006
0.163196
0.163441
0.163740
0.164093
0.164502
0.164966
0.165485
0.166061
0.166694
0.167383
0.168131
0.168938
0.169804
0.170730
0.171718
0.172767
0.173880
0.175057
0.176300
0.177609
0.178987
0.180434
0.181952
0.183542
0.185208
0.186949
0.188769
0.190669
0.192651
0.194718
0.196873
0.199118
0.201455
0.203888
0.206420
0.209054
0.211794
0.214643
0.217606
0.220687
0.223889
0.227219
0.230681
0.234281
0.238023
0.241916
0.245964
0.250175
0.254556
0.259115
0.263861
0.268803
0.273950
0.279312
0.284900
0.290727
0.296804
0.303144
0.309763
0.316675
0.323896
0.331444
0.339338
0.347597
0.356242
0.365296
0.374783
0.384729
0.395161
0.406108
0.417600
0.429669
0.442349
0.455675
0.469685
0.484416
0.499906
0.516196
0.533325
0.551331
0.570251
0.590121
0.610971
0.632827
0.655707
0.679623
0.704573
0.730545
0.757511
0.785427
0.814232
0.843845
0.874168
0.905083
0.936459
0.968150
1.000000
0.154963
0.154990
0.155069
0.155199
0.155381
0.155615
0.155901
0.156239
0.156629
0.157073
0.157570
0.158120
0.158725
0.159385
0.160100
0.160872
0.161700
0.162586
0.163531
0.164535
0.165600
0.166726
0.167915
0.169169
0.170487
0.171872
0.173326
0.174849
0.176444
0.178112
0.179855
0.181675
0.183575
0.185556
0.187622
0.189774
0.192016
0.194350
0.196779
0.199307
0.201937
0.204673
0.207519
0.210478
0.213556
0.216758
0.220087
0.223550
0.227152
0.230899
0.234799
0.238856
0.243080
0.247478
0.252059
0.256830
0.261803
0.266987
0.272394
0.278034
0.283921
0.290069
0.296491
0.303204
0.310224
0.317569
0.325258
0.333312
0.341753
0.350603
0.359890
0.369640
0.379881
0.390644
0.401963
0.413872
0.426407
0.439609
0.453518
0.468175
0.483626
0.499916
0.517090
0.535195
0.554275
0.574375
0.595532
0.617783
0.641156
0.665668
0.691329
0.718130
0.746049
0.775044
0.805051
0.835984
0.867734
0.900170
0.933140
0.966477
1.000000
0.147116
0.147142
0.147217
0.147341
0.147515
0.147737
0.148010
0.148332
0.148704
0.149127
0.149600
0.150125
0.150702
0.151331
0.152013
0.152749
0.153539
0.154384
0.155285
0.156242
0.157258
0.158333
0.159467
0.160663
0.161921
0.163243
0.164630
0.166084
0.167607
0.169199
0.170864
0.172603
0.174417
0.176311
0.178284
0.180341
0.182484
0.184716
0.187039
0.189458
0.191974
0.194593
0.197317
0.200152
0.203100
0.206168
0.209359
0.212680
0.216135
0.219731
0.223475
0.227372
0.231431
0.235659
0.240064
0.244657
0.249445
0.254440
0.259653
0.265095
0.270779
0.276719
0.282930
0.289427
0.296227
0.303350
0.310814
0.318641
0.326853
0.335475
0.344534
0.354058
0.364077
0.374625
0.385736
0.397448
0.409800
0.422836
0.436601
0.451141
0.466507
0.482751
0.499925
0.518084
0.537281
0.557570
0.579000
0.601618
0.625464
0.650566
0.676943
0.704597
0.733512
0.763649
0.794943
0.827305
0.860614
0.894721
0.929454
0.964618
1.000000
0.139219
0.139244
0.139316
0.139434
0.139598
0.139810
0.140069
0.140375
0.140728
0.141130
0.141580
0.142079
0.142626
0.143224
0.143872
0.144571
0.145322
0.146125
0.146981
0.147892
0.148857
0.149879
0.150957
0.152094
0.153291
0.154548
0.155867
0.157251
0.158699
0.160215
0.161799
0.163454
0.165181
0.166984
0.168864
0.170823
0.172864
0.174991
0.177205
0.179510
0.181910
0.184407
0.187006
0.189711
0.192525
0.195454
0.198502
0.201675
0.204978
0.208416
0.211997
0.215726
0.219612
0.223662
0.227884
0.232287
0.236880
0.241675
0.246682
0.251913
0.257380
0.263098
0.269081
0.275346
0.281909
0.288789
0.296007
0.303584
0.311543
0.319910
0.328713
0.337981
0.347746
0.358042
0.368908
0.380383
0.392510
0.405335
0.418908
0.433282
0.448511
0.464655
0.481775
0.499933
0.519195
0.539623
0.561280
0.584227
0.608515
0.634189
0.661280
0.689804
0.719753
0.751095
0.783769
0.817679
0.852694
0.888647
0.925339
0.962539
1.000000
0.131277
0.131300
0.131368
0.131479
0.131635
0.131835
0.132080
0.132370
0.132705
0.133085
0.133510
0.133982
0.134501
0.135067
0.135680
0.136342
0.137053
0.137813
0.138624
0.139486
0.140400
0.141368
0.142389
0.143466
0.144600
0.145791
0.147041
0.148352
0.149725
0.151161
0.152663
0.154232
0.155871
0.157580
0.159363
0.161222
0.163159
0.165177
0.167279
0.169468
0.171747
0.174120
0.176589
0.179160
0.181836
0.184621
0.187521
0.190540
0.193684
0.196958
0.200370
0.203924
0.207629
0.211492
0.215521
0.219726
0.224115
0.228698
0.233488
0.238494
0.243731
0.249212
0.254952
0.260966
0.267273
0.273891
0.280841
0.288144
0.295825
0.303910
0.312427
0.321406
0.330882
0.340891
0.351471
0.362666
0.374521
0.387086
0.400415
0.414566
0.429600
0.445584
0.462587
0.480680
0.499941
0.520446
0.542272
0.565493
0.590180
0.616394
0.644185
0.673584
0.704600
0.737210
0.771359
0.806949
0.843837
0.881836
0.920713
0.960201
1.000000
0.123290
0.123312
0.123376
0.123481
0.123628
0.123816
0.124047
0.124320
0.124635
0.124994
0.125395
0.125840
0.126329
0.126862
0.127440
0.128064
0.128734
0.129451
0.130215
0.131028
0.131890
0.132803
0.133766
0.134782
0.135851
0.136975
0.138154
0.139391
0.140687
0.142042
0.143460
0.144941
0.146488
0.148103
0.149787
0.151543
0.153373
0.155280
0.157267
0.159336
0.161491
0.163735
0.166072
0.168504
0.171037
0.173674
0.176420
0.179280
0.182260
0.185364
0.188599
0.191972
0.195488
0.199156
0.202984
0.206981
0.211154
0.215516
0.220076
0.224846
0.229838
0.235067
0.240547
0.246294
0.252326
0.258661
0.265321
0.272326
0.279703
0.287477
0.295678
0.304336
0.313487
0.323168
0.333420
0.344288
0.355821
0.368073
0.381100
0.394967
0.409740
0.425494
0.442306
0.460261
0.479444
0.499949
0.521867
0.545294
0.570318
0.597023
0.625482
0.655749
0.687852
0.721787
0.757508
0.794919
0.833869
0.874145
0.915479
0.957550
1.000000
0.115262
0.115282
0.115342
0.115441
0.115578
0.115755
0.115972
0.116228
0.116523
0.116859
0.117236
0.117653
0.118112
0.118612
0.119154
0.119740
0.120368
0.121041
0.121758
0.122521
0.123330
0.124186
0.125091
0.126044
0.127048
0.128103
0.129210
0.130372
0.131588
0.132862
0.134193
0.135585
0.137039
0.138556
0.140138
0.141789
0.143510
0.145303
0.147172
0.149119
0.151146
0.153258
0.155457
0.157748
0.160133
0.162618
0.165205
0.167901
0.170711
0.173639
0.176691
0.179875
0.183195
0.186661
0.190279
0.194058
0.198006
0.202135
0.206454
0.210974
0.215709
0.220671
0.225875
0.231338
0.237075
0.243107
0.249454
0.256138
0.263184
0.270618
0.278470
0.286773
0.295561
0.304873
0.314752
0.325245
0.336403
0.348283
0.360946
0.374461
0.388900
0.404346
0.420884
0.438611
0.457626
0.478037
0.499956
0.523496
0.548774
0.575898
0.604972
0.636077
0.669272
0.704578
0.741967
0.781352
0.822574
0.865396
0.909506
0.954520
1.000000
0.107194
0.107214
0.107269
0.107361
0.107490
0.107655
0.107857
0.108095
0.108371
0.108685
0.109036
0.109425
0.109853
0.110320
0.110826
0.111372
0.111958
0.112586
0.113255
0.113967
0.114722
0.115522
0.116366
0.117256
0.118193
0.119178
0.120212
0.121297
0.122433
0.123623
0.124867
0.126167
0.127525
0.128943
0.130422
0.131965
0.133574
0.135251
0.136999
0.138820
0.140717
0.142694
0.144752
0.146897
0.149130
0.151458
0.153882
0.156409
0.159043
0.161789
0.164653
0.167640
0.170758
0.174013
0.177412
0.180965
0.184679
0.188564
0.192630
0.196888
0.201352
0.206032
0.210945
0.216106
0.221531
0.227239
0.233251
0.239588
0.246276
0.253341
0.260813
0.268724
0.277110
0.286011
0.295471
0.305537
0.316264
0.327710
0.339941
0.353029
0.367054
0.382104
0.398275
0.415673
0.434413
0.454618
0.476422
0.499962
0.525382
0.552826
0.582429
0.614315
0.648581
0.685285
0.724431
0.765948
0.809677
0.855360
0.902630
0.951024
1.000000
0.099091
0.099108
0.099160
0.099245
0.099364
0.099517
0.099704
0.099926
0.100182
0.100472
0.100798
0.101159
0.101555
0.101988
0.102457
0.102963
0.103507
0.104089
0.104710
0.105370
0.106071
0.106812
0.107595
0.108421
0.109290
0.110204
0.111164
0.112170
0.113225
0.114329
0.115484
0.116691
0.117952
0.119268
0.120642
0.122076
0.123570
0.125129
0.126753
0.128445
0.130209
0.132047
0.133961
0.135956
0.138034
0.140200
0.142457
0.144810
0.147263
0.149822
0.152491
0.155276
0.158183
0.161220
0.164393
0.167710
0.171180
0.174811
0.178614
0.182598
0.186777
0.191162
0.195768
0.200609
0.205703
0.211067
0.216721
0.222688
0.228991
0.235657
0.242716
0.250200
0.258145
0.266591
0.275583
0.285169
0.295405
0.306352
0.318079
0.330661
0.344183
0.358740
0.374438
0.391393
0.409733
0.429601
0.451151
0.474548
0.499968
0.527592
0.557603
0.590173
0.625452
0.663552
0.704523
0.748330
0.794828
0.843737
0.894631
0.946945
1.000000
0.090953
0.090970
0.091017
0.091095
0.091205
0.091346
0.091518
0.091722
0.091957
0.092224
0.092524
0.092856
0.093221
0.093620
0.094051
0.094518
0.095018
0.095554
0.096125
0.096733
0.097378
0.098061
0.098782
0.099542
0.100343
0.101185
0.102068
0.102996
0.103967
0.104984
0.106048
0.107161
0.108323
0.109536
0.110803
0.112125
0.113503
0.114940
0.116438
0.117999
0.119627
0.121323
0.123090
0.124931
0.126850
0.128851
0.130936
0.133110
0.135378
0.137743
0.140212
0.142789
0.145480
0.148291
0.151230
0.154303
0.157519
0.160887
0.164415
0.168114
0.171995
0.176071
0.180354
0.184860
0.189604
0.194604
0.199879
0.205451
0.211343
0.217581
0.224195
0.231215
0.238679
0.246626
0.255100
0.264151
0.273835
0.284215
0.295361
0.307352
0.320277
0.334237
0.349344
0.365727
0.383526
0.402903
0.424032
0.447111
0.472349
0.499973
0.530219
0.563322
0.599502
0.638946
0.681778
0.728023
0.777569
0.830128
0.885211
0.942124
1.000000
0.082785
0.082800
0.082843
0.082915
0.083014
0.083143
0.083300
0.083486
0.083701
0.083945
0.084218
0.084521
0.084854
0.085217
0.085612
0.086037
0.086494
0.086983
0.087504
0.088059
0.088648
0.089271
0.089929
0.090623
0.091354
0.092123
0.092930
0.093776
0.094664
0.095593
0.096565
0.097581
0.098643
0.099751
0.100909
0.102117
0.103376
0.104690
0.106060
0.107488
0.108976
0.110527
0.112144
0.113829
0.115586
0.117417
0.119326
0.121317
0.123395
0.125562
0.127825
0.130187
0.132655
0.135235
0.137932
0.140754
0.143708
0.146802
0.150045
0.153448
0.157020
0.160772
0.164719
0.168873
0.173250
0.177866
0.182741
0.187894
0.193348
0.199130
0.205266
0.211787
0.218730
0.226133
0.234040
0.242500
0.251570
0.261312
0.271798
0.283109
0.295336
0.308585
0.322976
0.338643
0.355743
0.374451
0.394966
0.417513
0.442343
0.469732
0.499978
0.533392
0.570288
0.610954
0.655620
0.704414
0.757295
0.813996
0.873963
0.936339
1.000000
0.074588
0.074601
0.074640
0.074705
0.074795
0.074911
0.075053
0.075221
0.075415
0.075635
0.075882
0.076156
0.076456
0.076785
0.077141
0.077525
0.077937
0.078379
0.078850
0.079351
0.079883
0.080446
0.081040
0.081667
0.082328
0.083022
0.083752
0.084517
0.085318
0.086158
0.087037
0.087955
0.088915
0.089918
0.090964
0.092057
0.093196
0.094384
0.095623
0.096915
0.098262
0.099666
0.101130
0.102655
0.104246
0.105905
0.107634
0.109439
0.111321
0.113286
0.115338
0.117480
0.119720
0.122061
0.124509
0.127072
0.129755
0.132568
0.135517
0.138612
0.141863
0.145280
0.148876
0.152663
0.156655
0.160870
0.165323
0.170035
0.175027
0.180323
0.185950
0.191938
0.198321
0.205136
0.212426
0.220240
0.228632
0.237665
0.247410
0.257948
0.269374
0.281793
0.295330
0.310128
0.326351
0.344191
0.363867
0.385633
0.409779
0.436635
0.466568
0.499982
0.537304
0.578960
0.625336
0.676718
0.733203
0.794597
0.860305
0.929270
1.000000
0.066365
0.066378
0.066412
0.066470
0.066550
0.066654
0.066780
0.066930
0.067103
0.067299
0.067519
0.067763
0.068031
0.068324
0.068641
0.068984
0.069352
0.069745
0.070166
0.070612
0.071087
0.071588
0.072119
0.072678
0.073267
0.073887
0.074537
0.075220
0.075935
0.076685
0.077469
0.078288
0.079145
0.080040
0.080974
0.081949
0.082966
0.084028
0.085134
0.086288
0.087491
0.088745
0.090053
0.091417
0.092838
0.094321
0.095868
0.097481
0.099165
0.100923
0.102759
0.104677
0.106682
0.108779
0.110972
0.113269
0.115675
0.118197
0.120842
0.123620
0.126539
0.129609
0.132841
0.136247
0.139840
0.143635
0.147647
0.151897
0.156402
0.161186
0.166274
0.171695
0.177479
0.183664
0.190289
0.197401
0.205053
0.213306
0.222229
0.231901
0.242417
0.253882
0.266423
0.280186
0.295343
0.312095
0.330678
0.351373
0.374506
0.400459
0.429677
0.462665
0.499986
0.542245
0.590046
0.643918
0.704203
0.770883
0.843389
0.920436
1.000000
0.058120
0.058131
0.058161
0.058212
0.058282
0.058373
0.058484
0.058615
0.058767
0.058939
0.059132
0.059346
0.059582
0.059838
0.060117
0.060417
0.060740
0.061086
0.061454
0.061846
0.062262
0.062703
0.063168
0.063659
0.064176
0.064720
0.065291
0.065890
0.066518
0.067176
0.067864
0.068584
0.069337
0.070122
0.070943
0.071799
0.072693
0.073625
0.074598
0.075612
0.076669
0.077771
0.078921
0.080119
0.081370
0.082674
0.084034
0.085453
0.086935
0.088482
0.090098
0.091787
0.093553
0.095400
0.097332
0.099356
0.101478
0.103702
0.106036
0.108488
0.111065
0.113776
0.116632
0.119644
0.122822
0.126181
0.129735
0.133501
0.137498
0.141745
0.146266
0.151087
0.156237
0.161750
0.167664
0.174022
0.180874
0.188277
0.196297
0.205012
0.214510
0.224896
0.236295
0.248852
0.262740
0.278166
0.295379
0.314675
0.336412
0.361020
0.389016
0.421013
0.457730
0.499989
0.548683
0.604706
0.668807
0.741342
0.821933
0.909084
1.000000
0.049855
0.049864
0.049890
0.049934
0.049994
0.050072
0.050167
0.050280
0.050410
0.050558
0.050724
0.050908
0.051110
0.051331
0.051570
0.051828
0.052106
0.052403
0.052719
0.053056
0.053414
0.053792
0.054192
0.054614
0.055059
0.055526
0.056017
0.056532
0.057072
0.057637
0.058229
0.058848
0.059495
0.060170
0.060876
0.061612
0.062381
0.063183
0.064019
0.064892
0.065801
0.066750
0.067739
0.068771
0.069847
0.070970
0.072141
0.073363
0.074640
0.075972
0.077365
0.078820
0.080342
0.081934
0.083601
0.085347
0.087177
0.089097
0.091112
0.093229
0.095456
0.097799
0.100268
0.102873
0.105624
0.108532
0.111611
0.114876
0.118343
0.122030
0.125958
0.130150
0.134633
0.139437
0.144596
0.150150
0.156144
0.162631
0.169672
0.177338
0.185714
0.194898
0.205008
0.216185
0.228598
0.242452
0.257996
0.275535
0.295446
0.318193
0.344353
0.374641
0.409934
0.451298
0.499992
0.557417
0.624975
0.703747
0.793917
0.893969
1.000000
0.041572
0.041580
0.041602
0.041638
0.041689
0.041754
0.041833
0.041927
0.042036
0.042160
0.042298
0.042452
0.042621
0.042805
0.043004
0.043220
0.043452
0.043700
0.043964
0.044245
0.044544
0.044860
0.045194
0.045547
0.045918
0.046308
0.046718
0.047148
0.047599
0.048072
0.048566
0.049083
0.049623
0.050188
0.050778
0.051393
0.052036
0.052706
0.053405
0.054134
0.054895
0.055688
0.056515
0.057378
0.058278
0.059217
0.060197
0.061220
0.062287
0.063403
0.064568
0.065787
0.067061
0.068395
0.069791
0.071254
0.072787
0.074396
0.076086
0.077862
0.079729
0.081696
0.083769
0.085957
0.088268
0.090712
0.093302
0.096049
0.098968
0.102074
0.105385
0.108922
0.112707
0.116767
0.121132
0.125837
0.130921
0.136431
0.142421
0.148956
0.156110
0.163974
0.172655
0.182283
0.193016
0.205048
0.218617
0.234024
0.251643
0.271953
0.295564
0.323263
0.356065
0.395279
0.442570
0.499995
0.569930
0.654754
0.756019
0.872873
1.000000
0.033275
0.033281
0.033299
0.033328
0.033369
0.033421
0.033484
0.033560
0.033647
0.033746
0.033857
0.033980
0.034115
0.034263
0.034423
0.034596
0.034781
0.034980
0.035192
0.035417
0.035657
0.035910
0.036178
0.036460
0.036758
0.037070
0.037399
0.037744
0.038105
0.038484
0.038880
0.039295
0.039728
0.040181
0.040654
0.041147
0.041662
0.042200
0.042761
0.043345
0.043955
0.044592
0.045255
0.045947
0.046670
0.047423
0.048210
0.049030
0.049888
0.050783
0.051719
0.052697
0.053721
0.054792
0.055914
0.057089
0.058322
0.059615
0.060974
0.062402
0.063904
0.065487
0.067155
0.068917
0.070778
0.072748
0.074835
0.077050
0.079405
0.081912
0.084587
0.087445
0.090507
0.093793
0.097329
0.101144
0.105272
0.109750
0.114626
0.119953
0.125797
0.132233
0.139355
0.147276
0.156135
0.166105
0.177402
0.190300
0.205151
0.222412
0.242687
0.266781
0.295784
0.331181
0.375014
0.430061
0.499997
0.589320
0.702532
0.841504
1.000000
0.024967
0.024971
0.024985
0.025006
0.025037
0.025076
0.025124
0.025180
0.025246
0.025320
0.025404
0.025496
0.025597
0.025708
0.025828
0.025958
0.026098
0.026247
0.026406
0.026575
0.026755
0.026945
0.027146
0.027358
0.027582
0.027817
0.028064
0.028323
0.028594
0.028879
0.029176
0.029488
0.029813
0.030153
0.030509
0.030880
0.031267
0.031670
0.032092
0.032531
0.032990
0.033468
0.033967
0.034487
0.035030
0.035596
0.036188
0.036805
0.037450
0.038123
0.038827
0.039563
0.040333
0.041139
0.041983
0.042867
0.043795
0.044769
0.045792
0.046867
0.047999
0.049191
0.050449
0.051776
0.053180
0.054665
0.056240
0.057912
0.059690
0.061583
0.063604
0.065765
0.068081
0.070569
0.073247
0.076139
0.079271
0.082672
0.086380
0.090435
0.094890
0.099805
0.105255
0.111330
0.118143
0.125836
0.134586
0.144623
0.156248
0.169858
0.185991
0.205392
0.229107
0.258649
0.296245
0.345239
0.410675
0.499998
0.623285
0.790610
1.000000
0.016649
0.016653
0.016661
0.016676
0.016696
0.016722
0.016754
0.016792
0.016836
0.016885
0.016941
0.017003
0.017070
0.017144
0.017224
0.017311
0.017404
0.017504
0.017610
0.017723
0.017843
0.017970
0.018104
0.018245
0.018394
0.018551
0.018716
0.018889
0.019070
0.019260
0.019459
0.019667
0.019884
0.020111
0.020348
0.020595
0.020854
0.021123
0.021405
0.021698
0.022004
0.022324
0.022657
0.023004
0.023367
0.023745
0.024140
0.024552
0.024983
0.025432
0.025903
0.026394
0.026909
0.027447
0.028011
0.028602
0.029223
0.029873
0.030557
0.031276
0.032033
0.032831
0.033672
0.034560
0.035499
0.036494
0.037548
0.038667
0.039858
0.041127
0.042482
0.043931
0.045484
0.047154
0.048952
0.050895
0.053000
0.055288
0.057784
0.060518
0.063523
0.066843
0.070530
0.074647
0.079273
0.084508
0.090482
0.097359
0.105359
0.114779
0.126029
0.139688
0.156604
0.178061
0.206078
0.243977
0.297465
0.376713
0.499999
0.697652
1.000000
0.008326
0.008328
0.008332
0.008339
0.008350
0.008363
0.008379
0.008398
0.008419
0.008444
0.008472
0.008503
0.008537
0.008574
0.008614
0.008657
0.008704
0.008753
0.008807
0.008863
0.008923
0.008987
0.009054
0.009125
0.009199
0.009278
0.009360
0.009447
0.009537
0.009632
0.009732
0.009836
0.009944
0.010058
0.010177
0.010301
0.010430
0.010565
0.010705
0.010852
0.011005
0.011165
0.011332
0.011506
0.011687
0.011877
0.012074
0.012281
0.012496
0.012721
0.012957
0.013203
0.013460
0.013730
0.014012
0.014309
0.014619
0.014945
0.015288
0.015648
0.016027
0.016426
0.016848
0.017293
0.017763
0.018262
0.018790
0.019352
0.019949
0.020585
0.021265
0.021992
0.022771
0.023609
0.024513
0.025489
0.026546
0.027697
0.028952
0.030328
0.031841
0.033515
0.035375
0.037453
0.039792
0.042444
0.045474
0.048971
0.053050
0.057872
0.063657
0.070726
0.079561
0.090913
0.106029
0.127125
0.158495
0.209389
0.302347
0.500000
1.000000
0.000000
0.000000
0.000000
0.000000
0.000000
0.000000
0.000000
0.000000
0.000000
0.000000
0.000000
0.000000
0.000000
0.000000
0.000000
0.000000
0.000000
0.000000
0.000000
0.000000
0.000000
0.000000
0.000000
0.000000
0.000000
0.000000
0.000000
0.000000
0.000000
0.000000
0.000000
0.000000
0.000000
0.000000
0.000000
0.000000
0.000000
0.000000
0.000000
0.000000
0.000000
0.000000
0.000000
0.000000
0.000000
0.000000
0.000000
0.000000
0.000000
0.000000
0.000000
0.000000
0.000000
0.000000
0.000000
0.000000
0.000000
0.000000
0.000000
0.000000
0.000000
0.000000
0.000000
0.000000
0.000000
0.000000
0.000000
0.000000
0.000000
0.000000
0.000000
0.000000
0.000000
0.000000
0.000000
0.000000
0.000000
0.000000
0.000000
0.000000
0.000000
0.000000
0.000000
0.000000
0.000000
0.000000
0.000000
0.000000
0.000000
0.000000
0.000000
0.000000
0.000000
0.000000
0.000000
0.000000
0.000000
0.000000
0.000000
0.000000
1.000000