101 101
0.000000
-0.000007
-0.000014
-0.000022
-0.000030
-0.000038
-0.000046
-0.000055
-0.000063
-0.000073
-0.000082
-0.000091
-0.000101
-0.000111
-0.000121
-0.000131
-0.000142
-0.000152
-0.000163
-0.000174
-0.000184
-0.000195
-0.000206
-0.000218
-0.000229
-0.000240
-0.000252
-0.000263
-0.000274
-0.000286
-0.000297
-0.000309
-0.000320
-0.000332
-0.000343
-0.000354
-0.000366
-0.000377
-0.000388
-0.000399
-0.000410
-0.000421
-0.000432
-0.000443
-0.000454
-0.000464
-0.000475
-0.000485
-0.000495
-0.000505
-0.000515
-0.000525
-0.000534
-0.000544
-0.000553
-0.000562
-0.000571
-0.000579
-0.000588
-0.000596
-0.000604
-0.000612
-0.000620
-0.000627
-0.000635
-0.000642
-0.000649
-0.000655
-0.000662
-0.000668
-0.000674
-0.000680
-0.000685
-0.000691
-0.000696
-0.000701
-0.000705
-0.000710
-0.000714
-0.000718
-0.000722
-0.000725
-0.000729
-0.000732
-0.000735
-0.000738
-0.000740
-0.000743
-0.000745
-0.000747
-0.000749
-0.000750
-0.000752
-0.000753
-0.000754
-0.000755
-0.000755
-0.000756
-0.000756
-0.000757
-0.000757
-0.000007
-0.000014
-0.000021
-0.000028
-0.000035
-0.000042
-0.000049
-0.000057
-0.000064
-0.000072
-0.000080
-0.000087
-0.000095
-0.000103
-0.000111
-0.000119
-0.000127
-0.000135
-0.000143
-0.000150
-0.000158
-0.000166
-0.000174
-0.000182
-0.000190
-0.000198
-0.000206
-0.000214
-0.000221
-0.000229
-0.000237
-0.000244
-0.000252
-0.000259
-0.000266
-0.000274
-0.000281
-0.000288
-0.000295
-0.000301
-0.000308
-0.000315
-0.000321
-0.000327
-0.000333
-0.000339
-0.000345
-0.000351
-0.000357
-0.000362
-0.000367
-0.000372
-0.000377
-0.000382
-0.000387
-0.000391
-0.000396
-0.000400
-0.000404
-0.000408
-0.000411
-0.000415
-0.000418
-0.000421
-0.000424
-0.000427
-0.000430
-0.000433
-0.000435
-0.000437
-0.000439
-0.000441
-0.000443
-0.000445
-0.000447
-0.000448
-0.000449
-0.000451
-0.000452
-0.000453
-0.000453
-0.000454
-0.000455
-0.000455
-0.000456
-0.000456
-0.000457
-0.000457
-0.000457
-0.000457
-0.000457
-0.000457
-0.000457
-0.000457
-0.000457
-0.000457
-0.000457
-0.000457
-0.000457
-0.000457
-0.000457
-0.000014
-0.000021
-0.000027
-0.000032
-0.000038
-0.000043
-0.000047
-0.000051
-0.000055
-0.000058
-0.000061
-0.000064
-0.000066
-0.000068
-0.000070
-0.000071
-0.000072
-0.000072
-0.000072
-0.000072
-0.000072
-0.000071
-0.000070
-0.000068
-0.000066
-0.000064
-0.000062
-0.000059
-0.000056
-0.000053
-0.000049
-0.000045
-0.000041
-0.000037
-0.000032
-0.000027
-0.000022
-0.000017
-0.000011
-0.000005
0.000001
0.000008
0.000014
0.000021
0.000028
0.000035
0.000043
0.000050
0.000058
0.000066
0.000074
0.000083
0.000091
0.000100
0.000108
0.000117
0.000126
0.000135
0.000144
0.000153
0.000162
0.000172
0.000181
0.000190
0.000200
0.000209
0.000219
0.000228
0.000237
0.000247
0.000256
0.000265
0.000274
0.000283
0.000292
0.000300
0.000309
0.000317
0.000326
0.000334
0.000342
0.000349
0.000357
0.000364
0.000371
0.000377
0.000384
0.000390
0.000395
0.000401
0.000406
0.000410
0.000414
0.000418
0.000421
0.000424
0.000427
0.000429
0.000430
0.000431
0.000431
-0.000022
-0.000028
-0.000032
-0.000036
-0.000038
-0.000039
-0.000039
-0.000038
-0.000035
-0.000032
-0.000027
-0.000021
-0.000014
-0.000007
0.000002
0.000012
0.000023
0.000034
0.000047
0.000061
0.000075
0.000090
0.000106
0.000123
0.000141
0.000159
0.000178
0.000198
0.000219
0.000240
0.000262
0.000285
0.000308
0.000332
0.000356
0.000381
0.000406
0.000432
0.000459
0.000486
0.000513
0.000541
0.000569
0.000597
0.000626
0.000655
0.000684
0.000714
0.000743
0.000773
0.000804
0.000834
0.000864
0.000895
0.000926
0.000956
0.000987
0.001018
0.001048
0.001079
0.001109
0.001140
0.001170
0.001200
0.001230
0.001259
0.001288
0.001317
0.001346
0.001374
0.001402
0.001430
0.001457
0.001483
0.001509
0.001535
0.001560
0.001584
0.001608
0.001630
0.001653
0.001674
0.001695
0.001715
0.001734
0.001752
0.001769
0.001785
0.001801
0.001815
0.001828
0.001840
0.001851
0.001861
0.001870
0.001877
0.001883
0.001888
0.001892
0.001894
0.001895
-0.000030
-0.000035
-0.000038
-0.000038
-0.000036
-0.000032
-0.000025
-0.000016
-0.000005
0.000008
0.000023
0.000040
0.000059
0.000081
0.000104
0.000129
0.000155
0.000184
0.000214
0.000246
0.000280
0.000315
0.000352
0.000390
0.000430
0.000471
0.000513
0.000557
0.000602
0.000648
0.000695
0.000744
0.000793
0.000844
0.000896
0.000948
0.001001
0.001056
0.001111
0.001166
0.001223
0.001280
0.001338
0.001396
0.001455
0.001514
0.001573
0.001633
0.001694
0.001754
0.001815
0.001876
0.001937
0.001998
0.002059
0.002119
0.002180
0.002241
0.002301
0.002362
0.002421
0.002481
0.002540
0.002599
0.002657
0.002714
0.002771
0.002827
0.002883
0.002937
0.002991
0.003044
0.003096
0.003146
0.003196
0.003245
0.003292
0.003338
0.003383
0.003427
0.003469
0.003509
0.003549
0.003586
0.003622
0.003656
0.003688
0.003719
0.003747
0.003774
0.003799
0.003821
0.003842
0.003860
0.003876
0.003890
0.003901
0.003910
0.003917
0.003921
0.003922
-0.000038
-0.000042
-0.000043
-0.000039
-0.000032
-0.000021
-0.000006
0.000012
0.000034
0.000059
0.000088
0.000120
0.000155
0.000193
0.000234
0.000279
0.000326
0.000376
0.000429
0.000484
0.000542
0.000603
0.000665
0.000731
0.000798
0.000868
0.000940
0.001014
0.001090
0.001168
0.001248
0.001329
0.001412
0.001497
0.001583
0.001670
0.001759
0.001850
0.001941
0.002034
0.002127
0.002222
0.002317
0.002413
0.002510
0.002607
0.002706
0.002804
0.002903
0.003002
0.003102
0.003201
0.003301
0.003401
0.003500
0.003600
0.003699
0.003798
0.003896
0.003994
0.004091
0.004188
0.004283
0.004378
0.004472
0.004565
0.004657
0.004748
0.004837
0.004925
0.005012
0.005097
0.005181
0.005262
0.005342
0.005420
0.005496
0.005571
0.005642
0.005712
0.005779
0.005844
0.005907
0.005967
0.006024
0.006078
0.006130
0.006179
0.006224
0.006267
0.006306
0.006342
0.006374
0.006403
0.006429
0.006451
0.006469
0.006483
0.006493
0.006500
0.006502
-0.000046
-0.000049
-0.000047
-0.000039
-0.000025
-0.000006
0.000018
0.000048
0.000083
0.000123
0.000168
0.000217
0.000272
0.000330
0.000394
0.000461
0.000533
0.000609
0.000689
0.000773
0.000860
0.000951
0.001046
0.001144
0.001245
0.001350
0.001457
0.001568
0.001681
0.001798
0.001916
0.002037
0.002161
0.002287
0.002415
0.002545
0.002677
0.002810
0.002946
0.003083
0.003221
0.003361
0.003502
0.003644
0.003787
0.003931
0.004075
0.004220
0.004366
0.004512
0.004659
0.004805
0.004952
0.005098
0.005244
0.005390
0.005536
0.005680
0.005825
0.005968
0.006110
0.006252
0.006392
0.006531
0.006668
0.006804
0.006939
0.007071
0.007202
0.007330
0.007456
0.007580
0.007702
0.007821
0.007938
0.008051
0.008162
0.008270
0.008375
0.008476
0.008574
0.008668
0.008759
0.008846
0.008929
0.009008
0.009083
0.009153
0.009219
0.009281
0.009338
0.009390
0.009437
0.009479
0.009516
0.009547
0.009573
0.009594
0.009609
0.009618
0.009621
-0.000055
-0.000057
-0.000051
-0.000038
-0.000016
0.000012
0.000048
0.000091
0.000142
0.000199
0.000262
0.000333
0.000409
0.000492
0.000581
0.000676
0.000776
0.000883
0.000994
0.001111
0.001233
0.001360
0.001492
0.001628
0.001769
0.001914
0.002063
0.002216
0.002374
0.002534
0.002699
0.002866
0.003037
0.003211
0.003388
0.003568
0.003750
0.003934
0.004121
0.004310
0.004501
0.004693
0.004888
0.005083
0.005280
0.005478
0.005677
0.005877
0.006077
0.006278
0.006479
0.006680
0.006882
0.007083
0.007284
0.007484
0.007683
0.007882
0.008080
0.008277
0.008472
0.008666
0.008858
0.009048
0.009236
0.009422
0.009606
0.009787
0.009966
0.010142
0.010315
0.010484
0.010651
0.010813
0.010973
0.011128
0.011279
0.011426
0.011569
0.011707
0.011841
0.011970
0.012094
0.012212
0.012325
0.012433
0.012535
0.012631
0.012721
0.012805
0.012882
0.012953
0.013017
0.013075
0.013125
0.013168
0.013203
0.013231
0.013252
0.013264
0.013268
-0.000063
-0.000064
-0.000055
-0.000035
-0.000005
0.000034
0.000083
0.000142
0.000209
0.000286
0.000371
0.000465
0.000567
0.000677
0.000796
0.000921
0.001055
0.001196
0.001343
0.001498
0.001659
0.001827
0.002001
0.002181
0.002367
0.002558
0.002755
0.002957
0.003164
0.003376
0.003592
0.003813
0.004038
0.004267
0.004500
0.004736
0.004975
0.005218
0.005463
0.005711
0.005962
0.006215
0.006470
0.006727
0.006985
0.007245
0.007506
0.007768
0.008031
0.008294
0.008558
0.008821
0.009085
0.009349
0.009612
0.009874
0.010135
0.010396
0.010655
0.010912
0.011167
0.011421
0.011672
0.011921
0.012167
0.012411
0.012651
0.012888
0.013122
0.013351
0.013577
0.013799
0.014016
0.014229
0.014437
0.014639
0.014837
0.015029
0.015216
0.015396
0.015570
0.015738
0.015900
0.016055
0.016202
0.016343
0.016476
0.016601
0.016718
0.016828
0.016929
0.017021
0.017105
0.017179
0.017245
0.017301
0.017347
0.017383
0.017410
0.017426
0.017431
-0.000073
-0.000072
-0.000058
-0.000032
0.000008
0.000059
0.000123
0.000199
0.000286
0.000384
0.000494
0.000614
0.000745
0.000886
0.001037
0.001198
0.001368
0.001547
0.001735
0.001932
0.002138
0.002351
0.002573
0.002802
0.003038
0.003281
0.003531
0.003788
0.004051
0.004320
0.004595
0.004875
0.005161
0.005451
0.005746
0.006046
0.006349
0.006657
0.006968
0.007283
0.007600
0.007921
0.008244
0.008569
0.008897
0.009226
0.009556
0.009888
0.010221
0.010554
0.010888
0.011222
0.011556
0.011889
0.012222
0.012554
0.012884
0.013214
0.013541
0.013866
0.014189
0.014510
0.014828
0.015142
0.015453
0.015761
0.016065
0.016364
0.016659
0.016949
0.017235
0.017515
0.017789
0.018058
0.018320
0.018576
0.018826
0.019068
0.019303
0.019531
0.019751
0.019963
0.020167
0.020362
0.020548
0.020726
0.020893
0.021051
0.021199
0.021337
0.021465
0.021581
0.021687
0.021781
0.021863
0.021934
0.021992
0.022038
0.022071
0.022091
0.022098
-0.000082
-0.000080
-0.000061
-0.000027
0.000023
0.000088
0.000168
0.000262
0.000371
0.000494
0.000630
0.000779
0.000942
0.001117
0.001304
0.001503
0.001714
0.001936
0.002169
0.002413
0.002667
0.002931
0.003205
0.003488
0.003780
0.004081
0.004390
0.004707
0.005032
0.005364
0.005704
0.006050
0.006402
0.006760
0.007125
0.007494
0.007869
0.008248
0.008632
0.009020
0.009412
0.009807
0.010205
0.010606
0.011010
0.011416
0.011823
0.012232
0.012642
0.013053
0.013464
0.013875
0.014287
0.014697
0.015107
0.015516
0.015923
0.016329
0.016732
0.017132
0.017530
0.017925
0.018316
0.018703
0.019086
0.019465
0.019838
0.020207
0.020570
0.020927
0.021278
0.021622
0.021960
0.022290
0.022613
0.022928
0.023235
0.023533
0.023822
0.024102
0.024373
0.024634
0.024884
0.025124
0.025353
0.025571
0.025777
0.025971
0.026153
0.026322
0.026479
0.026622
0.026751
0.026867
0.026968
0.027055
0.027127
0.027183
0.027224
0.027249
0.027257
-0.000091
-0.000087
-0.000064
-0.000021
0.000040
0.000120
0.000217
0.000333
0.000465
0.000614
0.000779
0.000961
0.001158
0.001370
0.001597
0.001838
0.002093
0.002362
0.002644
0.002939
0.003246
0.003566
0.003897
0.004239
0.004592
0.004955
0.005329
0.005712
0.006105
0.006506
0.006916
0.007333
0.007759
0.008192
0.008631
0.009078
0.009530
0.009988
0.010451
0.010919
0.011392
0.011869
0.012349
0.012833
0.013320
0.013809
0.014301
0.014794
0.015289
0.015784
0.016280
0.016776
0.017272
0.017767
0.018261
0.018754
0.019245
0.019733
0.020219
0.020702
0.021182
0.021657
0.022128
0.022595
0.023057
0.023513
0.023963
0.024407
0.024844
0.025274
0.025697
0.026112
0.026519
0.026916
0.027305
0.027685
0.028054
0.028413
0.028761
0.029099
0.029424
0.029738
0.030040
0.030329
0.030604
0.030866
0.031114
0.031348
0.031567
0.031771
0.031959
0.032132
0.032287
0.032427
0.032548
0.032653
0.032739
0.032807
0.032856
0.032886
0.032896
-0.000101
-0.000095
-0.000066
-0.000014
0.000059
0.000155
0.000272
0.000409
0.000567
0.000745
0.000942
0.001158
0.001392
0.001644
0.001914
0.002201
0.002504
0.002824
0.003159
0.003509
0.003874
0.004253
0.004646
0.005053
0.005472
0.005903
0.006346
0.006801
0.007266
0.007743
0.008229
0.008724
0.009229
0.009742
0.010264
0.010793
0.011329
0.011872
0.012421
0.012977
0.013537
0.014102
0.014672
0.015245
0.015822
0.016402
0.016985
0.017569
0.018155
0.018742
0.019330
0.019918
0.020505
0.021092
0.021677
0.022261
0.022842
0.023421
0.023997
0.024569
0.025136
0.025700
0.026258
0.026810
0.027357
0.027897
0.028430
0.028956
0.029473
0.029983
0.030483
0.030974
0.031456
0.031927
0.032387
0.032836
0.033273
0.033698
0.034110
0.034510
0.034895
0.035267
0.035623
0.035965
0.036291
0.036601
0.036895
0.037172
0.037431
0.037672
0.037895
0.038098
0.038283
0.038447
0.038592
0.038715
0.038817
0.038897
0.038955
0.038990
0.039002
-0.000111
-0.000103
-0.000068
-0.000007
0.000081
0.000193
0.000330
0.000492
0.000677
0.000886
0.001117
0.001370
0.001644
0.001940
0.002256
0.002592
0.002947
0.003321
0.003713
0.004122
0.004549
0.004993
0.005452
0.005927
0.006417
0.006922
0.007440
0.007971
0.008515
0.009072
0.009640
0.010219
0.010809
0.011409
0.012018
0.012636
0.013263
0.013897
0.014539
0.015188
0.015842
0.016502
0.017168
0.017838
0.018511
0.019189
0.019869
0.020552
0.021236
0.021921
0.022608
0.023294
0.023980
0.024665
0.025348
0.026030
0.026709
0.027384
0.028056
0.028724
0.029386
0.030044
0.030695
0.031340
0.031978
0.032609
0.033231
0.033844
0.034448
0.035043
0.035627
0.036200
0.036761
0.037311
0.037848
0.038372
0.038882
0.039378
0.039859
0.040325
0.040774
0.041208
0.041624
0.042022
0.042403
0.042765
0.043107
0.043430
0.043732
0.044013
0.044273
0.044511
0.044726
0.044918
0.045086
0.045230
0.045349
0.045442
0.045510
0.045551
0.045565
-0.000121
-0.000111
-0.000070
0.000002
0.000104
0.000234
0.000394
0.000581
0.000796
0.001037
0.001304
0.001597
0.001914
0.002256
0.002621
0.003009
0.003419
0.003851
0.004304
0.004777
0.005270
0.005782
0.006313
0.006861
0.007427
0.008009
0.008608
0.009221
0.009849
0.010492
0.011147
0.011816
0.012496
0.013188
0.013892
0.014605
0.015328
0.016060
0.016800
0.017548
0.018304
0.019065
0.019833
0.020605
0.021383
0.022164
0.022949
0.023736
0.024525
0.025316
0.026107
0.026899
0.027690
0.028480
0.029268
0.030054
0.030836
0.031615
0.032390
0.033160
0.033924
0.034682
0.035433
0.036177
0.036912
0.037639
0.038356
0.039063
0.039760
0.040445
0.041118
0.041779
0.042426
0.043060
0.043679
0.044282
0.044870
0.045442
0.045996
0.046533
0.047051
0.047551
0.048030
0.048490
0.048928
0.049345
0.049740
0.050111
0.050460
0.050784
0.051083
0.051357
0.051605
0.051826
0.052020
0.052185
0.052322
0.052430
0.052508
0.052555
0.052571
-0.000131
-0.000119
-0.000071
0.000012
0.000129
0.000279
0.000461
0.000676
0.000921
0.001198
0.001503
0.001838
0.002201
0.002592
0.003009
0.003452
0.003921
0.004415
0.004932
0.005473
0.006036
0.006621
0.007227
0.007854
0.008500
0.009165
0.009848
0.010548
0.011266
0.011999
0.012748
0.013511
0.014288
0.015078
0.015881
0.016695
0.017520
0.018356
0.019201
0.020055
0.020917
0.021786
0.022662
0.023544
0.024431
0.025323
0.026218
0.027117
0.028017
0.028920
0.029823
0.030726
0.031629
0.032530
0.033429
0.034326
0.035219
0.036108
0.036992
0.037870
0.038742
0.039606
0.040463
0.041311
0.042150
0.042979
0.043798
0.044604
0.045399
0.046180
0.046948
0.047702
0.048440
0.049163
0.049869
0.050557
0.051228
0.051880
0.052512
0.053124
0.053715
0.054285
0.054832
0.055356
0.055855
0.056331
0.056781
0.057205
0.057602
0.057972
0.058313
0.058625
0.058908
0.059160
0.059381
0.059570
0.059726
0.059849
0.059938
0.059991
0.060010
-0.000142
-0.000127
-0.000072
0.000023
0.000155
0.000326
0.000533
0.000776
0.001055
0.001368
0.001714
0.002093
0.002504
0.002947
0.003419
0.003921
0.004452
0.005011
0.005596
0.006208
0.006846
0.007508
0.008193
0.008902
0.009633
0.010385
0.011158
0.011951
0.012762
0.013592
0.014438
0.015302
0.016181
0.017075
0.017982
0.018903
0.019837
0.020782
0.021737
0.022703
0.023678
0.024661
0.025652
0.026649
0.027652
0.028660
0.029673
0.030688
0.031707
0.032727
0.033748
0.034769
0.035790
0.036809
0.037826
0.038839
0.039849
0.040854
0.041853
0.042846
0.043831
0.044809
0.045777
0.046736
0.047684
0.048622
0.049546
0.050458
0.051356
0.052240
0.053108
0.053959
0.054794
0.055610
0.056408
0.057186
0.057944
0.058681
0.059396
0.060087
0.060755
0.061399
0.062017
0.062609
0.063174
0.063711
0.064220
0.064699
0.065147
0.065565
0.065951
0.066304
0.066623
0.066908
0.067157
0.067371
0.067547
0.067686
0.067787
0.067847
0.067868
-0.000152
-0.000135
-0.000072
0.000034
0.000184
0.000376
0.000609
0.000883
0.001196
0.001547
0.001936
0.002362
0.002824
0.003321
0.003851
0.004415
0.005011
0.005638
0.006295
0.006982
0.007697
0.008440
0.009210
0.010005
0.010825
0.011670
0.012537
0.013426
0.014337
0.015267
0.016217
0.017186
0.018172
0.019175
0.020193
0.021227
0.022274
0.023334
0.024406
0.025489
0.026582
0.027685
0.028796
0.029915
0.031040
0.032171
0.033306
0.034446
0.035588
0.036732
0.037877
0.039023
0.040167
0.041310
0.042450
0.043587
0.044719
0.045846
0.046966
0.048080
0.049185
0.050281
0.051367
0.052442
0.053506
0.054557
0.055594
0.056616
0.057623
0.058613
0.059587
0.060541
0.061477
0.062393
0.063287
0.064160
0.065009
0.065835
0.066637
0.067412
0.068161
0.068882
0.069575
0.070239
0.070872
0.071475
0.072045
0.072582
0.073085
0.073553
0.073985
0.074381
0.074739
0.075058
0.075338
0.075577
0.075775
0.075931
0.076043
0.076111
0.076134
-0.000163
-0.000143
-0.000072
0.000047
0.000214
0.000429
0.000689
0.000994
0.001343
0.001735
0.002169
0.002644
0.003159
0.003713
0.004304
0.004932
0.005596
0.006295
0.007028
0.007793
0.008590
0.009418
0.010275
0.011162
0.012075
0.013016
0.013982
0.014972
0.015987
0.017023
0.018082
0.019161
0.020259
0.021376
0.022510
0.023661
0.024827
0.026008
0.027202
0.028409
0.029626
0.030854
0.032092
0.033338
0.034591
0.035850
0.037114
0.038383
0.039655
0.040929
0.042204
0.043480
0.044754
0.046027
0.047297
0.048562
0.049823
0.051078
0.052325
0.053565
0.054795
0.056016
0.057225
0.058422
0.059606
0.060776
0.061930
0.063069
0.064190
0.065293
0.066376
0.067439
0.068481
0.069500
0.070496
0.071467
0.072413
0.073332
0.074224
0.075088
0.075921
0.076724
0.077496
0.078235
0.078940
0.079610
0.080244
0.080842
0.081402
0.081923
0.082404
0.082845
0.083243
0.083598
0.083910
0.084176
0.084397
0.084570
0.084695
0.084771
0.084797
-0.000174
-0.000150
-0.000072
0.000061
0.000246
0.000484
0.000773
0.001111
0.001498
0.001932
0.002413
0.002939
0.003509
0.004122
0.004777
0.005473
0.006208
0.006982
0.007793
0.008640
0.009523
0.010439
0.011388
0.012369
0.013381
0.014422
0.015491
0.016588
0.017710
0.018858
0.020029
0.021223
0.022439
0.023675
0.024930
0.026204
0.027495
0.028801
0.030123
0.031458
0.032805
0.034164
0.035534
0.036912
0.038299
0.039692
0.041091
0.042495
0.043903
0.045313
0.046724
0.048135
0.049545
0.050953
0.052358
0.053758
0.055153
0.056541
0.057922
0.059293
0.060654
0.062005
0.063343
0.064667
0.065977
0.067271
0.068548
0.069808
0.071048
0.072268
0.073466
0.074642
0.075795
0.076922
0.078024
0.079098
0.080145
0.081162
0.082148
0.083103
0.084026
0.084914
0.085767
0.086584
0.087364
0.088106
0.088808
0.089469
0.090088
0.090665
0.091197
0.091684
0.092124
0.092518
0.092862
0.093157
0.093400
0.093592
0.093730
0.093814
0.093843
-0.000184
-0.000158
-0.000072
0.000075
0.000280
0.000542
0.000860
0.001233
0.001659
0.002138
0.002667
0.003246
0.003874
0.004549
0.005270
0.006036
0.006846
0.007697
0.008590
0.009523
0.010494
0.011503
0.012547
0.013627
0.014740
0.015886
0.017063
0.018269
0.019505
0.020768
0.022057
0.023371
0.024708
0.026068
0.027450
0.028851
0.030272
0.031709
0.033163
0.034632
0.036115
0.037610
0.039117
0.040634
0.042159
0.043693
0.045232
0.046777
0.048325
0.049876
0.051429
0.052981
0.054533
0.056082
0.057627
0.059168
0.060702
0.062229
0.063748
0.065257
0.066754
0.068240
0.069712
0.071169
0.072610
0.074033
0.075438
0.076824
0.078188
0.079530
0.080848
0.082142
0.083409
0.084650
0.085862
0.087044
0.088195
0.089313
0.090398
0.091449
0.092463
0.093440
0.094379
0.095278
0.096135
0.096951
0.097723
0.098450
0.099131
0.099765
0.100351
0.100886
0.101371
0.101803
0.102182
0.102506
0.102774
0.102985
0.103137
0.103230
0.103261
-0.000195
-0.000166
-0.000071
0.000090
0.000315
0.000603
0.000951
0.001360
0.001827
0.002351
0.002931
0.003566
0.004253
0.004993
0.005782
0.006621
0.007508
0.008440
0.009418
0.010439
0.011503
0.012607
0.013751
0.014933
0.016152
0.017406
0.018694
0.020016
0.021368
0.022751
0.024162
0.025600
0.027065
0.028554
0.030066
0.031600
0.033155
0.034729
0.036320
0.037928
0.039551
0.041188
0.042838
0.044498
0.046168
0.047846
0.049531
0.051222
0.052917
0.054614
0.056313
0.058013
0.059711
0.061406
0.063098
0.064784
0.066464
0.068135
0.069797
0.071449
0.073088
0.074713
0.076324
0.077919
0.079496
0.081054
0.082592
0.084108
0.085601
0.087069
0.088512
0.089928
0.091315
0.092673
0.093999
0.095292
0.096552
0.097776
0.098964
0.100113
0.101223
0.102292
0.103320
0.104303
0.105242
0.106134
0.106979
0.107775
0.108520
0.109214
0.109855
0.110441
0.110971
0.111444
0.111859
0.112213
0.112506
0.112737
0.112903
0.113005
0.113039
-0.000206
-0.000174
-0.000070
0.000106
0.000352
0.000665
0.001046
0.001492
0.002001
0.002573
0.003205
0.003897
0.004646
0.005452
0.006313
0.007227
0.008193
0.009210
0.010275
0.011388
0.012547
0.013751
0.014997
0.016286
0.017614
0.018981
0.020385
0.021824
0.023298
0.024804
0.026342
0.027909
0.029505
0.031128
0.032775
0.034447
0.036141
0.037856
0.039590
0.041342
0.043110
0.044894
0.046691
0.048499
0.050319
0.052147
0.053983
0.055825
0.057672
0.059521
0.061372
0.063224
0.065074
0.066921
0.068764
0.070601
0.072430
0.074251
0.076062
0.077861
0.079646
0.081417
0.083172
0.084909
0.086627
0.088325
0.090000
0.091651
0.093278
0.094877
0.096449
0.097991
0.099502
0.100981
0.102426
0.103835
0.105207
0.106540
0.107834
0.109086
0.110295
0.111460
0.112578
0.113650
0.114672
0.115644
0.116565
0.117431
0.118243
0.118999
0.119697
0.120335
0.120913
0.121428
0.121879
0.122266
0.122585
0.122836
0.123017
0.123128
0.123165
-0.000218
-0.000182
-0.000068
0.000123
0.000390
0.000731
0.001144
0.001628
0.002181
0.002802
0.003488
0.004239
0.005053
0.005927
0.006861
0.007854
0.008902
0.010005
0.011162
0.012369
0.013627
0.014933
0.016286
0.017683
0.019124
0.020608
0.022131
0.023693
0.025292
0.026926
0.028595
0.030295
0.032027
0.033787
0.035575
0.037388
0.039226
0.041087
0.042968
0.044869
0.046787
0.048722
0.050672
0.052634
0.054608
0.056591
0.058583
0.060581
0.062584
0.064591
0.066599
0.068607
0.070614
0.072618
0.074617
0.076610
0.078595
0.080570
0.082534
0.084486
0.086423
0.088344
0.090247
0.092132
0.093995
0.095836
0.097653
0.099445
0.101209
0.102944
0.104649
0.106322
0.107961
0.109565
0.111132
0.112660
0.114149
0.115595
0.116998
0.118356
0.119668
0.120931
0.122145
0.123307
0.124416
0.125470
0.126468
0.127408
0.128289
0.129108
0.129865
0.130558
0.131184
0.131743
0.132233
0.132651
0.132998
0.133270
0.133467
0.133586
0.133627
-0.000229
-0.000190
-0.000066
0.000141
0.000430
0.000798
0.001245
0.001769
0.002367
0.003038
0.003780
0.004592
0.005472
0.006417
0.007427
0.008500
0.009633
0.010825
0.012075
0.013381
0.014740
0.016152
0.017614
0.019124
0.020682
0.022285
0.023931
0.025620
0.027348
0.029114
0.030918
0.032756
0.034627
0.036529
0.038461
0.040421
0.042407
0.044418
0.046451
0.048505
0.050578
0.052669
0.054776
0.056897
0.059030
0.061173
0.063325
0.065485
0.067649
0.069818
0.071988
0.074158
0.076327
0.078492
0.080652
0.082806
0.084950
0.087085
0.089207
0.091316
0.093409
0.095485
0.097542
0.099578
0.101592
0.103581
0.105544
0.107480
0.109386
0.111261
0.113104
0.114911
0.116682
0.118415
0.120108
0.121759
0.123367
0.124930
0.126446
0.127914
0.129331
0.130696
0.132007
0.133262
0.134461
0.135600
0.136678
0.137694
0.138645
0.139531
0.140349
0.141097
0.141774
0.142377
0.142906
0.143359
0.143733
0.144027
0.144240
0.144369
0.144413
-0.000240
-0.000198
-0.000064
0.000159
0.000471
0.000868
0.001350
0.001914
0.002558
0.003281
0.004081
0.004955
0.005903
0.006922
0.008009
0.009165
0.010385
0.011670
0.013016
0.014422
0.015886
0.017406
0.018981
0.020608
0.022285
0.024011
0.025784
0.027602
0.029464
0.031366
0.033308
0.035287
0.037302
0.039350
0.041431
0.043542
0.045680
0.047845
0.050035
0.052247
0.054479
0.056731
0.058999
0.061283
0.063580
0.065888
0.068205
0.070530
0.072861
0.075196
0.077533
0.079869
0.082204
0.084536
0.086862
0.089180
0.091490
0.093788
0.096073
0.098344
0.100597
0.102833
0.105047
0.107239
0.109407
0.111549
0.113663
0.115748
0.117800
0.119819
0.121802
0.123748
0.125655
0.127521
0.129344
0.131122
0.132853
0.134536
0.136168
0.137748
0.139273
0.140743
0.142155
0.143506
0.144796
0.146023
0.147184
0.148277
0.149302
0.150255
0.151135
0.151941
0.152669
0.153319
0.153889
0.154376
0.154779
0.155096
0.155325
0.155464
0.155511
-0.000252
-0.000206
-0.000062
0.000178
0.000513
0.000940
0.001457
0.002063
0.002755
0.003531
0.004390
0.005329
0.006346
0.007440
0.008608
0.009848
0.011158
0.012537
0.013982
0.015491
0.017063
0.018694
0.020385
0.022131
0.023931
0.025784
0.027688
0.029639
0.031637
0.033678
0.035763
0.037887
0.040049
0.042248
0.044481
0.046746
0.049042
0.051366
0.053715
0.056089
0.058486
0.060902
0.063337
0.065788
0.068252
0.070730
0.073217
0.075712
0.078214
0.080719
0.083227
0.085735
0.088241
0.090743
0.093239
0.095728
0.098206
0.100673
0.103125
0.105562
0.107980
0.110379
0.112755
0.115108
0.117435
0.119733
0.122002
0.124239
0.126441
0.128608
0.130736
0.132825
0.134871
0.136873
0.138829
0.140737
0.142595
0.144401
0.146152
0.147848
0.149485
0.151062
0.152576
0.154027
0.155411
0.156727
0.157973
0.159147
0.160246
0.161269
0.162213
0.163078
0.163860
0.164557
0.165168
0.165691
0.166123
0.166463
0.166709
0.166858
0.166909
-0.000263
-0.000214
-0.000059
0.000198
0.000557
0.001014
0.001568
0.002216
0.002957
0.003788
0.004707
0.005712
0.006801
0.007971
0.009221
0.010548
0.011951
0.013426
0.014972
0.016588
0.018269
0.020016
0.021824
0.023693
0.025620
0.027602
0.029639
0.031727
0.033865
0.036049
0.038280
0.040553
0.042867
0.045219
0.047609
0.050033
0.052489
0.054975
0.057489
0.060030
0.062593
0.065179
0.067784
0.070406
0.073044
0.075694
0.078355
0.081025
0.083702
0.086383
0.089066
0.091749
0.094430
0.097107
0.099778
0.102440
0.105092
0.107731
0.110355
0.112962
0.115550
0.118116
0.120659
0.123176
0.125665
0.128124
0.130551
0.132944
0.135301
0.137619
0.139896
0.142130
0.144319
0.146461
0.148554
0.150595
0.152583
0.154515
0.156389
0.158203
0.159954
0.161641
0.163262
0.164814
0.166295
0.167702
0.169035
0.170291
0.171467
0.172561
0.173572
0.174496
0.175333
0.176079
0.176733
0.177292
0.177755
0.178118
0.178381
0.178540
0.178594
-0.000274
-0.000221
-0.000056
0.000219
0.000602
0.001090
0.001681
0.002374
0.003164
0.004051
0.005032
0.006105
0.007266
0.008515
0.009849
0.011266
0.012762
0.014337
0.015987
0.017710
0.019505
0.021368
0.023298
0.025292
0.027348
0.029464
0.031637
0.033865
0.036145
0.038477
0.040856
0.043282
0.045751
0.048261
0.050810
0.053396
0.056017
0.058670
0.061352
0.064063
0.066798
0.069557
0.072336
0.075134
0.077948
0.080776
0.083615
0.086464
0.089319
0.092180
0.095042
0.097905
0.100766
0.103622
0.106471
0.109312
0.112141
0.114956
0.117756
0.120537
0.123298
0.126036
0.128748
0.131434
0.134090
0.136713
0.139303
0.141856
0.144370
0.146842
0.149272
0.151656
0.153991
0.156276
0.158509
0.160687
0.162807
0.164868
0.166867
0.168802
0.170671
0.172470
0.174199
0.175855
0.177435
0.178937
0.180359
0.181698
0.182952
0.184120
0.185198
0.186184
0.187077
0.187873
0.188570
0.189167
0.189660
0.190048
0.190328
0.190499
0.190556
-0.000286
-0.000229
-0.000053
0.000240
0.000648
0.001168
0.001798
0.002534
0.003376
0.004320
0.005364
0.006506
0.007743
0.009072
0.010492
0.011999
0.013592
0.015267
0.017023
0.018858
0.020768
0.022751
0.024804
0.026926
0.029114
0.031366
0.033678
0.036049
0.038477
0.040958
0.043490
0.046071
0.048698
0.051370
0.054083
0.056835
0.059623
0.062446
0.065301
0.068185
0.071096
0.074032
0.076989
0.079966
0.082961
0.085970
0.088991
0.092022
0.095061
0.098105
0.101151
0.104197
0.107241
0.110280
0.113313
0.116335
0.119345
0.122341
0.125320
0.128279
0.131217
0.134130
0.137017
0.139874
0.142700
0.145492
0.148247
0.150964
0.153639
0.156270
0.158855
0.161391
0.163876
0.166308
0.168683
0.171001
0.173257
0.175450
0.177577
0.179636
0.181624
0.183539
0.185378
0.187140
0.188821
0.190419
0.191932
0.193357
0.194692
0.195934
0.197081
0.198130
0.199080
0.199927
0.200669
0.201304
0.201829
0.202242
0.202540
0.202721
0.202782
-0.000297
-0.000237
-0.000049
0.000262
0.000695
0.001248
0.001916
0.002699
0.003592
0.004595
0.005704
0.006916
0.008229
0.009640
0.011147
0.012748
0.014438
0.016217
0.018082
0.020029
0.022057
0.024162
0.026342
0.028595
0.030918
0.033308
0.035763
0.038280
0.040856
0.043490
0.046178
0.048918
0.051707
0.054543
0.057422
0.060344
0.063304
0.066301
0.069331
0.072392
0.075483
0.078599
0.081738
0.084898
0.088077
0.091271
0.094478
0.097696
0.100921
0.104152
0.107385
0.110619
0.113850
0.117076
0.120295
0.123503
0.126698
0.129878
0.133040
0.136181
0.139299
0.142392
0.145456
0.148489
0.151488
0.154451
0.157376
0.160259
0.163099
0.165892
0.168635
0.171327
0.173965
0.176546
0.179068
0.181527
0.183922
0.186249
0.188507
0.190692
0.192803
0.194835
0.196788
0.198657
0.200442
0.202138
0.203744
0.205256
0.206673
0.207991
0.209209
0.210323
0.211330
0.212229
0.213017
0.213691
0.214248
0.214686
0.215003
0.215195
0.215260
-0.000309
-0.000244
-0.000045
0.000285
0.000744
0.001329
0.002037
0.002866
0.003813
0.004875
0.006050
0.007333
0.008724
0.010219
0.011816
0.013511
0.015302
0.017186
0.019161
0.021223
0.023371
0.025600
0.027909
0.030295
0.032756
0.035287
0.037887
0.040553
0.043282
0.046071
0.048918
0.051819
0.054773
0.057777
0.060827
0.063921
0.067056
0.070229
0.073439
0.076681
0.079954
0.083254
0.086578
0.089925
0.093291
0.096674
0.100071
0.103478
0.106894
0.110316
0.113740
0.117164
0.120586
0.124003
0.127411
0.130809
0.134193
0.137560
0.140909
0.144235
0.147537
0.150812
0.154057
0.157269
0.160445
0.163583
0.166681
0.169734
0.172741
0.175698
0.178604
0.181455
0.184248
0.186981
0.189652
0.192256
0.194792
0.197257
0.199648
0.201962
0.204197
0.206349
0.208417
0.210396
0.212286
0.214082
0.215783
0.217384
0.218885
0.220281
0.221570
0.222749
0.223817
0.224769
0.225603
0.226316
0.226906
0.227370
0.227705
0.227909
0.227978
-0.000320
-0.000252
-0.000041
0.000308
0.000793
0.001412
0.002161
0.003037
0.004038
0.005161
0.006402
0.007759
0.009229
0.010809
0.012496
0.014288
0.016181
0.018172
0.020259
0.022439
0.024708
0.027065
0.029505
0.032027
0.034627
0.037302
0.040049
0.042867
0.045751
0.048698
0.051707
0.054773
0.057895
0.061069
0.064292
0.067562
0.070875
0.074229
0.077620
0.081046
0.084505
0.087992
0.091506
0.095042
0.098600
0.102174
0.105764
0.109364
0.112974
0.116590
0.120209
0.123827
0.127443
0.131054
0.134655
0.138245
0.141821
0.145380
0.148918
0.152434
0.155923
0.159384
0.162812
0.166206
0.169563
0.172879
0.176152
0.179378
0.182556
0.185681
0.188751
0.191764
0.194716
0.197604
0.200425
0.203177
0.205857
0.208462
0.210988
0.213433
0.215795
0.218069
0.220254
0.222346
0.224343
0.226241
0.228037
0.229730
0.231315
0.232790
0.234153
0.235399
0.236527
0.237533
0.238414
0.239168
0.239791
0.240282
0.240636
0.240850
0.240923
-0.000332
-0.000259
-0.000037
0.000332
0.000844
0.001497
0.002287
0.003211
0.004267
0.005451
0.006760
0.008192
0.009742
0.011409
0.013188
0.015078
0.017075
0.019175
0.021376
0.023675
0.026068
0.028554
0.031128
0.033787
0.036529
0.039350
0.042248
0.045219
0.048261
0.051370
0.054543
0.057777
0.061069
0.064416
0.067815
0.071264
0.074758
0.078295
0.081871
0.085485
0.089132
0.092810
0.096515
0.100245
0.103996
0.107766
0.111552
0.115349
0.119156
0.122969
0.126785
0.130601
0.134415
0.138222
0.142020
0.145806
0.149577
0.153330
0.157062
0.160769
0.164449
0.168098
0.171714
0.175293
0.178833
0.182330
0.185781
0.189184
0.192534
0.195830
0.199068
0.202245
0.205358
0.208403
0.211379
0.214281
0.217107
0.219853
0.222518
0.225096
0.227586
0.229985
0.232289
0.234495
0.236600
0.238602
0.240497
0.242281
0.243953
0.245509
0.246945
0.248260
0.249449
0.250510
0.251439
0.252234
0.252891
0.253408
0.253782
0.254008
0.254085
-0.000343
-0.000266
-0.000032
0.000356
0.000896
0.001583
0.002415
0.003388
0.004500
0.005746
0.007125
0.008631
0.010264
0.012018
0.013892
0.015881
0.017982
0.020193
0.022510
0.024930
0.027450
0.030066
0.032775
0.035575
0.038461
0.041431
0.044481
0.047609
0.050810
0.054083
0.057422
0.060827
0.064292
0.067815
0.071393
0.075023
0.078701
0.082424
0.086189
0.089992
0.093831
0.097702
0.101602
0.105528
0.109477
0.113445
0.117429
0.121426
0.125433
0.129447
0.133464
0.137480
0.141494
0.145502
0.149500
0.153485
0.157454
0.161404
0.165331
0.169233
0.173107
0.176948
0.180754
0.184521
0.188247
0.191927
0.195560
0.199141
0.202668
0.206137
0.209545
0.212888
0.216165
0.219370
0.222502
0.225557
0.228531
0.231422
0.234226
0.236940
0.239561
0.242085
0.244510
0.246832
0.249048
0.251155
0.253149
0.255028
0.256787
0.258424
0.259936
0.261320
0.262571
0.263688
0.264666
0.265503
0.266195
0.266739
0.267131
0.267370
0.267451
-0.000354
-0.000274
-0.000027
0.000381
0.000948
0.001670
0.002545
0.003568
0.004736
0.006046
0.007494
0.009078
0.010793
0.012636
0.014605
0.016695
0.018903
0.021227
0.023661
0.026204
0.028851
0.031600
0.034447
0.037388
0.040421
0.043542
0.046746
0.050033
0.053396
0.056835
0.060344
0.063921
0.067562
0.071264
0.075023
0.078836
0.082701
0.086612
0.090568
0.094564
0.098598
0.102665
0.106763
0.110888
0.115036
0.119206
0.123392
0.127591
0.131801
0.136018
0.140238
0.144458
0.148676
0.152886
0.157086
0.161273
0.165443
0.169594
0.173720
0.177820
0.181889
0.185924
0.189923
0.193881
0.197795
0.201663
0.205479
0.209242
0.212947
0.216591
0.220172
0.223685
0.227127
0.230495
0.233785
0.236994
0.240119
0.243156
0.246102
0.248954
0.251707
0.254360
0.256907
0.259347
0.261675
0.263888
0.265983
0.267957
0.269805
0.271525
0.273114
0.274567
0.275882
0.277055
0.278083
0.278962
0.279689
0.280260
0.280673
0.280924
0.281009
-0.000366
-0.000281
-0.000022
0.000406
0.001001
0.001759
0.002677
0.003750
0.004975
0.006349
0.007869
0.009530
0.011329
0.013263
0.015328
0.017520
0.019837
0.022274
0.024827
0.027495
0.030272
0.033155
0.036141
0.039226
0.042407
0.045680
0.049042
0.052489
0.056017
0.059623
0.063304
0.067056
0.070875
0.074758
0.078701
0.082701
0.086754
0.090857
0.095006
0.099197
0.103428
0.107694
0.111992
0.116318
0.120670
0.125043
0.129433
0.133838
0.138254
0.142676
0.147103
0.151529
0.155952
0.160368
0.164774
0.169165
0.173539
0.177892
0.182220
0.186520
0.190788
0.195021
0.199214
0.203366
0.207471
0.211527
0.215530
0.219476
0.223362
0.227185
0.230940
0.234625
0.238235
0.241767
0.245218
0.248584
0.251861
0.255047
0.258137
0.261127
0.264015
0.266797
0.269469
0.272027
0.274469
0.276791
0.278988
0.281058
0.282996
0.284801
0.286467
0.287991
0.289370
0.290600
0.291678
0.292600
0.293362
0.293962
0.294395
0.294657
0.294746
-0.000377
-0.000288
-0.000017
0.000432
0.001056
0.001850
0.002810
0.003934
0.005218
0.006657
0.008248
0.009988
0.011872
0.013897
0.016060
0.018356
0.020782
0.023334
0.026008
0.028801
0.031709
0.034729
0.037856
0.041087
0.044418
0.047845
0.051366
0.054975
0.058670
0.062446
0.066301
0.070229
0.074229
0.078295
0.082424
0.086612
0.090857
0.095153
0.099498
0.103887
0.108317
0.112784
0.117285
0.121815
0.126372
0.130951
0.135549
0.140161
0.144785
0.149416
0.154051
0.158686
0.163318
0.167942
0.172556
0.177154
0.181734
0.186292
0.190824
0.195326
0.199796
0.204228
0.208619
0.212966
0.217265
0.221512
0.225704
0.229836
0.233905
0.237908
0.241840
0.245698
0.249479
0.253177
0.256791
0.260315
0.263747
0.267083
0.270318
0.273450
0.276474
0.279386
0.282184
0.284863
0.287420
0.289851
0.292151
0.294319
0.296349
0.298238
0.299982
0.301578
0.303022
0.304310
0.305439
0.306404
0.307203
0.307830
0.308284
0.308559
0.308652
-0.000388
-0.000295
-0.000011
0.000459
0.001111
0.001941
0.002946
0.004121
0.005463
0.006968
0.008632
0.010451
0.012421
0.014539
0.016800
0.019201
0.021737
0.024406
0.027202
0.030123
0.033163
0.036320
0.039590
0.042968
0.046451
0.050035
0.053715
0.057489
0.061352
0.065301
0.069331
0.073439
0.077620
0.081871
0.086189
0.090568
0.095006
0.099498
0.104040
0.108629
0.113261
0.117932
0.122637
0.127374
0.132138
0.136926
0.141733
0.146555
0.151390
0.156232
0.161078
0.165924
0.170766
0.175601
0.180425
0.185232
0.190021
0.194786
0.199525
0.204232
0.208905
0.213538
0.218130
0.222675
0.227169
0.231610
0.235992
0.240312
0.244567
0.248751
0.252863
0.256896
0.260849
0.264716
0.268493
0.272178
0.275766
0.279254
0.282636
0.285910
0.289072
0.292117
0.295042
0.297843
0.300516
0.303057
0.305463
0.307729
0.309851
0.311826
0.313650
0.315319
0.316828
0.318175
0.319355
0.320364
0.321199
0.321855
0.322329
0.322617
0.322714
-0.000399
-0.000301
-0.000005
0.000486
0.001166
0.002034
0.003083
0.004310
0.005711
0.007283
0.009020
0.010919
0.012977
0.015188
0.017548
0.020055
0.022703
0.025489
0.028409
0.031458
0.034632
0.037928
0.041342
0.044869
0.048505
0.052247
0.056089
0.060030
0.064063
0.068185
0.072392
0.076681
0.081046
0.085485
0.089992
0.094564
0.099197
0.103887
0.108629
0.113420
0.118256
0.123132
0.128045
0.132990
0.137964
0.142962
0.147980
0.153015
0.158062
0.163117
0.168176
0.173236
0.178291
0.183339
0.188374
0.193393
0.198393
0.203368
0.208314
0.213229
0.218107
0.222945
0.227738
0.232483
0.237175
0.241810
0.246385
0.250896
0.255337
0.259706
0.263998
0.268209
0.272335
0.276372
0.280316
0.284163
0.287909
0.291549
0.295080
0.298498
0.301799
0.304978
0.308032
0.310956
0.313746
0.316399
0.318911
0.321276
0.323492
0.325553
0.327457
0.329199
0.330775
0.332181
0.333413
0.334467
0.335338
0.336023
0.336518
0.336818
0.336920
-0.000410
-0.000308
0.000001
0.000513
0.001223
0.002127
0.003221
0.004501
0.005962
0.007600
0.009412
0.011392
0.013537
0.015842
0.018304
0.020917
0.023678
0.026582
0.029626
0.032805
0.036115
0.039551
0.043110
0.046787
0.050578
0.054479
0.058486
0.062593
0.066798
0.071096
0.075483
0.079954
0.084505
0.089132
0.093831
0.098598
0.103428
0.108317
0.113261
0.118256
0.123297
0.128381
0.133503
0.138658
0.143844
0.149054
0.154286
0.159535
0.164797
0.170067
0.175341
0.180616
0.185886
0.191148
0.196398
0.201631
0.206842
0.212029
0.217186
0.222309
0.227395
0.232438
0.237435
0.242382
0.247273
0.252106
0.256876
0.261578
0.266208
0.270762
0.275237
0.279627
0.283928
0.288137
0.292248
0.296259
0.300164
0.303959
0.307640
0.311204
0.314644
0.317959
0.321142
0.324190
0.327100
0.329865
0.332483
0.334949
0.337259
0.339408
0.341393
0.343209
0.344852
0.346318
0.347602
0.348700
0.349609
0.350323
0.350838
0.351152
0.351258
-0.000421
-0.000315
0.000008
0.000541
0.001280
0.002222
0.003361
0.004693
0.006215
0.007921
0.009807
0.011869
0.014102
0.016502
0.019065
0.021786
0.024661
0.027685
0.030854
0.034164
0.037610
0.041188
0.044894
0.048722
0.052669
0.056731
0.060902
0.065179
0.069557
0.074032
0.078599
0.083254
0.087992
0.092810
0.097702
0.102665
0.107694
0.112784
0.117932
0.123132
0.128381
0.133674
0.139006
0.144374
0.149773
0.155198
0.160645
0.166110
0.171588
0.177074
0.182566
0.188057
0.193545
0.199023
0.204489
0.209937
0.215363
0.220762
0.226132
0.231466
0.236760
0.242011
0.247214
0.252364
0.257456
0.262488
0.267453
0.272349
0.277170
0.281911
0.286570
0.291140
0.295618
0.300000
0.304281
0.308456
0.312521
0.316473
0.320305
0.324015
0.327597
0.331048
0.334362
0.337536
0.340565
0.343444
0.346169
0.348737
0.351142
0.353379
0.355446
0.357336
0.359047
0.360573
0.361910
0.363053
0.363999
0.364742
0.365279
0.365605
0.365716
-0.000432
-0.000321
0.000014
0.000569
0.001338
0.002317
0.003502
0.004888
0.006470
0.008244
0.010205
0.012349
0.014672
0.017168
0.019833
0.022662
0.025652
0.028796
0.032092
0.035534
0.039117
0.042838
0.046691
0.050672
0.054776
0.058999
0.063337
0.067784
0.072336
0.076989
0.081738
0.086578
0.091506
0.096515
0.101602
0.106763
0.111992
0.117285
0.122637
0.128045
0.133503
0.139006
0.144551
0.150133
0.155746
0.161387
0.167051
0.172733
0.178429
0.184135
0.189845
0.195555
0.201260
0.206957
0.212640
0.218305
0.223947
0.229561
0.235144
0.240691
0.246196
0.251656
0.257065
0.262420
0.267716
0.272947
0.278110
0.283201
0.288213
0.293144
0.297987
0.302740
0.307396
0.311952
0.316403
0.320744
0.324972
0.329080
0.333065
0.336922
0.340647
0.344235
0.347681
0.350981
0.354130
0.357124
0.359958
0.362627
0.365128
0.367455
0.369603
0.371569
0.373348
0.374934
0.376324
0.377513
0.378496
0.379269
0.379828
0.380167
0.380282
-0.000443
-0.000327
0.000021
0.000597
0.001396
0.002413
0.003644
0.005083
0.006727
0.008569
0.010606
0.012833
0.015245
0.017838
0.020605
0.023544
0.026649
0.029915
0.033338
0.036912
0.040634
0.044498
0.048499
0.052634
0.056897
0.061283
0.065788
0.070406
0.075134
0.079966
0.084898
0.089925
0.095042
0.100245
0.105528
0.110888
0.116318
0.121815
0.127374
0.132990
0.138658
0.144374
0.150133
0.155929
0.161759
0.167617
0.173499
0.179401
0.185316
0.191241
0.197172
0.203102
0.209027
0.214943
0.220845
0.226728
0.232588
0.238419
0.244216
0.249976
0.255694
0.261364
0.266982
0.272543
0.278043
0.283476
0.288838
0.294124
0.299330
0.304450
0.309480
0.314416
0.319251
0.323983
0.328605
0.333114
0.337504
0.341770
0.345909
0.349915
0.353783
0.357509
0.361088
0.364515
0.367785
0.370894
0.373837
0.376610
0.379206
0.381623
0.383854
0.385896
0.387743
0.389390
0.390834
0.392068
0.393090
0.393892
0.394472
0.394824
0.394943
-0.000454
-0.000333
0.000028
0.000626
0.001455
0.002510
0.003787
0.005280
0.006985
0.008897
0.011010
0.013320
0.015822
0.018511
0.021383
0.024431
0.027652
0.031040
0.034591
0.038299
0.042159
0.046168
0.050319
0.054608
0.059030
0.063580
0.068252
0.073044
0.077948
0.082961
0.088077
0.093291
0.098600
0.103996
0.109477
0.115036
0.120670
0.126372
0.132138
0.137964
0.143844
0.149773
0.155746
0.161759
0.167806
0.173883
0.179985
0.186106
0.192243
0.198389
0.204540
0.210692
0.216838
0.222975
0.229097
0.235200
0.241278
0.247326
0.253341
0.259316
0.265246
0.271128
0.276955
0.282724
0.288429
0.294065
0.299627
0.305110
0.310510
0.315821
0.321039
0.326158
0.331175
0.336083
0.340877
0.345554
0.350108
0.354534
0.358827
0.362982
0.366994
0.370859
0.374571
0.378126
0.381519
0.384744
0.387796
0.390672
0.393366
0.395872
0.398187
0.400304
0.402220
0.403929
0.405426
0.406707
0.407766
0.408599
0.409201
0.409566
0.409689
-0.000464
-0.000339
0.000035
0.000655
0.001514
0.002607
0.003931
0.005478
0.007245
0.009226
0.011416
0.013809
0.016402
0.019189
0.022164
0.025323
0.028660
0.032171
0.035850
0.039692
0.043693
0.047846
0.052147
0.056591
0.061173
0.065888
0.070730
0.075694
0.080776
0.085970
0.091271
0.096674
0.102174
0.107766
0.113445
0.119206
0.125043
0.130951
0.136926
0.142962
0.149054
0.155198
0.161387
0.167617
0.173883
0.180180
0.186502
0.192845
0.199203
0.205572
0.211945
0.218319
0.224688
0.231046
0.237390
0.243713
0.250011
0.256278
0.262509
0.268700
0.274845
0.280940
0.286978
0.292955
0.298866
0.304705
0.310468
0.316150
0.321745
0.327248
0.332654
0.337959
0.343156
0.348241
0.353209
0.358055
0.362773
0.367359
0.371807
0.376112
0.380270
0.384274
0.388121
0.391804
0.395319
0.398661
0.401824
0.404803
0.407594
0.410191
0.412589
0.414783
0.416768
0.418539
0.420090
0.421417
0.422515
0.423378
0.424001
0.424379
0.424507
-0.000475
-0.000345
0.000043
0.000684
0.001573
0.002706
0.004075
0.005677
0.007506
0.009556
0.011823
0.014301
0.016985
0.019869
0.022949
0.026218
0.029673
0.033306
0.037114
0.041091
0.045232
0.049531
0.053983
0.058583
0.063325
0.068205
0.073217
0.078355
0.083615
0.088991
0.094478
0.100071
0.105764
0.111552
0.117429
0.123392
0.129433
0.135549
0.141733
0.147980
0.154286
0.160645
0.167051
0.173499
0.179985
0.186502
0.193046
0.199611
0.206192
0.212783
0.219380
0.225977
0.232569
0.239151
0.245716
0.252261
0.258779
0.265266
0.271715
0.278123
0.284483
0.290791
0.297041
0.303227
0.309345
0.315389
0.321354
0.327234
0.333025
0.338721
0.344317
0.349807
0.355186
0.360450
0.365592
0.370607
0.375490
0.380237
0.384840
0.389296
0.393599
0.397744
0.401725
0.405537
0.409175
0.412634
0.415908
0.418992
0.421880
0.424568
0.427050
0.429321
0.431375
0.433208
0.434814
0.436187
0.437323
0.438216
0.438861
0.439253
0.439385
-0.000485
-0.000351
0.000050
0.000714
0.001633
0.002804
0.004220
0.005877
0.007768
0.009888
0.012232
0.014794
0.017569
0.020552
0.023736
0.027117
0.030688
0.034446
0.038383
0.042495
0.046777
0.051222
0.055825
0.060581
0.065485
0.070530
0.075712
0.081025
0.086464
0.092022
0.097696
0.103478
0.109364
0.115349
0.121426
0.127591
0.133838
0.140161
0.146555
0.153015
0.159535
0.166110
0.172733
0.179401
0.186106
0.192845
0.199611
0.206399
0.213203
0.220019
0.226839
0.233660
0.240476
0.247281
0.254069
0.260836
0.267576
0.274283
0.280951
0.287576
0.294153
0.300674
0.307136
0.313532
0.319858
0.326107
0.332274
0.338354
0.344342
0.350231
0.356017
0.361693
0.367255
0.372697
0.378014
0.383199
0.388248
0.393156
0.397916
0.402523
0.406972
0.411257
0.415373
0.419315
0.423076
0.426652
0.430037
0.433226
0.436212
0.438991
0.441558
0.443906
0.446030
0.447925
0.449585
0.451005
0.452179
0.453103
0.453770
0.454174
0.454312
-0.000495
-0.000357
0.000058
0.000743
0.001694
0.002903
0.004366
0.006077
0.008031
0.010221
0.012642
0.015289
0.018155
0.021236
0.024525
0.028017
0.031707
0.035588
0.039655
0.043903
0.048325
0.052917
0.057672
0.062584
0.067649
0.072861
0.078214
0.083702
0.089319
0.095061
0.100921
0.106894
0.112974
0.119156
0.125433
0.131801
0.138254
0.144785
0.151390
0.158062
0.164797
0.171588
0.178429
0.185316
0.192243
0.199203
0.206192
0.213203
0.220232
0.227271
0.234317
0.241362
0.248402
0.255431
0.262443
0.269432
0.276394
0.283321
0.290209
0.297053
0.303845
0.310582
0.317256
0.323863
0.330396
0.336851
0.343221
0.349502
0.355686
0.361769
0.367745
0.373608
0.379353
0.384974
0.390466
0.395822
0.401037
0.406106
0.411023
0.415781
0.420377
0.424803
0.429055
0.433126
0.437011
0.440705
0.444201
0.447494
0.450579
0.453450
0.456100
0.458525
0.460720
0.462677
0.464392
0.465858
0.467071
0.468025
0.468714
0.469132
0.469274
-0.000505
-0.000362
0.000066
0.000773
0.001754
0.003002
0.004512
0.006278
0.008294
0.010554
0.013053
0.015784
0.018742
0.021921
0.025316
0.028920
0.032727
0.036732
0.040929
0.045313
0.049876
0.054614
0.059521
0.064591
0.069818
0.075196
0.080719
0.086383
0.092180
0.098105
0.104152
0.110316
0.116590
0.122969
0.129447
0.136018
0.142676
0.149416
0.156232
0.163117
0.170067
0.177074
0.184135
0.191241
0.198389
0.205572
0.212783
0.220019
0.227271
0.234536
0.241806
0.249076
0.256341
0.263594
0.270830
0.278042
0.285226
0.292374
0.299482
0.306544
0.313553
0.320505
0.327392
0.334210
0.340952
0.347613
0.354186
0.360667
0.367049
0.373326
0.379492
0.385543
0.391471
0.397271
0.402938
0.408465
0.413847
0.419077
0.424151
0.429061
0.433803
0.438371
0.442758
0.446959
0.450968
0.454780
0.458387
0.461786
0.464969
0.467931
0.470666
0.473169
0.475433
0.477453
0.479222
0.480736
0.481987
0.482971
0.483682
0.484113
0.484260
-0.000515
-0.000367
0.000074
0.000804
0.001815
0.003102
0.004659
0.006479
0.008558
0.010888
0.013464
0.016280
0.019330
0.022608
0.026107
0.029823
0.033748
0.037877
0.042204
0.046724
0.051429
0.056313
0.061372
0.066599
0.071988
0.077533
0.083227
0.089066
0.095042
0.101151
0.107385
0.113740
0.120209
0.126785
0.133464
0.140238
0.147103
0.154051
0.161078
0.168176
0.175341
0.182566
0.189845
0.197172
0.204540
0.211945
0.219380
0.226839
0.234317
0.241806
0.249301
0.256797
0.264286
0.271764
0.279223
0.286659
0.294065
0.301435
0.308763
0.316043
0.323270
0.330436
0.337537
0.344565
0.351516
0.358383
0.365160
0.371841
0.378420
0.384892
0.391249
0.397487
0.403598
0.409578
0.415420
0.421118
0.426666
0.432059
0.437289
0.442352
0.447241
0.451949
0.456472
0.460803
0.464937
0.468866
0.472585
0.476089
0.479370
0.482424
0.485244
0.487824
0.490158
0.492240
0.494064
0.495625
0.496915
0.497930
0.498662
0.499107
0.499258
-0.000525
-0.000372
0.000083
0.000834
0.001876
0.003201
0.004805
0.006680
0.008821
0.011222
0.013875
0.016776
0.019918
0.023294
0.026899
0.030726
0.034769
0.039023
0.043480
0.048135
0.052981
0.058013
0.063224
0.068607
0.074158
0.079869
0.085735
0.091749
0.097905
0.104197
0.110619
0.117164
0.123827
0.130601
0.137480
0.144458
0.151529
0.158686
0.165924
0.173236
0.180616
0.188057
0.195555
0.203102
0.210692
0.218319
0.225977
0.233660
0.241362
0.249076
0.256797
0.264517
0.272231
0.279933
0.287617
0.295276
0.302904
0.310496
0.318044
0.325542
0.332986
0.340367
0.347681
0.354921
0.362080
0.369153
0.376133
0.383015
0.389792
0.396457
0.403006
0.409431
0.415726
0.421885
0.427902
0.433772
0.439486
0.445040
0.450428
0.455642
0.460678
0.465528
0.470187
0.474648
0.478905
0.482952
0.486783
0.490392
0.493772
0.496917
0.499822
0.502479
0.504883
0.507028
0.508907
0.510514
0.511843
0.512888
0.513643
0.514101
0.514256
-0.000534
-0.000377
0.000091
0.000864
0.001937
0.003301
0.004952
0.006882
0.009085
0.011556
0.014287
0.017272
0.020505
0.023980
0.027690
0.031629
0.035790
0.040167
0.044754
0.049545
0.054533
0.059711
0.065074
0.070614
0.076327
0.082204
0.088241
0.094430
0.100766
0.107241
0.113850
0.120586
0.127443
0.134415
0.141494
0.148676
0.155952
0.163318
0.170766
0.178291
0.185886
0.193545
0.201260
0.209027
0.216838
0.224688
0.232569
0.240476
0.248402
0.256341
0.264286
0.272231
0.280170
0.288097
0.296004
0.303886
0.311737
0.319549
0.327317
0.335034
0.342694
0.350291
0.357817
0.365268
0.372636
0.379915
0.387098
0.394180
0.401154
0.408014
0.414753
0.421365
0.427844
0.434182
0.440375
0.446415
0.452296
0.458012
0.463556
0.468922
0.474104
0.479096
0.483890
0.488481
0.492862
0.497027
0.500970
0.504683
0.508162
0.511399
0.514388
0.517123
0.519597
0.521804
0.523737
0.525391
0.526759
0.527835
0.528611
0.529083
0.529243
-0.000544
-0.000382
0.000100
0.000895
0.001998
0.003401
0.005098
0.007083
0.009349
0.011889
0.014697
0.017767
0.021092
0.024665
0.028480
0.032530
0.036809
0.041310
0.046027
0.050953
0.056082
0.061406
0.066921
0.072618
0.078492
0.084536
0.090743
0.097107
0.103622
0.110280
0.117076
0.124003
0.131054
0.138222
0.145502
0.152886
0.160368
0.167942
0.175601
0.183339
0.191148
0.199023
0.206957
0.214943
0.222975
0.231046
0.239151
0.247281
0.255431
0.263594
0.271764
0.279933
0.288097
0.296247
0.304378
0.312483
0.320555
0.328588
0.336576
0.344511
0.352387
0.360198
0.367938
0.375599
0.383175
0.390659
0.398046
0.405328
0.412499
0.419552
0.426482
0.433281
0.439942
0.446460
0.452827
0.459038
0.465085
0.470962
0.476663
0.482181
0.487510
0.492642
0.497572
0.502292
0.506797
0.511080
0.515134
0.518952
0.522529
0.525857
0.528931
0.531743
0.534287
0.536556
0.538544
0.540245
0.541652
0.542757
0.543556
0.544040
0.544205
-0.000553
-0.000387
0.000108
0.000926
0.002059
0.003500
0.005244
0.007284
0.009612
0.012222
0.015107
0.018261
0.021677
0.025348
0.029268
0.033429
0.037826
0.042450
0.047297
0.052358
0.057627
0.063098
0.068764
0.074617
0.080652
0.086862
0.093239
0.099778
0.106471
0.113313
0.120295
0.127411
0.134655
0.142020
0.149500
0.157086
0.164774
0.172556
0.180425
0.188374
0.196398
0.204489
0.212640
0.220845
0.229097
0.237390
0.245716
0.254069
0.262443
0.270830
0.279223
0.287617
0.296004
0.304378
0.312732
0.321059
0.329352
0.337606
0.345812
0.353965
0.362057
0.370082
0.378034
0.385904
0.393688
0.401378
0.408967
0.416449
0.423816
0.431063
0.438182
0.445167
0.452011
0.458708
0.465250
0.471631
0.477844
0.483882
0.489739
0.495408
0.500883
0.506156
0.511220
0.516070
0.520699
0.525099
0.529264
0.533187
0.536862
0.540281
0.543439
0.546328
0.548941
0.551273
0.553316
0.555063
0.556508
0.557644
0.558464
0.558962
0.559131
-0.000562
-0.000391
0.000117
0.000956
0.002119
0.003600
0.005390
0.007484
0.009874
0.012554
0.015516
0.018754
0.022261
0.026030
0.030054
0.034326
0.038839
0.043587
0.048562
0.053758
0.059168
0.064784
0.070601
0.076610
0.082806
0.089180
0.095728
0.102440
0.109312
0.116335
0.123503
0.130809
0.138245
0.145806
0.153485
0.161273
0.169165
0.177154
0.185232
0.193393
0.201631
0.209937
0.218305
0.226728
0.235200
0.243713
0.252261
0.260836
0.269432
0.278042
0.286659
0.295276
0.303886
0.312483
0.321059
0.329607
0.338121
0.346594
0.355019
0.363388
0.371696
0.379934
0.388097
0.396177
0.404168
0.412062
0.419853
0.427534
0.435097
0.442537
0.449845
0.457016
0.464042
0.470916
0.477632
0.484183
0.490561
0.496760
0.502773
0.508593
0.514213
0.519626
0.524825
0.529804
0.534555
0.539072
0.543348
0.547376
0.551148
0.554659
0.557900
0.560866
0.563549
0.565943
0.568040
0.569833
0.571317
0.572483
0.573325
0.573836
0.574010
-0.000571
-0.000396
0.000126
0.000987
0.002180
0.003699
0.005536
0.007683
0.010135
0.012884
0.015923
0.019245
0.022842
0.026709
0.030836
0.035219
0.039849
0.044719
0.049823
0.055153
0.060702
0.066464
0.072430
0.078595
0.084950
0.091490
0.098206
0.105092
0.112141
0.119345
0.126698
0.134193
0.141821
0.149577
0.157454
0.165443
0.173539
0.181734
0.190021
0.198393
0.206842
0.215363
0.223947
0.232588
0.241278
0.250011
0.258779
0.267576
0.276394
0.285226
0.294065
0.302904
0.311737
0.320555
0.329352
0.338121
0.346855
0.355546
0.364188
0.372774
0.381295
0.389747
0.398120
0.406409
0.414606
0.422704
0.430695
0.438574
0.446333
0.453964
0.461461
0.468817
0.476024
0.483076
0.489965
0.496685
0.503227
0.509586
0.515754
0.521724
0.527489
0.533042
0.538375
0.543483
0.548356
0.552990
0.557376
0.561507
0.565377
0.568978
0.572303
0.575345
0.578098
0.580553
0.582704
0.584544
0.586066
0.587262
0.588126
0.588650
0.588828
-0.000579
-0.000400
0.000135
0.001018
0.002241
0.003798
0.005680
0.007882
0.010396
0.013214
0.016329
0.019733
0.023421
0.027384
0.031615
0.036108
0.040854
0.045846
0.051078
0.056541
0.062229
0.068135
0.074251
0.080570
0.087085
0.093788
0.100673
0.107731
0.114956
0.122341
0.129878
0.137560
0.145380
0.153330
0.161404
0.169594
0.177892
0.186292
0.194786
0.203368
0.212029
0.220762
0.229561
0.238419
0.247326
0.256278
0.265266
0.274283
0.283321
0.292374
0.301435
0.310496
0.319549
0.328588
0.337606
0.346594
0.355546
0.364455
0.373313
0.382114
0.390849
0.399512
0.408095
0.416591
0.424993
0.433293
0.441485
0.449561
0.457514
0.465336
0.473021
0.480561
0.487948
0.495177
0.502238
0.509126
0.515832
0.522350
0.528672
0.534792
0.540701
0.546393
0.551860
0.557095
0.562091
0.566840
0.571336
0.575570
0.579537
0.583228
0.586636
0.589755
0.592576
0.595093
0.597298
0.599184
0.600743
0.601970
0.602855
0.603392
0.603575
-0.000588
-0.000404
0.000144
0.001048
0.002301
0.003896
0.005825
0.008080
0.010655
0.013541
0.016732
0.020219
0.023997
0.028056
0.032390
0.036992
0.041853
0.046966
0.052325
0.057922
0.063748
0.069797
0.076062
0.082534
0.089207
0.096073
0.103125
0.110355
0.117756
0.125320
0.133040
0.140909
0.148918
0.157062
0.165331
0.173720
0.182220
0.190824
0.199525
0.208314
0.217186
0.226132
0.235144
0.244216
0.253341
0.262509
0.271715
0.280951
0.290209
0.299482
0.308763
0.318044
0.327317
0.336576
0.345812
0.355019
0.364188
0.373313
0.382387
0.391401
0.400348
0.409221
0.418012
0.426715
0.435321
0.443823
0.452213
0.460485
0.468631
0.476644
0.484515
0.492238
0.499805
0.507208
0.514441
0.521496
0.528365
0.535041
0.541517
0.547785
0.553838
0.559667
0.565267
0.570629
0.575746
0.580611
0.585216
0.589553
0.593616
0.597397
0.600888
0.604082
0.606972
0.609549
0.611808
0.613740
0.615337
0.616593
0.617500
0.618051
0.618237
-0.000596
-0.000408
0.000153
0.001079
0.002362
0.003994
0.005968
0.008277
0.010912
0.013866
0.017132
0.020702
0.024569
0.028724
0.033160
0.037870
0.042846
0.048080
0.053565
0.059293
0.065257
0.071449
0.077861
0.084486
0.091316
0.098344
0.105562
0.112962
0.120537
0.128279
0.136181
0.144235
0.152434
0.160769
0.169233
0.177820
0.186520
0.195326
0.204232
0.213229
0.222309
0.231466
0.240691
0.249976
0.259316
0.268700
0.278123
0.287576
0.297053
0.306544
0.316043
0.325542
0.335034
0.344511
0.353965
0.363388
0.372774
0.382114
0.391401
0.400627
0.409785
0.418867
0.427865
0.436772
0.445581
0.454283
0.462872
0.471338
0.479676
0.487877
0.495934
0.503838
0.511583
0.519161
0.526564
0.533785
0.540816
0.547650
0.554278
0.560693
0.566888
0.572855
0.578587
0.584075
0.589313
0.594292
0.599005
0.603445
0.607603
0.611473
0.615046
0.618316
0.621273
0.623912
0.626223
0.628200
0.629836
0.631121
0.632049
0.632613
0.632804
-0.000604
-0.000411
0.000162
0.001109
0.002421
0.004091
0.006110
0.008472
0.011167
0.014189
0.017530
0.021182
0.025136
0.029386
0.033924
0.038742
0.043831
0.049185
0.054795
0.060654
0.066754
0.073088
0.079646
0.086423
0.093409
0.100597
0.107980
0.115550
0.123298
0.131217
0.139299
0.147537
0.155923
0.164449
0.173107
0.181889
0.190788
0.199796
0.208905
0.218107
0.227395
0.236760
0.246196
0.255694
0.265246
0.274845
0.284483
0.294153
0.303845
0.313553
0.323270
0.332986
0.342694
0.352387
0.362057
0.371696
0.381295
0.390849
0.400348
0.409785
0.419152
0.428441
0.437645
0.446756
0.455765
0.464666
0.473451
0.482111
0.490639
0.499027
0.507268
0.515353
0.523275
0.531026
0.538598
0.545984
0.553175
0.560164
0.566944
0.573506
0.579842
0.585946
0.591808
0.597422
0.602779
0.607872
0.612693
0.617234
0.621487
0.625445
0.629100
0.632444
0.635469
0.638167
0.640532
0.642554
0.644227
0.645542
0.646491
0.647067
0.647263
-0.000612
-0.000415
0.000172
0.001140
0.002481
0.004188
0.006252
0.008666
0.011421
0.014510
0.017925
0.021657
0.025700
0.030044
0.034682
0.039606
0.044809
0.050281
0.056016
0.062005
0.068240
0.074713
0.081417
0.088344
0.095485
0.102833
0.110379
0.118116
0.126036
0.134130
0.142392
0.150812
0.159384
0.168098
0.176948
0.185924
0.195021
0.204228
0.213538
0.222945
0.232438
0.242011
0.251656
0.261364
0.271128
0.280940
0.290791
0.300674
0.310582
0.320505
0.330436
0.340367
0.350291
0.360198
0.370082
0.379934
0.389747
0.399512
0.409221
0.418867
0.428441
0.437936
0.447344
0.456656
0.465865
0.474963
0.483942
0.492794
0.501511
0.510085
0.518508
0.526772
0.534869
0.542792
0.550532
0.558081
0.565431
0.572575
0.579505
0.586212
0.592689
0.598927
0.604920
0.610657
0.616133
0.621339
0.626266
0.630908
0.635255
0.639301
0.643037
0.646454
0.649547
0.652305
0.654722
0.656789
0.658498
0.659842
0.660813
0.661402
0.661601
-0.000620
-0.000418
0.000181
0.001170
0.002540
0.004283
0.006392
0.008858
0.011672
0.014828
0.018316
0.022128
0.026258
0.030695
0.035433
0.040463
0.045777
0.051367
0.057225
0.063343
0.069712
0.076324
0.083172
0.090247
0.097542
0.105047
0.112755
0.120659
0.128748
0.137017
0.145456
0.154057
0.162812
0.171714
0.180754
0.189923
0.199214
0.208619
0.218130
0.227738
0.237435
0.247214
0.257065
0.266982
0.276955
0.286978
0.297041
0.307136
0.317256
0.327392
0.337537
0.347681
0.357817
0.367938
0.378034
0.388097
0.398120
0.408095
0.418012
0.427865
0.437645
0.447344
0.456953
0.466466
0.475872
0.485166
0.494337
0.503379
0.512283
0.521041
0.529644
0.538086
0.546357
0.554450
0.562355
0.570067
0.577575
0.584872
0.591951
0.598802
0.605417
0.611790
0.617910
0.623771
0.629365
0.634682
0.639715
0.644456
0.648897
0.653029
0.656845
0.660336
0.663495
0.666312
0.668781
0.670892
0.672639
0.674011
0.675003
0.675604
0.675808
-0.000627
-0.000421
0.000190
0.001200
0.002599
0.004378
0.006531
0.009048
0.011921
0.015142
0.018703
0.022595
0.026810
0.031340
0.036177
0.041311
0.046736
0.052442
0.058422
0.064667
0.071169
0.077919
0.084909
0.092132
0.099578
0.107239
0.115108
0.123176
0.131434
0.139874
0.148489
0.157269
0.166206
0.175293
0.184521
0.193881
0.203366
0.212966
0.222675
0.232483
0.242382
0.252364
0.262420
0.272543
0.282724
0.292955
0.303227
0.313532
0.323863
0.334210
0.344565
0.354921
0.365268
0.375599
0.385904
0.396177
0.406409
0.416591
0.426715
0.436772
0.446756
0.456656
0.466466
0.476176
0.485778
0.495265
0.504627
0.513857
0.522946
0.531886
0.540668
0.549285
0.557728
0.565989
0.574060
0.581931
0.589596
0.597045
0.604270
0.611264
0.618017
0.624522
0.630770
0.636753
0.642462
0.647890
0.653028
0.657867
0.662400
0.666619
0.670514
0.674078
0.677302
0.680178
0.682698
0.684853
0.686636
0.688037
0.689049
0.689663
0.689871
-0.000635
-0.000424
0.000200
0.001230
0.002657
0.004472
0.006668
0.009236
0.012167
0.015453
0.019086
0.023057
0.027357
0.031978
0.036912
0.042150
0.047684
0.053506
0.059606
0.065977
0.072610
0.079496
0.086627
0.093995
0.101592
0.109407
0.117435
0.125665
0.134090
0.142700
0.151488
0.160445
0.169563
0.178833
0.188247
0.197795
0.207471
0.217265
0.227169
0.237175
0.247273
0.257456
0.267716
0.278043
0.288429
0.298866
0.309345
0.319858
0.330396
0.340952
0.351516
0.362080
0.372636
0.383175
0.393688
0.404168
0.414606
0.424993
0.435321
0.445581
0.455765
0.465865
0.475872
0.485778
0.495574
0.505252
0.514803
0.524218
0.533490
0.542611
0.551570
0.560361
0.568974
0.577401
0.585634
0.593664
0.601483
0.609082
0.616453
0.623587
0.630477
0.637112
0.643486
0.649590
0.655414
0.660951
0.666193
0.671130
0.675754
0.680057
0.684031
0.687667
0.690956
0.693890
0.696460
0.698659
0.700477
0.701907
0.702939
0.703566
0.703778
-0.000642
-0.000427
0.000209
0.001259
0.002714
0.004565
0.006804
0.009422
0.012411
0.015761
0.019465
0.023513
0.027897
0.032609
0.037639
0.042979
0.048622
0.054557
0.060776
0.067271
0.074033
0.081054
0.088325
0.095836
0.103581
0.111549
0.119733
0.128124
0.136713
0.145492
0.154451
0.163583
0.172879
0.182330
0.191927
0.201663
0.211527
0.221512
0.231610
0.241810
0.252106
0.262488
0.272947
0.283476
0.294065
0.304705
0.315389
0.326107
0.336851
0.347613
0.358383
0.369153
0.379915
0.390659
0.401378
0.412062
0.422704
0.433293
0.443823
0.454283
0.464666
0.474963
0.485166
0.495265
0.505252
0.515118
0.524855
0.534455
0.543908
0.553206
0.562340
0.571302
0.580083
0.588675
0.597068
0.605255
0.613227
0.620974
0.628489
0.635762
0.642786
0.649551
0.656049
0.662272
0.668210
0.673855
0.679199
0.684232
0.688947
0.693334
0.697385
0.701092
0.704445
0.707436
0.710057
0.712298
0.714152
0.715610
0.716662
0.717301
0.717517
-0.000649
-0.000430
0.000219
0.001288
0.002771
0.004657
0.006939
0.009606
0.012651
0.016065
0.019838
0.023963
0.028430
0.033231
0.038356
0.043798
0.049546
0.055594
0.061930
0.068548
0.075438
0.082592
0.090000
0.097653
0.105544
0.113663
0.122002
0.130551
0.139303
0.148247
0.157376
0.166681
0.176152
0.185781
0.195560
0.205479
0.215530
0.225704
0.235992
0.246385
0.256876
0.267453
0.278110
0.288838
0.299627
0.310468
0.321354
0.332274
0.343221
0.354186
0.365160
0.376133
0.387098
0.398046
0.408967
0.419853
0.430695
0.441485
0.452213
0.462872
0.473451
0.483942
0.494337
0.504627
0.514803
0.524855
0.534776
0.544557
0.554189
0.563662
0.572969
0.582100
0.591047
0.599801
0.608353
0.616695
0.624817
0.632710
0.640367
0.647778
0.654934
0.661827
0.668448
0.674788
0.680838
0.686590
0.692034
0.697163
0.701966
0.706437
0.710564
0.714341
0.717757
0.720805
0.723475
0.725759
0.727648
0.729133
0.730205
0.730856
0.731076
-0.000655
-0.000433
0.000228
0.001317
0.002827
0.004748
0.007071
0.009787
0.012888
0.016364
0.020207
0.024407
0.028956
0.033844
0.039063
0.044604
0.050458
0.056616
0.063069
0.069808
0.076824
0.084108
0.091651
0.099445
0.107480
0.115748
0.124239
0.132944
0.141856
0.150964
0.160259
0.169734
0.179378
0.189184
0.199141
0.209242
0.219476
0.229836
0.240312
0.250896
0.261578
0.272349
0.283201
0.294124
0.305110
0.316150
0.327234
0.338354
0.349502
0.360667
0.371841
0.383015
0.394180
0.405328
0.416449
0.427534
0.438574
0.449561
0.460485
0.471338
0.482111
0.492794
0.503379
0.513857
0.524218
0.534455
0.544557
0.554517
0.564324
0.573971
0.583448
0.592746
0.601856
0.610770
0.619478
0.627972
0.636243
0.644280
0.652077
0.659623
0.666910
0.673929
0.680671
0.687127
0.693288
0.699144
0.704688
0.709911
0.714802
0.719354
0.723557
0.727402
0.730881
0.733984
0.736703
0.739029
0.740952
0.742464
0.743556
0.744219
0.744443
-0.000662
-0.000435
0.000237
0.001346
0.002883
0.004837
0.007202
0.009966
0.013122
0.016659
0.020570
0.024844
0.029473
0.034448
0.039760
0.045399
0.051356
0.057623
0.064190
0.071048
0.078188
0.085601
0.093278
0.101209
0.109386
0.117800
0.126441
0.135301
0.144370
0.153639
0.163099
0.172741
0.182556
0.192534
0.202668
0.212947
0.223362
0.233905
0.244567
0.255337
0.266208
0.277170
0.288213
0.299330
0.310510
0.321745
0.333025
0.344342
0.355686
0.367049
0.378420
0.389792
0.401154
0.412499
0.423816
0.435097
0.446333
0.457514
0.468631
0.479676
0.490639
0.501511
0.512283
0.522946
0.533490
0.543908
0.554189
0.564324
0.574305
0.584122
0.593767
0.603229
0.612500
0.621572
0.630434
0.639078
0.647494
0.655674
0.663608
0.671288
0.678704
0.685847
0.692708
0.699278
0.705547
0.711507
0.717149
0.722464
0.727442
0.732074
0.736351
0.740264
0.743805
0.746963
0.749730
0.752097
0.754054
0.755593
0.756704
0.757378
0.757607
-0.000668
-0.000437
0.000247
0.001374
0.002937
0.004925
0.007330
0.010142
0.013351
0.016949
0.020927
0.025274
0.029983
0.035043
0.040445
0.046180
0.052240
0.058613
0.065293
0.072268
0.079530
0.087069
0.094877
0.102944
0.111261
0.119819
0.128608
0.137619
0.146842
0.156270
0.165892
0.175698
0.185681
0.195830
0.206137
0.216591
0.227185
0.237908
0.248751
0.259706
0.270762
0.281911
0.293144
0.304450
0.315821
0.327248
0.338721
0.350231
0.361769
0.373326
0.384892
0.396457
0.408014
0.419552
0.431063
0.442537
0.453964
0.465336
0.476644
0.487877
0.499027
0.510085
0.521041
0.531886
0.542611
0.553206
0.563662
0.573971
0.584122
0.594107
0.603916
0.613540
0.622970
0.632196
0.641210
0.650001
0.658561
0.666881
0.674951
0.682761
0.690304
0.697569
0.704547
0.711229
0.717606
0.723668
0.729406
0.734811
0.739874
0.744585
0.748935
0.752915
0.756516
0.759728
0.762543
0.764950
0.766940
0.768505
0.769636
0.770321
0.770554
-0.000674
-0.000439
0.000256
0.001402
0.002991
0.005012
0.007456
0.010315
0.013577
0.017235
0.021278
0.025697
0.030483
0.035627
0.041118
0.046948
0.053108
0.059587
0.066376
0.073466
0.080848
0.088512
0.096449
0.104649
0.113104
0.121802
0.130736
0.139896
0.149272
0.158855
0.168635
0.178604
0.188751
0.199068
0.209545
0.220172
0.230940
0.241840
0.252863
0.263998
0.275237
0.286570
0.297987
0.309480
0.321039
0.332654
0.344317
0.356017
0.367745
0.379492
0.391249
0.403006
0.414753
0.426482
0.438182
0.449845
0.461461
0.473021
0.484515
0.495934
0.507268
0.518508
0.529644
0.540668
0.551570
0.562340
0.572969
0.583448
0.593767
0.603916
0.613887
0.623670
0.633255
0.642633
0.651796
0.660732
0.669433
0.677890
0.686093
0.694033
0.701700
0.709085
0.716178
0.722970
0.729452
0.735614
0.741447
0.746941
0.752087
0.756876
0.761298
0.765344
0.769004
0.772269
0.775130
0.777577
0.779600
0.781191
0.782340
0.783037
0.783273
-0.000680
-0.000441
0.000265
0.001430
0.003044
0.005097
0.007580
0.010484
0.013799
0.017515
0.021622
0.026112
0.030974
0.036200
0.041779
0.047702
0.053959
0.060541
0.067439
0.074642
0.082142
0.089928
0.097991
0.106322
0.114911
0.123748
0.132825
0.142130
0.151656
0.161391
0.171327
0.181455
0.191764
0.202245
0.212888
0.223685
0.234625
0.245698
0.256896
0.268209
0.279627
0.291140
0.302740
0.314416
0.326158
0.337959
0.349807
0.361693
0.373608
0.385543
0.397487
0.409431
0.421365
0.433281
0.445167
0.457016
0.468817
0.480561
0.492238
0.503838
0.515353
0.526772
0.538086
0.549285
0.560361
0.571302
0.582100
0.592746
0.603229
0.613540
0.623670
0.633608
0.643346
0.652874
0.662182
0.671261
0.680101
0.688692
0.697026
0.705092
0.712881
0.720383
0.727589
0.734489
0.741074
0.747335
0.753260
0.758842
0.764070
0.768935
0.773428
0.777538
0.781256
0.784574
0.787480
0.789965
0.792021
0.793637
0.794804
0.795513
0.795753
-0.000685
-0.000443
0.000274
0.001457
0.003096
0.005181
0.007702
0.010651
0.014016
0.017789
0.021960
0.026519
0.031456
0.036761
0.042426
0.048440
0.054794
0.061477
0.068481
0.075795
0.083409
0.091315
0.099502
0.107961
0.116682
0.125655
0.134871
0.144319
0.153991
0.163876
0.173965
0.184248
0.194716
0.205358
0.216165
0.227127
0.238235
0.249479
0.260849
0.272335
0.283928
0.295618
0.307396
0.319251
0.331175
0.343156
0.355186
0.367255
0.379353
0.391471
0.403598
0.415726
0.427844
0.439942
0.452011
0.464042
0.476024
0.487948
0.499805
0.511583
0.523275
0.534869
0.546357
0.557728
0.568974
0.580083
0.591047
0.601856
0.612500
0.622970
0.633255
0.643346
0.653234
0.662908
0.672359
0.681577
0.690553
0.699276
0.707737
0.715927
0.723836
0.731453
0.738770
0.745776
0.752463
0.758819
0.764836
0.770503
0.775811
0.780751
0.785313
0.789486
0.793261
0.796629
0.799580
0.802104
0.804191
0.805832
0.807017
0.807736
0.807980
-0.000691
-0.000445
0.000283
0.001483
0.003146
0.005262
0.007821
0.010813
0.014229
0.018058
0.022290
0.026916
0.031927
0.037311
0.043060
0.049163
0.055610
0.062393
0.069500
0.076922
0.084650
0.092673
0.100981
0.109565
0.118415
0.127521
0.136873
0.146461
0.156276
0.166308
0.176546
0.186981
0.197604
0.208403
0.219370
0.230495
0.241767
0.253177
0.264716
0.276372
0.288137
0.300000
0.311952
0.323983
0.336083
0.348241
0.360450
0.372697
0.384974
0.397271
0.409578
0.421885
0.434182
0.446460
0.458708
0.470916
0.483076
0.495177
0.507208
0.519161
0.531026
0.542792
0.554450
0.565989
0.577401
0.588675
0.599801
0.610770
0.621572
0.632196
0.642633
0.652874
0.662908
0.672725
0.682316
0.691670
0.700779
0.709631
0.718218
0.726529
0.734555
0.742285
0.749710
0.756820
0.763605
0.770055
0.776161
0.781912
0.787299
0.792312
0.796941
0.801176
0.805007
0.808425
0.811420
0.813981
0.816099
0.817764
0.818967
0.819696
0.819944
-0.000696
-0.000447
0.000292
0.001509
0.003196
0.005342
0.007938
0.010973
0.014437
0.018320
0.022613
0.027305
0.032387
0.037848
0.043679
0.049869
0.056408
0.063287
0.070496
0.078024
0.085862
0.093999
0.102426
0.111132
0.120108
0.129344
0.138829
0.148554
0.158509
0.168683
0.179068
0.189652
0.200425
0.211379
0.222502
0.233785
0.245218
0.256791
0.268493
0.280316
0.292248
0.304281
0.316403
0.328605
0.340877
0.353209
0.365592
0.378014
0.390466
0.402938
0.415420
0.427902
0.440375
0.452827
0.465250
0.477632
0.489965
0.502238
0.514441
0.526564
0.538598
0.550532
0.562355
0.574060
0.585634
0.597068
0.608353
0.619478
0.630434
0.641210
0.651796
0.662182
0.672359
0.682316
0.692043
0.701531
0.710769
0.719748
0.728457
0.736886
0.745026
0.752866
0.760397
0.767608
0.774490
0.781032
0.787225
0.793058
0.798522
0.803606
0.808301
0.812596
0.816482
0.819949
0.822986
0.825584
0.827732
0.829421
0.830640
0.831380
0.831631
-0.000701
-0.000448
0.000300
0.001535
0.003245
0.005420
0.008051
0.011128
0.014639
0.018576
0.022928
0.027685
0.032836
0.038372
0.044282
0.050557
0.057186
0.064160
0.071467
0.079098
0.087044
0.095292
0.103835
0.112660
0.121759
0.131122
0.140737
0.150595
0.160687
0.171001
0.181527
0.192256
0.203177
0.214281
0.225557
0.236994
0.248584
0.260315
0.272178
0.284163
0.296259
0.308456
0.320744
0.333114
0.345554
0.358055
0.370607
0.383199
0.395822
0.408465
0.421118
0.433772
0.446415
0.459038
0.471631
0.484183
0.496685
0.509126
0.521496
0.533785
0.545984
0.558081
0.570067
0.581931
0.593664
0.605255
0.616695
0.627972
0.639078
0.650001
0.660732
0.671261
0.681577
0.691670
0.701531
0.711149
0.720514
0.729615
0.738443
0.746988
0.755240
0.763187
0.770821
0.778131
0.785107
0.791739
0.798017
0.803930
0.809468
0.814622
0.819381
0.823735
0.827674
0.831188
0.834267
0.836900
0.839078
0.840790
0.842026
0.842777
0.843031
-0.000705
-0.000449
0.000309
0.001560
0.003292
0.005496
0.008162
0.011279
0.014837
0.018826
0.023235
0.028054
0.033273
0.038882
0.044870
0.051228
0.057944
0.065009
0.072413
0.080145
0.088195
0.096552
0.105207
0.114149
0.123367
0.132853
0.142595
0.152583
0.162807
0.173257
0.183922
0.194792
0.205857
0.217107
0.228531
0.240119
0.251861
0.263747
0.275766
0.287909
0.300164
0.312521
0.324972
0.337504
0.350108
0.362773
0.375490
0.388248
0.401037
0.413847
0.426666
0.439486
0.452296
0.465085
0.477844
0.490561
0.503227
0.515832
0.528365
0.540816
0.553175
0.565431
0.577575
0.589596
0.601483
0.613227
0.624817
0.636243
0.647494
0.658561
0.669433
0.680101
0.690553
0.700779
0.710769
0.720514
0.730001
0.739223
0.748167
0.756825
0.765184
0.773237
0.780971
0.788377
0.795445
0.802164
0.808524
0.814515
0.820126
0.825348
0.830170
0.834581
0.838572
0.842132
0.845252
0.847920
0.850126
0.851860
0.853113
0.853873
0.854131
-0.000710
-0.000451
0.000317
0.001584
0.003338
0.005571
0.008270
0.011426
0.015029
0.019068
0.023533
0.028413
0.033698
0.039378
0.045442
0.051880
0.058681
0.065835
0.073332
0.081162
0.089313
0.097776
0.106540
0.115595
0.124930
0.134536
0.144401
0.154515
0.164868
0.175450
0.186249
0.197257
0.208462
0.219853
0.231422
0.243156
0.255047
0.267083
0.279254
0.291549
0.303959
0.316473
0.329080
0.341770
0.354534
0.367359
0.380237
0.393156
0.406106
0.419077
0.432059
0.445040
0.458012
0.470962
0.483882
0.496760
0.509586
0.522350
0.535041
0.547650
0.560164
0.572575
0.584872
0.597045
0.609082
0.620974
0.632710
0.644280
0.655674
0.666881
0.677890
0.688692
0.699276
0.709631
0.719748
0.729615
0.739223
0.748561
0.757618
0.766384
0.774850
0.783004
0.790836
0.798335
0.805492
0.812296
0.818736
0.824803
0.830485
0.835773
0.840655
0.845122
0.849164
0.852769
0.855927
0.858629
0.860863
0.862620
0.863888
0.864658
0.864918
-0.000714
-0.000452
0.000326
0.001608
0.003383
0.005642
0.008375
0.011569
0.015216
0.019303
0.023822
0.028761
0.034110
0.039859
0.045996
0.052512
0.059396
0.066637
0.074224
0.082148
0.090398
0.098964
0.107834
0.116998
0.126446
0.136168
0.146152
0.156389
0.166867
0.177577
0.188507
0.199648
0.210988
0.222518
0.234226
0.246102
0.258137
0.270318
0.282636
0.295080
0.307640
0.320305
0.333065
0.345909
0.358827
0.371807
0.384840
0.397916
0.411023
0.424151
0.437289
0.450428
0.463556
0.476663
0.489739
0.502773
0.515754
0.528672
0.541517
0.554278
0.566944
0.579505
0.591951
0.604270
0.616453
0.628489
0.640367
0.652077
0.663608
0.674951
0.686093
0.697026
0.707737
0.718218
0.728457
0.738443
0.748167
0.757618
0.766785
0.775657
0.784225
0.792477
0.800404
0.807994
0.815238
0.822124
0.828642
0.834782
0.840533
0.845884
0.850826
0.855347
0.859437
0.863086
0.866283
0.869017
0.871278
0.873056
0.874339
0.875118
0.875382
-0.000718
-0.000453
0.000334
0.001630
0.003427
0.005712
0.008476
0.011707
0.015396
0.019531
0.024102
0.029099
0.034510
0.040325
0.046533
0.053124
0.060087
0.067412
0.075088
0.083103
0.091449
0.100113
0.109086
0.118356
0.127914
0.137748
0.147848
0.158203
0.168802
0.179636
0.190692
0.201962
0.213433
0.225096
0.236940
0.248954
0.261127
0.273450
0.285910
0.298498
0.311204
0.324015
0.336922
0.349915
0.362982
0.376112
0.389296
0.402523
0.415781
0.429061
0.442352
0.455642
0.468922
0.482181
0.495408
0.508593
0.521724
0.534792
0.547785
0.560693
0.573506
0.586212
0.598802
0.611264
0.623587
0.635762
0.647778
0.659623
0.671288
0.682761
0.694033
0.705092
0.715927
0.726529
0.736886
0.746988
0.756825
0.766384
0.775657
0.784632
0.793299
0.801647
0.809665
0.817343
0.824671
0.831636
0.838230
0.844441
0.850258
0.855671
0.860670
0.865243
0.869381
0.873072
0.876305
0.879071
0.881358
0.883157
0.884455
0.885243
0.885510
-0.000722
-0.000453
0.000342
0.001653
0.003469
0.005779
0.008574
0.011841
0.015570
0.019751
0.024373
0.029424
0.034895
0.040774
0.047051
0.053715
0.060755
0.068161
0.075921
0.084026
0.092463
0.101223
0.110295
0.119668
0.129331
0.139273
0.149485
0.159954
0.170671
0.181624
0.192803
0.204197
0.215795
0.227586
0.239561
0.251707
0.264015
0.276474
0.289072
0.301799
0.314644
0.327597
0.340647
0.353783
0.366994
0.380270
0.393599
0.406972
0.420377
0.433803
0.447241
0.460678
0.474104
0.487510
0.500883
0.514213
0.527489
0.540701
0.553838
0.566888
0.579842
0.592689
0.605417
0.618017
0.630477
0.642786
0.654934
0.666910
0.678704
0.690304
0.701700
0.712881
0.723836
0.734555
0.745026
0.755240
0.765184
0.774850
0.784225
0.793299
0.802062
0.810502
0.818608
0.826371
0.833779
0.840822
0.847488
0.853767
0.859649
0.865122
0.870176
0.874800
0.878983
0.882715
0.885984
0.888780
0.891093
0.892911
0.894223
0.895020
0.895290
-0.000725
-0.000454
0.000349
0.001674
0.003509
0.005844
0.008668
0.011970
0.015738
0.019963
0.024634
0.029738
0.035267
0.041208
0.047551
0.054285
0.061399
0.068882
0.076724
0.084914
0.093440
0.102292
0.111460
0.120931
0.130696
0.140743
0.151062
0.161641
0.172470
0.183539
0.194835
0.206349
0.218069
0.229985
0.242085
0.254360
0.266797
0.279386
0.292117
0.304978
0.317959
0.331048
0.344235
0.357509
0.370859
0.384274
0.397744
0.411257
0.424803
0.438371
0.451949
0.465528
0.479096
0.492642
0.506156
0.519626
0.533042
0.546393
0.559667
0.572855
0.585946
0.598927
0.611790
0.624522
0.637112
0.649551
0.661827
0.673929
0.685847
0.697569
0.709085
0.720383
0.731453
0.742285
0.752866
0.763187
0.773237
0.783004
0.792477
0.801647
0.810502
0.819030
0.827222
0.835067
0.842553
0.849669
0.856406
0.862751
0.868694
0.874225
0.879332
0.884005
0.888232
0.892002
0.895306
0.898132
0.900469
0.902306
0.903632
0.904437
0.904710
-0.000729
-0.000455
0.000357
0.001695
0.003549
0.005907
0.008759
0.012094
0.015900
0.020167
0.024884
0.030040
0.035623
0.041624
0.048030
0.054832
0.062017
0.069575
0.077496
0.085767
0.094379
0.103320
0.112578
0.122145
0.132007
0.142155
0.152576
0.163262
0.174199
0.185378
0.196788
0.208417
0.220254
0.232289
0.244510
0.256907
0.269469
0.282184
0.295042
0.308032
0.321142
0.334362
0.347681
0.361088
0.374571
0.388121
0.401725
0.415373
0.429055
0.442758
0.456472
0.470187
0.483890
0.497572
0.511220
0.524825
0.538375
0.551860
0.565267
0.578587
0.591808
0.604920
0.617910
0.630770
0.643486
0.656049
0.668448
0.680671
0.692708
0.704547
0.716178
0.727589
0.738770
0.749710
0.760397
0.770821
0.780971
0.790836
0.800404
0.809665
0.818608
0.827222
0.835496
0.843419
0.850980
0.858167
0.864971
0.871380
0.877383
0.882969
0.888127
0.892846
0.897115
0.900924
0.904260
0.907114
0.909474
0.911330
0.912670
0.913483
0.913758
-0.000732
-0.000455
0.000364
0.001715
0.003586
0.005967
0.008846
0.012212
0.016055
0.020362
0.025124
0.030329
0.035965
0.042022
0.048490
0.055356
0.062609
0.070239
0.078235
0.086584
0.095278
0.104303
0.113650
0.123307
0.133262
0.143506
0.154027
0.164814
0.175855
0.187140
0.198657
0.210396
0.222346
0.234495
0.246832
0.259347
0.272027
0.284863
0.297843
0.310956
0.324190
0.337536
0.350981
0.364515
0.378126
0.391804
0.405537
0.419315
0.433126
0.446959
0.460803
0.474648
0.488481
0.502292
0.516070
0.529804
0.543483
0.557095
0.570629
0.584075
0.597422
0.610657
0.623771
0.636753
0.649590
0.662272
0.674788
0.687127
0.699278
0.711229
0.722970
0.734489
0.745776
0.756820
0.767608
0.778131
0.788377
0.798335
0.807994
0.817343
0.826371
0.835067
0.843419
0.851417
0.859049
0.866305
0.873173
0.879643
0.885702
0.891341
0.896548
0.901312
0.905622
0.909466
0.912834
0.915715
0.918098
0.919971
0.921323
0.922144
0.922422
-0.000735
-0.000456
0.000371
0.001734
0.003622
0.006024
0.008929
0.012325
0.016202
0.020548
0.025353
0.030604
0.036291
0.042403
0.048928
0.055855
0.063174
0.070872
0.078940
0.087364
0.096135
0.105242
0.114672
0.124416
0.134461
0.144796
0.155411
0.166295
0.177435
0.188821
0.200442
0.212286
0.224343
0.236600
0.249048
0.261675
0.274469
0.287420
0.300516
0.313746
0.327100
0.340565
0.354130
0.367785
0.381519
0.395319
0.409175
0.423076
0.437011
0.450968
0.464937
0.478905
0.492862
0.506797
0.520699
0.534555
0.548356
0.562091
0.575746
0.589313
0.602779
0.616133
0.629365
0.642462
0.655414
0.668210
0.680838
0.693288
0.705547
0.717606
0.729452
0.741074
0.752463
0.763605
0.774490
0.785107
0.795445
0.805492
0.815238
0.824671
0.833779
0.842553
0.850980
0.859049
0.866750
0.874071
0.881000
0.887528
0.893642
0.899331
0.904585
0.909391
0.913739
0.917618
0.921017
0.923924
0.926327
0.928217
0.929582
0.930410
0.930691
-0.000738
-0.000456
0.000377
0.001752
0.003656
0.006078
0.009008
0.012433
0.016343
0.020726
0.025571
0.030866
0.036601
0.042765
0.049345
0.056331
0.063711
0.071475
0.079610
0.088106
0.096951
0.106134
0.115644
0.125470
0.135600
0.146023
0.156727
0.167702
0.178937
0.190419
0.202138
0.214082
0.226241
0.238602
0.251155
0.263888
0.276791
0.289851
0.303057
0.316399
0.329865
0.343444
0.357124
0.370894
0.384744
0.398661
0.412634
0.426652
0.440705
0.454780
0.468866
0.482952
0.497027
0.511080
0.525099
0.539072
0.552990
0.566840
0.580611
0.594292
0.607872
0.621339
0.634682
0.647890
0.660951
0.673855
0.686590
0.699144
0.711507
0.723668
0.735614
0.747335
0.758819
0.770055
0.781032
0.791739
0.802164
0.812296
0.822124
0.831636
0.840822
0.849669
0.858167
0.866305
0.874071
0.881453
0.888442
0.895024
0.901190
0.906927
0.912225
0.917072
0.921457
0.925368
0.928796
0.931727
0.934151
0.936057
0.937433
0.938268
0.938551
-0.000740
-0.000457
0.000384
0.001769
0.003688
0.006130
0.009083
0.012535
0.016476
0.020893
0.025777
0.031114
0.036895
0.043107
0.049740
0.056781
0.064220
0.072045
0.080244
0.088808
0.097723
0.106979
0.116565
0.126468
0.136678
0.147184
0.157973
0.169035
0.180359
0.191932
0.203744
0.215783
0.228037
0.240497
0.253149
0.265983
0.278988
0.292151
0.305463
0.318911
0.332483
0.346169
0.359958
0.373837
0.387796
0.401824
0.415908
0.430037
0.444201
0.458387
0.472585
0.486783
0.500970
0.515134
0.529264
0.543348
0.557376
0.571336
0.585216
0.599005
0.612693
0.626266
0.639715
0.653028
0.666193
0.679199
0.692034
0.704688
0.717149
0.729406
0.741447
0.753260
0.764836
0.776161
0.787225
0.798017
0.808524
0.818736
0.828642
0.838230
0.847488
0.856406
0.864971
0.873173
0.881000
0.888442
0.895485
0.902120
0.908334
0.914117
0.919457
0.924342
0.928762
0.932704
0.936159
0.939113
0.941557
0.943477
0.944864
0.945706
0.945991
-0.000743
-0.000457
0.000390
0.001785
0.003719
0.006179
0.009153
0.012631
0.016601
0.021051
0.025971
0.031348
0.037172
0.043430
0.050111
0.057205
0.064699
0.072582
0.080842
0.089469
0.098450
0.107775
0.117431
0.127408
0.137694
0.148277
0.159147
0.170291
0.181698
0.193357
0.205256
0.217384
0.229730
0.242281
0.255028
0.267957
0.281058
0.294319
0.307729
0.321276
0.334949
0.348737
0.362627
0.376610
0.390672
0.404803
0.418992
0.433226
0.447494
0.461786
0.476089
0.490392
0.504683
0.518952
0.533187
0.547376
0.561507
0.575570
0.589553
0.603445
0.617234
0.630908
0.644456
0.657867
0.671130
0.684232
0.697163
0.709911
0.722464
0.734811
0.746941
0.758842
0.770503
0.781912
0.793058
0.803930
0.814515
0.824803
0.834782
0.844441
0.853767
0.862751
0.871380
0.879643
0.887528
0.895024
0.902120
0.908803
0.915064
0.920889
0.926269
0.931190
0.935643
0.939615
0.943094
0.946071
0.948532
0.950467
0.951864
0.952712
0.953000
-0.000745
-0.000457
0.000395
0.001801
0.003747
0.006224
0.009219
0.012721
0.016718
0.021199
0.026153
0.031567
0.037431
0.043732
0.050460
0.057602
0.065147
0.073085
0.081402
0.090088
0.099131
0.108520
0.118243
0.128289
0.138645
0.149302
0.160246
0.171467
0.182952
0.194692
0.206673
0.218885
0.231315
0.243953
0.256787
0.269805
0.282996
0.296349
0.309851
0.323492
0.337259
0.351142
0.365128
0.379206
0.393366
0.407594
0.421880
0.436212
0.450579
0.464969
0.479370
0.493772
0.508162
0.522529
0.536862
0.551148
0.565377
0.579537
0.593616
0.607603
0.621487
0.635255
0.648897
0.662400
0.675754
0.688947
0.701966
0.714802
0.727442
0.739874
0.752087
0.764070
0.775811
0.787299
0.798522
0.809468
0.820126
0.830485
0.840533
0.850258
0.859649
0.868694
0.877383
0.885702
0.893642
0.901190
0.908334
0.915064
0.921367
0.927233
0.932649
0.937605
0.942088
0.946087
0.949591
0.952587
0.955066
0.957014
0.958421
0.959275
0.959564
-0.000747
-0.000457
0.000401
0.001815
0.003774
0.006267
0.009281
0.012805
0.016828
0.021337
0.026322
0.031771
0.037672
0.044013
0.050784
0.057972
0.065565
0.073553
0.081923
0.090665
0.099765
0.109214
0.118999
0.129108
0.139531
0.150255
0.161269
0.172561
0.184120
0.195934
0.207991
0.220281
0.232790
0.245509
0.258424
0.271525
0.284801
0.298238
0.311826
0.325553
0.339408
0.353379
0.367455
0.381623
0.395872
0.410191
0.424568
0.438991
0.453450
0.467931
0.482424
0.496917
0.511399
0.525857
0.540281
0.554659
0.568978
0.583228
0.597397
0.611473
0.625445
0.639301
0.653029
0.666619
0.680057
0.693334
0.706437
0.719354
0.732074
0.744585
0.756876
0.768935
0.780751
0.792312
0.803606
0.814622
0.825348
0.835773
0.845884
0.855671
0.865122
0.874225
0.882969
0.891341
0.899331
0.906927
0.914117
0.920889
0.927233
0.933136
0.938587
0.943574
0.948085
0.952110
0.955636
0.958652
0.961146
0.963106
0.964522
0.965381
0.965672
-0.000749
-0.000457
0.000406
0.001828
0.003799
0.006306
0.009338
0.012882
0.016929
0.021465
0.026479
0.031959
0.037895
0.044273
0.051083
0.058313
0.065951
0.073985
0.082404
0.091197
0.100351
0.109855
0.119697
0.129865
0.140349
0.151135
0.162213
0.173572
0.185198
0.197081
0.209209
0.221570
0.234153
0.246945
0.259936
0.273114
0.286467
0.299982
0.313650
0.327457
0.341393
0.355446
0.369603
0.383854
0.398187
0.412589
0.427050
0.441558
0.456100
0.470666
0.485244
0.499822
0.514388
0.528931
0.543439
0.557900
0.572303
0.586636
0.600888
0.615046
0.629100
0.643037
0.656845
0.670514
0.684031
0.697385
0.710564
0.723557
0.736351
0.748935
0.761298
0.773428
0.785313
0.796941
0.808301
0.819381
0.830170
0.840655
0.850826
0.860670
0.870176
0.879332
0.888127
0.896548
0.904585
0.912225
0.919457
0.926269
0.932649
0.938587
0.944069
0.949085
0.953623
0.957671
0.961218
0.964251
0.966760
0.968732
0.970156
0.971020
0.971313
-0.000750
-0.000457
0.000410
0.001840
0.003821
0.006342
0.009390
0.012953
0.017021
0.021581
0.026622
0.032132
0.038098
0.044511
0.051357
0.058625
0.066304
0.074381
0.082845
0.091684
0.100886
0.110441
0.120335
0.130558
0.141097
0.151941
0.163078
0.174496
0.186184
0.198130
0.210323
0.222749
0.235399
0.248260
0.261320
0.274567
0.287991
0.301578
0.315319
0.329199
0.343209
0.357336
0.371569
0.385896
0.400304
0.414783
0.429321
0.443906
0.458525
0.473169
0.487824
0.502479
0.517123
0.531743
0.546328
0.560866
0.575345
0.589755
0.604082
0.618316
0.632444
0.646454
0.660336
0.674078
0.687667
0.701092
0.714341
0.727402
0.740264
0.752915
0.765344
0.777538
0.789486
0.801176
0.812596
0.823735
0.834581
0.845122
0.855347
0.865243
0.874800
0.884005
0.892846
0.901312
0.909391
0.917072
0.924342
0.931190
0.937605
0.943574
0.949085
0.954128
0.958690
0.962759
0.966325
0.969374
0.971896
0.973879
0.975311
0.976179
0.976474
-0.000752
-0.000457
0.000414
0.001851
0.003842
0.006374
0.009437
0.013017
0.017105
0.021687
0.026751
0.032287
0.038283
0.044726
0.051605
0.058908
0.066623
0.074739
0.083243
0.092124
0.101371
0.110971
0.120913
0.131184
0.141774
0.152669
0.163860
0.175333
0.187077
0.199080
0.211330
0.223817
0.236527
0.249449
0.262571
0.275882
0.289370
0.303022
0.316828
0.330775
0.344852
0.359047
0.373348
0.387743
0.402220
0.416768
0.431375
0.446030
0.460720
0.475433
0.490158
0.504883
0.519597
0.534287
0.548941
0.563549
0.578098
0.592576
0.606972
0.621273
0.635469
0.649547
0.663495
0.677302
0.690956
0.704445
0.717757
0.730881
0.743805
0.756516
0.769004
0.781256
0.793261
0.805007
0.816482
0.827674
0.838572
0.849164
0.859437
0.869381
0.878983
0.888232
0.897115
0.905622
0.913739
0.921457
0.928762
0.935643
0.942088
0.948085
0.953623
0.958690
0.963274
0.967363
0.970945
0.974009
0.976543
0.978535
0.979974
0.980847
0.981142
-0.000753
-0.000457
0.000418
0.001861
0.003860
0.006403
0.009479
0.013075
0.017179
0.021781
0.026867
0.032427
0.038447
0.044918
0.051826
0.059160
0.066908
0.075058
0.083598
0.092518
0.101803
0.111444
0.121428
0.131743
0.142377
0.153319
0.164557
0.176079
0.187873
0.199927
0.212229
0.224769
0.237533
0.250510
0.263688
0.277055
0.290600
0.304310
0.318175
0.332181
0.346318
0.360573
0.374934
0.389390
0.403929
0.418539
0.433208
0.447925
0.462677
0.477453
0.492240
0.507028
0.521804
0.536556
0.551273
0.565943
0.580553
0.595093
0.609549
0.623912
0.638167
0.652305
0.666312
0.680178
0.693890
0.707436
0.720805
0.733984
0.746963
0.759728
0.772269
0.784574
0.796629
0.808425
0.819949
0.831188
0.842132
0.852769
0.863086
0.873072
0.882715
0.892002
0.900924
0.909466
0.917618
0.925368
0.932704
0.939615
0.946087
0.952110
0.957671
0.962759
0.967363
0.971469
0.975067
0.978144
0.980688
0.982689
0.984133
0.985010
0.985307
-0.000754
-0.000457
0.000421
0.001870
0.003876
0.006429
0.009516
0.013125
0.017245
0.021863
0.026968
0.032548
0.038592
0.045086
0.052020
0.059381
0.067157
0.075338
0.083910
0.092862
0.102182
0.111859
0.121879
0.132233
0.142906
0.153889
0.165168
0.176733
0.188570
0.200669
0.213017
0.225603
0.238414
0.251439
0.264666
0.278083
0.291678
0.305439
0.319355
0.333413
0.347602
0.361910
0.376324
0.390834
0.405426
0.420090
0.434814
0.449585
0.464392
0.479222
0.494064
0.508907
0.523737
0.538544
0.553316
0.568040
0.582704
0.597298
0.611808
0.626223
0.640532
0.654722
0.668781
0.682698
0.696460
0.710057
0.723475
0.736703
0.749730
0.762543
0.775130
0.787480
0.799580
0.811420
0.822986
0.834267
0.845252
0.855927
0.866283
0.876305
0.885984
0.895306
0.904260
0.912834
0.921017
0.928796
0.936159
0.943094
0.949591
0.955636
0.961218
0.966325
0.970945
0.975067
0.978678
0.981766
0.984320
0.986328
0.987778
0.988658
0.988956
-0.000755
-0.000457
0.000424
0.001877
0.003890
0.006451
0.009547
0.013168
0.017301
0.021934
0.027055
0.032653
0.038715
0.045230
0.052185
0.059570
0.067371
0.075577
0.084176
0.093157
0.102506
0.112213
0.122266
0.132651
0.143359
0.154376
0.165691
0.177292
0.189167
0.201304
0.213691
0.226316
0.239168
0.252234
0.265503
0.278962
0.292600
0.306404
0.320364
0.334467
0.348700
0.363053
0.377513
0.392068
0.406707
0.421417
0.436187
0.451005
0.465858
0.480736
0.495625
0.510514
0.525391
0.540245
0.555063
0.569833
0.584544
0.599184
0.613740
0.628200
0.642554
0.656789
0.670892
0.684853
0.698659
0.712298
0.725759
0.739029
0.752097
0.764950
0.777577
0.789965
0.802104
0.813981
0.825584
0.836900
0.847920
0.858629
0.869017
0.879071
0.888780
0.898132
0.907114
0.915715
0.923924
0.931727
0.939113
0.946071
0.952587
0.958652
0.964251
0.969374
0.974009
0.978144
0.981766
0.984864
0.987426
0.989441
0.990895
0.991778
0.992077
-0.000755
-0.000457
0.000427
0.001883
0.003901
0.006469
0.009573
0.013203
0.017347
0.021992
0.027127
0.032739
0.038817
0.045349
0.052322
0.059726
0.067547
0.075775
0.084397
0.093400
0.102774
0.112506
0.122585
0.132998
0.143733
0.154779
0.166123
0.177755
0.189660
0.201829
0.214248
0.226906
0.239791
0.252891
0.266195
0.279689
0.293362
0.307203
0.321199
0.335338
0.349609
0.363999
0.378496
0.393090
0.407766
0.422515
0.437323
0.452179
0.467071
0.481987
0.496915
0.511843
0.526759
0.541652
0.556508
0.571317
0.586066
0.600743
0.615337
0.629836
0.644227
0.658498
0.672639
0.686636
0.700477
0.714152
0.727648
0.740952
0.754054
0.766940
0.779600
0.792021
0.804191
0.816099
0.827732
0.839078
0.850126
0.860863
0.871278
0.881358
0.891093
0.900469
0.909474
0.918098
0.926327
0.934151
0.941557
0.948532
0.955066
0.961146
0.966760
0.971896
0.976543
0.980688
0.984320
0.987426
0.989995
0.992015
0.993473
0.994358
0.994657
-0.000756
-0.000457
0.000429
0.001888
0.003910
0.006483
0.009594
0.013231
0.017383
0.022038
0.027183
0.032807
0.038897
0.045442
0.052430
0.059849
0.067686
0.075931
0.084570
0.093592
0.102985
0.112737
0.122836
0.133270
0.144027
0.155096
0.166463
0.178118
0.190048
0.202242
0.214686
0.227370
0.240282
0.253408
0.266739
0.280260
0.293962
0.307830
0.321855
0.336023
0.350323
0.364742
0.379269
0.393892
0.408599
0.423378
0.438216
0.453103
0.468025
0.482971
0.497930
0.512888
0.527835
0.542757
0.557644
0.572483
0.587262
0.601970
0.616593
0.631121
0.645542
0.659842
0.674011
0.688037
0.701907
0.715610
0.729133
0.742464
0.755593
0.768505
0.781191
0.793637
0.805832
0.817764
0.829421
0.840790
0.851860
0.862620
0.873056
0.883157
0.892911
0.902306
0.911330
0.919971
0.928217
0.936057
0.943477
0.950467
0.957014
0.963106
0.968732
0.973879
0.978535
0.982689
0.986328
0.989441
0.992015
0.994038
0.995499
0.996386
0.996686
-0.000756
-0.000457
0.000430
0.001892
0.003917
0.006493
0.009609
0.013252
0.017410
0.022071
0.027224
0.032856
0.038955
0.045510
0.052508
0.059938
0.067787
0.076043
0.084695
0.093730
0.103137
0.112903
0.123017
0.133467
0.144240
0.155325
0.166709
0.178381
0.190328
0.202540
0.215003
0.227705
0.240636
0.253782
0.267131
0.280673
0.294395
0.308284
0.322329
0.336518
0.350838
0.365279
0.379828
0.394472
0.409201
0.424001
0.438861
0.453770
0.468714
0.483682
0.498662
0.513643
0.528611
0.543556
0.558464
0.573325
0.588126
0.602855
0.617500
0.632049
0.646491
0.660813
0.675003
0.689049
0.702939
0.716662
0.730205
0.743556
0.756704
0.769636
0.782340
0.794804
0.807017
0.818967
0.830640
0.842026
0.853113
0.863888
0.874339
0.884455
0.894223
0.903632
0.912670
0.921323
0.929582
0.937433
0.944864
0.951864
0.958421
0.964522
0.970156
0.975311
0.979974
0.984133
0.987778
0.990895
0.993473
0.995499
0.996963
0.997851
0.998151
-0.000757
-0.000457
0.000431
0.001894
0.003921
0.006500
0.009618
0.013264
0.017426
0.022091
0.027249
0.032886
0.038990
0.045551
0.052555
0.059991
0.067847
0.076111
0.084771
0.093814
0.103230
0.113005
0.123128
0.133586
0.144369
0.155464
0.166858
0.178540
0.190499
0.202721
0.215195
0.227909
0.240850
0.254008
0.267370
0.280924
0.294657
0.308559
0.322617
0.336818
0.351152
0.365605
0.380167
0.394824
0.409566
0.424379
0.439253
0.454174
0.469132
0.484113
0.499107
0.514101
0.529083
0.544040
0.558962
0.573836
0.588650
0.603392
0.618051
0.632613
0.647067
0.661402
0.675604
0.689663
0.703566
0.717301
0.730856
0.744219
0.757378
0.770321
0.783037
0.795513
0.807736
0.819696
0.831380
0.842777
0.853873
0.864658
0.875118
0.885243
0.895020
0.904437
0.913483
0.922144
0.930410
0.938268
0.945706
0.952712
0.959275
0.965381
0.971020
0.976179
0.980847
0.985010
0.988658
0.991778
0.994358
0.996386
0.997851
0.998739
0.999040
-0.000757
-0.000457
0.000431
0.001895
0.003922
0.006502
0.009621
0.013268
0.017431
0.022098
0.027257
0.032896
0.039002
0.045565
0.052571
0.060010
0.067868
0.076134
0.084797
0.093843
0.103261
0.113039
0.123165
0.133627
0.144413
0.155511
0.166909
0.178594
0.190556
0.202782
0.215260
0.227978
0.240923
0.254085
0.267451
0.281009
0.294746
0.308652
0.322714
0.336920
0.351258
0.365716
0.380282
0.394943
0.409689
0.424507
0.439385
0.454312
0.469274
0.484260
0.499258
0.514256
0.529243
0.544205
0.559131
0.574010
0.588828
0.603575
0.618237
0.632804
0.647263
0.661601
0.675808
0.689871
0.703778
0.717517
0.731076
0.744443
0.757607
0.770554
0.783273
0.795753
0.807980
0.819944
0.831631
0.843031
0.854131
0.864918
0.875382
0.885510
0.895290
0.904710
0.913758
0.922422
0.930691
0.938551
0.945991
0.953000
0.959564
0.965672
0.971313
0.976474
0.981142
0.985307
0.988956
0.992077
0.994657
0.996686
0.998151
0.999040
0.999341