101 101
0.000000
0.000288
0.001164
0.002616
0.004631
0.007197
0.010303
0.013937
0.018086
0.022739
0.027884
0.033508
0.039600
0.046148
0.053139
0.060562
0.068405
0.076656
0.085302
0.094333
0.103735
0.113497
0.123606
0.134052
0.144822
0.155903
0.167284
0.178954
0.190899
0.203108
0.215570
0.228271
0.241200
0.254345
0.267695
0.281236
0.294958
0.308848
0.322893
0.337083
0.351405
0.365847
0.380398
0.395044
0.409775
0.424578
0.439441
0.454352
0.469300
0.484272
0.499256
0.514240
0.529213
0.544162
0.559075
0.573940
0.588746
0.603480
0.618130
0.632685
0.647132
0.661459
0.675655
0.689707
0.703603
0.717332
0.730881
0.744238
0.757392
0.770330
0.783040
0.795511
0.807730
0.819685
0.831365
0.842757
0.853850
0.864630
0.875088
0.885209
0.894983
0.904397
0.913440
0.922099
0.930362
0.938217
0.945653
0.952657
0.959218
0.965323
0.970960
0.976117
0.980783
0.984945
0.988591
0.991710
0.994289
0.996316
0.997779
0.998667
0.998967
0.000288
0.000577
0.001453
0.002904
0.004920
0.007486
0.010593
0.014226
0.018376
0.023029
0.028174
0.033798
0.039890
0.046438
0.053430
0.060853
0.068696
0.076947
0.085593
0.094624
0.104026
0.113788
0.123898
0.134344
0.145113
0.156195
0.167577
0.179246
0.191192
0.203401
0.215863
0.228564
0.241493
0.254639
0.267989
0.281530
0.295252
0.309142
0.323188
0.337378
0.351700
0.366142
0.380693
0.395339
0.410070
0.424873
0.439737
0.454648
0.469596
0.484568
0.499552
0.514537
0.529509
0.544458
0.559372
0.574237
0.589043
0.603777
0.618428
0.632982
0.647429
0.661757
0.675953
0.690005
0.703901
0.717630
0.731179
0.744536
0.757690
0.770628
0.783339
0.795809
0.808029
0.819984
0.831664
0.843056
0.854149
0.864930
0.875387
0.885508
0.895282
0.904697
0.913739
0.922398
0.930661
0.938517
0.945953
0.952957
0.959518
0.965622
0.971259
0.976417
0.981083
0.985245
0.988891
0.992010
0.994588
0.996616
0.998079
0.998967
0.999266
0.001164
0.001453
0.002329
0.003781
0.005796
0.008363
0.011469
0.015103
0.019253
0.023906
0.029051
0.034675
0.040768
0.047316
0.054307
0.061731
0.069574
0.077825
0.086472
0.095502
0.104905
0.114667
0.124777
0.135223
0.145993
0.157075
0.168457
0.180126
0.192072
0.204281
0.216743
0.229445
0.242374
0.255520
0.268870
0.282412
0.296134
0.310024
0.324070
0.338260
0.352582
0.367025
0.381575
0.396222
0.410953
0.425757
0.440620
0.455532
0.470480
0.485452
0.500436
0.515421
0.530393
0.545343
0.560256
0.575122
0.589928
0.604662
0.619313
0.633868
0.648315
0.662642
0.676838
0.690890
0.704787
0.718516
0.732065
0.745422
0.758576
0.771514
0.784225
0.796696
0.808915
0.820871
0.832551
0.843943
0.855036
0.865816
0.876274
0.886395
0.896169
0.905584
0.914626
0.923285
0.931549
0.939404
0.946840
0.953844
0.960405
0.966510
0.972147
0.977304
0.981970
0.986132
0.989779
0.992897
0.995476
0.997503
0.998967
0.999854
1.000154
0.002616
0.002904
0.003781
0.005233
0.007248
0.009815
0.012921
0.016556
0.020705
0.025359
0.030504
0.036128
0.042221
0.048769
0.055761
0.063184
0.071028
0.079279
0.087926
0.096957
0.106359
0.116122
0.126232
0.136678
0.147448
0.158530
0.169912
0.181582
0.193528
0.205738
0.218199
0.230901
0.243831
0.256977
0.270327
0.283869
0.297591
0.311481
0.325527
0.339718
0.354040
0.368483
0.383034
0.397681
0.412412
0.427215
0.442079
0.456991
0.471939
0.486911
0.501896
0.516880
0.531853
0.546803
0.561716
0.576582
0.591388
0.606123
0.620773
0.635328
0.649776
0.664103
0.678299
0.692352
0.706248
0.719977
0.733526
0.746884
0.760038
0.772976
0.785687
0.798158
0.810377
0.822333
0.834013
0.845405
0.856498
0.867279
0.877736
0.887858
0.897632
0.907047
0.916089
0.924748
0.933012
0.940867
0.948303
0.955308
0.961868
0.967973
0.973610
0.978768
0.983434
0.987596
0.991242
0.994361
0.996939
0.998967
1.000430
1.001318
1.001618
0.004631
0.004920
0.005796
0.007248
0.009263
0.011830
0.014937
0.018571
0.022721
0.027375
0.032520
0.038145
0.044238
0.050786
0.057778
0.065202
0.073045
0.081296
0.089944
0.098974
0.108377
0.118140
0.128250
0.138697
0.149467
0.160549
0.171931
0.183601
0.195547
0.207757
0.220219
0.232921
0.245851
0.258997
0.272347
0.285889
0.299612
0.313502
0.327549
0.341739
0.356062
0.370505
0.385056
0.399703
0.414434
0.429238
0.444102
0.459014
0.473962
0.488934
0.503919
0.518904
0.533877
0.548826
0.563740
0.578606
0.593412
0.608147
0.622798
0.637353
0.651800
0.666128
0.680324
0.694377
0.708273
0.722002
0.735552
0.748910
0.762064
0.775002
0.787713
0.800184
0.812403
0.824359
0.836039
0.847432
0.858524
0.869305
0.879763
0.889885
0.899659
0.909073
0.918116
0.926775
0.935038
0.942894
0.950330
0.957334
0.963895
0.970000
0.975637
0.980795
0.985461
0.989623
0.993269
0.996388
0.998967
1.000994
1.002457
1.003345
1.003645
0.007197
0.007486
0.008363
0.009815
0.011830
0.014398
0.017505
0.021139
0.025289
0.029943
0.035088
0.040713
0.046806
0.053354
0.060346
0.067770
0.075614
0.083866
0.092513
0.101544
0.110947
0.120710
0.130820
0.141267
0.152037
0.163120
0.174502
0.186172
0.198118
0.210328
0.222791
0.235493
0.248423
0.261569
0.274920
0.288462
0.302184
0.316075
0.330121
0.344312
0.358635
0.373078
0.387629
0.402277
0.417008
0.431812
0.446676
0.461588
0.476536
0.491509
0.506494
0.521479
0.536452
0.551402
0.566316
0.581182
0.595988
0.610723
0.625374
0.639929
0.654377
0.668705
0.682901
0.696953
0.710850
0.724579
0.738129
0.751487
0.764641
0.777579
0.790290
0.802761
0.814981
0.826937
0.838617
0.850009
0.861102
0.871883
0.882341
0.892463
0.902237
0.911651
0.920694
0.929353
0.937617
0.945473
0.952909
0.959913
0.966474
0.972579
0.978216
0.983374
0.988039
0.992202
0.995848
0.998967
1.001545
1.003573
1.005036
1.005924
1.006224
0.010303
0.010593
0.011469
0.012921
0.014937
0.017505
0.020611
0.024246
0.028396
0.033050
0.038196
0.043821
0.049914
0.056462
0.063455
0.070879
0.078723
0.086974
0.095622
0.104653
0.114056
0.123819
0.133930
0.144377
0.155147
0.166230
0.177612
0.189283
0.201229
0.213439
0.225902
0.238604
0.251535
0.264681
0.278031
0.291574
0.305297
0.319187
0.333234
0.347425
0.361748
0.376191
0.390743
0.405390
0.420122
0.434926
0.449790
0.464702
0.479651
0.494623
0.509608
0.524594
0.539567
0.554517
0.569431
0.584297
0.599104
0.613838
0.628490
0.643045
0.657493
0.671821
0.686017
0.700070
0.713967
0.727696
0.741246
0.754604
0.767758
0.780697
0.793407
0.805879
0.818098
0.830054
0.841735
0.853127
0.864220
0.875001
0.885459
0.895581
0.905355
0.914770
0.923812
0.932472
0.940735
0.948591
0.956027
0.963031
0.969592
0.975697
0.981335
0.986492
0.991158
0.995320
0.998967
1.002085
1.004664
1.006691
1.008155
1.009043
1.009342
0.013937
0.014226
0.015103
0.016556
0.018571
0.021139
0.024246
0.027881
0.032031
0.036685
0.041831
0.047456
0.053549
0.060098
0.067091
0.074515
0.082359
0.090611
0.099258
0.108290
0.117693
0.127456
0.137567
0.148014
0.158785
0.169868
0.181250
0.192921
0.204868
0.217078
0.229541
0.242243
0.255174
0.268320
0.281671
0.295214
0.308937
0.322827
0.336874
0.351066
0.365389
0.379832
0.394384
0.409031
0.423763
0.438567
0.453432
0.468344
0.483293
0.498266
0.513251
0.528236
0.543210
0.558160
0.573074
0.587940
0.602747
0.617482
0.632133
0.646689
0.661137
0.675465
0.689661
0.703714
0.717611
0.731340
0.744890
0.758248
0.771403
0.784341
0.797052
0.809524
0.821743
0.833699
0.845380
0.856773
0.867866
0.878647
0.889105
0.899226
0.909001
0.918415
0.927458
0.936118
0.944381
0.952237
0.959673
0.966678
0.973238
0.979343
0.984981
0.990138
0.994804
0.998967
1.002613
1.005732
1.008311
1.010338
1.011801
1.012689
1.012989
0.018086
0.018376
0.019253
0.020705
0.022721
0.025289
0.028396
0.032031
0.036182
0.040836
0.045982
0.051607
0.057701
0.064249
0.071242
0.078667
0.086511
0.094763
0.103411
0.112442
0.121846
0.131609
0.141720
0.152167
0.162938
0.174021
0.185404
0.197075
0.209022
0.221232
0.233695
0.246398
0.259329
0.272475
0.285826
0.299369
0.313092
0.326983
0.341030
0.355222
0.369545
0.383989
0.398540
0.413188
0.427920
0.442725
0.457589
0.472502
0.487450
0.502424
0.517409
0.532394
0.547368
0.562318
0.577232
0.592099
0.606906
0.621641
0.636292
0.650848
0.665296
0.679624
0.693821
0.707874
0.721771
0.735501
0.749051
0.762409
0.775563
0.788502
0.801213
0.813685
0.825904
0.837860
0.849541
0.860934
0.872027
0.882808
0.893266
0.903388
0.913162
0.922577
0.931620
0.940279
0.948543
0.956399
0.963835
0.970840
0.977400
0.983506
0.989143
0.994301
0.998967
1.003129
1.006775
1.009894
1.012473
1.014500
1.015964
1.016851
1.017151
0.022739
0.023029
0.023906
0.025359
0.027375
0.029943
0.033050
0.036685
0.040836
0.045490
0.050636
0.056262
0.062355
0.068905
0.075897
0.083322
0.091166
0.099419
0.108067
0.117098
0.126502
0.136266
0.146377
0.156824
0.167596
0.178679
0.190062
0.201733
0.213680
0.225890
0.238353
0.251056
0.263987
0.277134
0.290485
0.304028
0.317752
0.331643
0.345690
0.359882
0.374205
0.388649
0.403201
0.417849
0.432581
0.447386
0.462250
0.477163
0.492112
0.507085
0.522071
0.537056
0.552030
0.566980
0.581895
0.596762
0.611569
0.626304
0.640955
0.655511
0.669959
0.684288
0.698485
0.712538
0.726435
0.740165
0.753715
0.767073
0.780227
0.793166
0.805878
0.818349
0.830569
0.842525
0.854206
0.865599
0.876692
0.887473
0.897931
0.908053
0.917828
0.927242
0.936286
0.944945
0.953209
0.961065
0.968501
0.975505
0.982066
0.988171
0.993809
0.998967
1.003633
1.007795
1.011441
1.014560
1.017139
1.019166
1.020630
1.021518
1.021818
0.027884
0.028174
0.029051
0.030504
0.032520
0.035088
0.038196
0.041831
0.045982
0.050636
0.055782
0.061408
0.067502
0.074051
0.081044
0.088469
0.096314
0.104566
0.113214
0.122246
0.131650
0.141414
0.151525
0.161973
0.172744
0.183828
0.195211
0.206882
0.218829
0.231040
0.243503
0.256206
0.269138
0.282285
0.295636
0.309179
0.322903
0.336794
0.350842
0.365033
0.379357
0.393801
0.408353
0.423001
0.437734
0.452538
0.467403
0.482316
0.497265
0.512239
0.527224
0.542210
0.557184
0.572135
0.587049
0.601916
0.616723
0.631459
0.646110
0.660666
0.675114
0.689443
0.703640
0.717693
0.731591
0.745320
0.758870
0.772229
0.785383
0.798323
0.811034
0.823506
0.835726
0.847682
0.859362
0.870755
0.881849
0.892630
0.903088
0.913210
0.922985
0.932400
0.941443
0.950102
0.958366
0.966222
0.973658
0.980663
0.987224
0.993329
0.998967
1.004124
1.008790
1.012953
1.016599
1.019718
1.022297
1.024324
1.025788
1.026676
1.026976
0.033508
0.033798
0.034675
0.036128
0.038145
0.040713
0.043821
0.047456
0.051607
0.056262
0.061408
0.067034
0.073128
0.079678
0.086671
0.094096
0.101941
0.110193
0.118842
0.127874
0.137278
0.147042
0.157154
0.167601
0.178373
0.189456
0.200840
0.212511
0.224458
0.236670
0.249133
0.261836
0.274768
0.287915
0.301266
0.314810
0.328533
0.342425
0.356473
0.370665
0.384989
0.399433
0.413985
0.428633
0.443366
0.458171
0.473036
0.487949
0.502898
0.517872
0.532858
0.547844
0.562818
0.577768
0.592683
0.607550
0.622357
0.637093
0.651745
0.666301
0.680749
0.695078
0.709275
0.723328
0.737226
0.750956
0.764506
0.777864
0.791019
0.803958
0.816670
0.829142
0.841362
0.853318
0.864999
0.876392
0.887485
0.898267
0.908725
0.918847
0.928622
0.938037
0.947080
0.955739
0.964003
0.971859
0.979296
0.986300
0.992861
0.998967
1.004604
1.009762
1.014428
1.018590
1.022237
1.025356
1.027935
1.029962
1.031426
1.032313
1.032613
0.039600
0.039890
0.040768
0.042221
0.044238
0.046806
0.049914
0.053549
0.057701
0.062355
0.067502
0.073128
0.079222
0.085772
0.092765
0.100190
0.108035
0.116288
0.124937
0.133969
0.143373
0.153137
0.163249
0.173697
0.184469
0.195553
0.206936
0.218608
0.230555
0.242767
0.255230
0.267934
0.280865
0.294013
0.307365
0.320908
0.334632
0.348524
0.362572
0.376764
0.391088
0.405532
0.420085
0.434733
0.449466
0.464271
0.479136
0.494049
0.508999
0.523973
0.538959
0.553945
0.568919
0.583870
0.598785
0.613652
0.628459
0.643195
0.657847
0.672403
0.686852
0.701181
0.715378
0.729431
0.743329
0.757059
0.770609
0.783968
0.797123
0.810062
0.822774
0.835246
0.847466
0.859422
0.871103
0.882496
0.893590
0.904371
0.914829
0.924952
0.934727
0.944141
0.953185
0.961844
0.970108
0.977964
0.985401
0.992406
0.998967
1.005072
1.010709
1.015867
1.020533
1.024696
1.028342
1.031461
1.034040
1.036068
1.037531
1.038419
1.038719
0.046148
0.046438
0.047316
0.048769
0.050786
0.053354
0.056462
0.060098
0.064249
0.068905
0.074051
0.079678
0.085772
0.092322
0.099315
0.106741
0.114586
0.122839
0.131488
0.140520
0.149925
0.159689
0.169801
0.180249
0.191021
0.202105
0.213489
0.225161
0.237108
0.249320
0.261784
0.274487
0.287419
0.300567
0.313919
0.327462
0.341186
0.355078
0.369127
0.383319
0.397643
0.412088
0.426640
0.441289
0.456022
0.470827
0.485692
0.500606
0.515556
0.530529
0.545516
0.560502
0.575476
0.590427
0.605342
0.620210
0.635017
0.649753
0.664405
0.678962
0.693410
0.707739
0.721937
0.735990
0.749888
0.763618
0.777169
0.790527
0.803682
0.816622
0.829333
0.841805
0.854026
0.865982
0.877663
0.889056
0.900150
0.910932
0.921390
0.931512
0.941287
0.950702
0.959745
0.968405
0.976669
0.984525
0.991962
0.998967
1.005528
1.011633
1.017271
1.022428
1.027095
1.031257
1.034904
1.038023
1.040602
1.042629
1.044093
1.044981
1.045281
0.053139
0.053430
0.054307
0.055761
0.057778
0.060346
0.063455
0.067091
0.071242
0.075897
0.081044
0.086671
0.092765
0.099315
0.106309
0.113735
0.121580
0.129833
0.138482
0.147515
0.156920
0.166684
0.176796
0.187245
0.198017
0.209101
0.220485
0.232157
0.244105
0.256317
0.268781
0.281484
0.294416
0.307564
0.320916
0.334460
0.348185
0.362077
0.376125
0.390317
0.404642
0.419087
0.433639
0.448288
0.463022
0.477827
0.492692
0.507606
0.522556
0.537530
0.552516
0.567503
0.582477
0.597428
0.612344
0.627211
0.642019
0.656755
0.671407
0.685964
0.700413
0.714742
0.728939
0.742993
0.756891
0.770621
0.784172
0.797530
0.810686
0.823625
0.836337
0.848809
0.861029
0.872986
0.884667
0.896060
0.907154
0.917936
0.928394
0.938517
0.948291
0.957707
0.966750
0.975410
0.983674
0.991530
0.998967
1.005971
1.012533
1.018638
1.024276
1.029434
1.034100
1.038262
1.041909
1.045028
1.047607
1.049634
1.051098
1.051986
1.052286
0.060562
0.060853
0.061731
0.063184
0.065202
0.067770
0.070879
0.074515
0.078667
0.083322
0.088469
0.094096
0.100190
0.106741
0.113735
0.121160
0.129006
0.137259
0.145908
0.154941
0.164346
0.174111
0.184224
0.194672
0.205444
0.216529
0.227913
0.239585
0.251533
0.263745
0.276209
0.288913
0.301846
0.314994
0.328346
0.341890
0.355614
0.369507
0.383555
0.397748
0.412073
0.426518
0.441071
0.455720
0.470453
0.485258
0.500124
0.515038
0.529988
0.544962
0.559949
0.574935
0.589910
0.604861
0.619777
0.634644
0.649452
0.664188
0.678841
0.693398
0.707847
0.722176
0.736373
0.750427
0.764325
0.778056
0.791606
0.804965
0.818121
0.831060
0.843772
0.856244
0.868465
0.880422
0.892103
0.903496
0.914590
0.925372
0.935830
0.945953
0.955728
0.965143
0.974186
0.982846
0.991110
0.998967
1.006403
1.013408
1.019969
1.026075
1.031712
1.036870
1.041537
1.045699
1.049346
1.052465
1.055044
1.057072
1.058535
1.059423
1.059723
0.068405
0.068696
0.069574
0.071028
0.073045
0.075614
0.078723
0.082359
0.086511
0.091166
0.096314
0.101941
0.108035
0.114586
0.121580
0.129006
0.136852
0.145105
0.153755
0.162788
0.172193
0.181958
0.192070
0.202519
0.213292
0.224376
0.235761
0.247433
0.259381
0.271594
0.284058
0.296762
0.309694
0.322843
0.336195
0.349740
0.363464
0.377357
0.391405
0.405598
0.419923
0.434368
0.448921
0.463571
0.478304
0.493110
0.507976
0.522890
0.537840
0.552814
0.567801
0.582788
0.597763
0.612714
0.627630
0.642498
0.657306
0.672042
0.686694
0.701251
0.715700
0.730030
0.744227
0.758281
0.772180
0.785910
0.799461
0.812820
0.825975
0.838915
0.851627
0.864100
0.876320
0.888277
0.899958
0.911352
0.922446
0.933228
0.943686
0.953809
0.963584
0.972999
0.982043
0.990702
0.998967
1.006823
1.014260
1.021265
1.027826
1.033931
1.039569
1.044727
1.049393
1.053556
1.057203
1.060322
1.062901
1.064929
1.066392
1.067280
1.067580
0.076656
0.076947
0.077825
0.079279
0.081296
0.083866
0.086974
0.090611
0.094763
0.099419
0.104566
0.110193
0.116288
0.122839
0.129833
0.137259
0.145105
0.153359
0.162009
0.171042
0.180447
0.190212
0.200325
0.210774
0.221547
0.232632
0.244016
0.255689
0.267637
0.279850
0.292314
0.305019
0.317951
0.331100
0.344452
0.357997
0.371722
0.385615
0.399663
0.413856
0.428182
0.442627
0.457180
0.471830
0.486563
0.501369
0.516235
0.531149
0.546100
0.561074
0.576061
0.591048
0.606023
0.620975
0.635891
0.650758
0.665567
0.680303
0.694956
0.709513
0.723962
0.738292
0.752489
0.766543
0.780442
0.794173
0.807723
0.821083
0.834238
0.847178
0.859890
0.872363
0.884583
0.896540
0.908222
0.919615
0.930709
0.941491
0.951950
0.962073
0.971848
0.981263
0.990307
0.998967
1.007231
1.015087
1.022524
1.029529
1.036090
1.042196
1.047834
1.052992
1.057658
1.061821
1.065468
1.068587
1.071166
1.073193
1.074657
1.075545
1.075845
0.085302
0.085593
0.086472
0.087926
0.089944
0.092513
0.095622
0.099258
0.103411
0.108067
0.113214
0.118842
0.124937
0.131488
0.138482
0.145908
0.153755
0.162009
0.170658
0.179692
0.189097
0.198863
0.208976
0.219425
0.230198
0.241283
0.252668
0.264340
0.276289
0.288502
0.300966
0.313671
0.326604
0.339753
0.353105
0.366650
0.380375
0.394268
0.408317
0.422510
0.436836
0.451281
0.465835
0.480484
0.495218
0.510024
0.524890
0.539805
0.554755
0.569730
0.584717
0.599704
0.614680
0.629631
0.644547
0.659415
0.674224
0.688960
0.703613
0.718170
0.732620
0.746949
0.761147
0.775201
0.789100
0.802831
0.816382
0.829741
0.842897
0.855837
0.868549
0.881021
0.893242
0.905199
0.916881
0.928275
0.939369
0.950151
0.960609
0.970732
0.980507
0.989923
0.998967
1.007627
1.015891
1.023747
1.031184
1.038189
1.044751
1.050856
1.056494
1.061652
1.066319
1.070481
1.074128
1.077247
1.079827
1.081854
1.083318
1.084206
1.084506
0.094333
0.094624
0.095502
0.096957
0.098974
0.101544
0.104653
0.108290
0.112442
0.117098
0.122246
0.127874
0.133969
0.140520
0.147515
0.154941
0.162788
0.171042
0.179692
0.188726
0.198131
0.207897
0.218010
0.228459
0.239233
0.250318
0.261703
0.273376
0.285325
0.297538
0.310002
0.322707
0.335640
0.348789
0.362142
0.375687
0.389412
0.403306
0.417355
0.431548
0.445874
0.460319
0.474873
0.489523
0.504257
0.519063
0.533930
0.548844
0.563795
0.578770
0.593757
0.608744
0.623720
0.638672
0.653588
0.668456
0.683264
0.698001
0.712654
0.727211
0.741661
0.755991
0.770189
0.784243
0.798142
0.811873
0.825424
0.838783
0.851939
0.864879
0.877592
0.890064
0.902285
0.914242
0.925924
0.937318
0.948412
0.959194
0.969653
0.979776
0.989551
0.998967
1.008010
1.016670
1.024935
1.032791
1.040228
1.047233
1.053795
1.059901
1.065539
1.070697
1.075363
1.079526
1.083173
1.086292
1.088871
1.090899
1.092363
1.093251
1.093551
0.103735
0.104026
0.104905
0.106359
0.108377
0.110947
0.114056
0.117693
0.121846
0.126502
0.131650
0.137278
0.143373
0.149925
0.156920
0.164346
0.172193
0.180447
0.189097
0.198131
0.207537
0.217303
0.227416
0.237866
0.248639
0.259725
0.271110
0.282783
0.294732
0.306945
0.319410
0.332115
0.345049
0.358198
0.371551
0.385096
0.398821
0.412715
0.426764
0.440958
0.455284
0.469729
0.484283
0.498933
0.513668
0.528474
0.543340
0.558255
0.573206
0.588181
0.603169
0.618156
0.633132
0.648084
0.663000
0.677868
0.692677
0.707414
0.722067
0.736625
0.751074
0.765404
0.779602
0.793657
0.807556
0.821287
0.834838
0.848198
0.861354
0.874294
0.887006
0.899479
0.911700
0.923657
0.935339
0.946733
0.957827
0.968609
0.979068
0.989191
0.998967
1.008382
1.017426
1.026086
1.034351
1.042207
1.049644
1.056650
1.063211
1.069317
1.074955
1.080113
1.084779
1.088942
1.092589
1.095708
1.098288
1.100315
1.101779
1.102667
1.102968
0.113497
0.113788
0.114667
0.116122
0.118140
0.120710
0.123819
0.127456
0.131609
0.136266
0.141414
0.147042
0.153137
0.159689
0.166684
0.174111
0.181958
0.190212
0.198863
0.207897
0.217303
0.227069
0.237183
0.247632
0.258406
0.269491
0.280877
0.292550
0.304499
0.316713
0.329178
0.341883
0.354817
0.367966
0.381319
0.394865
0.408590
0.422484
0.436534
0.450727
0.465053
0.479499
0.494053
0.508704
0.523438
0.538245
0.553111
0.568026
0.582977
0.597953
0.612940
0.627928
0.642904
0.657856
0.672772
0.687641
0.702450
0.717187
0.731840
0.746398
0.760847
0.775177
0.789376
0.803430
0.817329
0.831061
0.844612
0.857972
0.871128
0.884068
0.896781
0.909253
0.921475
0.933432
0.945114
0.956508
0.967602
0.978385
0.988843
0.998967
1.008742
1.018158
1.027202
1.035862
1.044126
1.051983
1.059420
1.066425
1.072987
1.079093
1.084731
1.089889
1.094556
1.098718
1.102365
1.105485
1.108064
1.110092
1.111556
1.112444
1.112744
0.123606
0.123898
0.124777
0.126232
0.128250
0.130820
0.133930
0.137567
0.141720
0.146377
0.151525
0.157154
0.163249
0.169801
0.176796
0.184224
0.192070
0.200325
0.208976
0.218010
0.227416
0.237183
0.247296
0.257746
0.268520
0.279606
0.290992
0.302665
0.314615
0.326828
0.339294
0.351999
0.364933
0.378082
0.391436
0.404981
0.418707
0.432601
0.446651
0.460845
0.475171
0.489617
0.504171
0.518822
0.533556
0.548363
0.563230
0.578145
0.593096
0.608072
0.623060
0.638047
0.653023
0.667976
0.682892
0.697761
0.712570
0.727307
0.741961
0.756518
0.770968
0.785299
0.799497
0.813552
0.827451
0.841182
0.854734
0.868094
0.881250
0.894190
0.906903
0.919376
0.931597
0.943555
0.955236
0.966631
0.977725
0.988508
0.998967
1.009090
1.018865
1.028281
1.037325
1.045985
1.054250
1.062107
1.069544
1.076549
1.083111
1.089217
1.094855
1.100013
1.104680
1.108843
1.112490
1.115609
1.118188
1.120216
1.121680
1.122568
1.122869
0.134052
0.134344
0.135223
0.136678
0.138697
0.141267
0.144377
0.148014
0.152167
0.156824
0.161973
0.167601
0.173697
0.180249
0.187245
0.194672
0.202519
0.210774
0.219425
0.228459
0.237866
0.247632
0.257746
0.268196
0.278970
0.290056
0.301442
0.313116
0.325066
0.337279
0.349745
0.362451
0.375385
0.388534
0.401888
0.415434
0.429160
0.443054
0.457104
0.471298
0.485624
0.500071
0.514625
0.529276
0.544011
0.558818
0.573685
0.588600
0.603551
0.618527
0.633515
0.648503
0.663479
0.678432
0.693348
0.708217
0.723026
0.737764
0.752417
0.766975
0.781425
0.795756
0.809954
0.824009
0.837908
0.851640
0.865192
0.878552
0.891708
0.904648
0.917361
0.929834
0.942056
0.954013
0.965695
0.977089
0.988184
0.998967
1.009426
1.019549
1.029324
1.038740
1.047784
1.056445
1.064709
1.072566
1.080004
1.087009
1.093571
1.099677
1.105315
1.110473
1.115140
1.119303
1.122950
1.126069
1.128649
1.130676
1.132140
1.133029
1.133329
0.144822
0.145113
0.145993
0.147448
0.149467
0.152037
0.155147
0.158785
0.162938
0.167596
0.172744
0.178373
0.184469
0.191021
0.198017
0.205444
0.213292
0.221547
0.230198
0.239233
0.248639
0.258406
0.268520
0.278970
0.289745
0.300831
0.312217
0.323891
0.335841
0.348055
0.360521
0.373227
0.386160
0.399310
0.412664
0.426210
0.439937
0.453831
0.467881
0.482075
0.496402
0.510848
0.525403
0.540054
0.554789
0.569596
0.584463
0.599379
0.614330
0.629306
0.644294
0.659282
0.674259
0.689211
0.704128
0.718997
0.733807
0.748544
0.763198
0.777756
0.792206
0.806537
0.820735
0.834790
0.848690
0.862421
0.875973
0.889333
0.902490
0.915430
0.928143
0.940616
0.952838
0.964796
0.976478
0.987872
0.998967
1.009749
1.020209
1.030332
1.040108
1.049524
1.058568
1.067228
1.075493
1.083350
1.090787
1.097793
1.104354
1.110460
1.116099
1.121257
1.125924
1.130087
1.133734
1.136853
1.139433
1.141461
1.142925
1.143813
1.144113
0.155903
0.156195
0.157075
0.158530
0.160549
0.163120
0.166230
0.169868
0.174021
0.178679
0.183828
0.189456
0.195553
0.202105
0.209101
0.216529
0.224376
0.232632
0.241283
0.250318
0.259725
0.269491
0.279606
0.290056
0.300831
0.311917
0.323303
0.334978
0.346928
0.359142
0.371608
0.384314
0.397248
0.410398
0.423753
0.437299
0.451025
0.464919
0.478970
0.493164
0.507491
0.521938
0.536493
0.551144
0.565879
0.580686
0.595554
0.610469
0.625421
0.640397
0.655385
0.670374
0.685350
0.700303
0.715220
0.730089
0.744899
0.759636
0.774290
0.788848
0.803299
0.817630
0.831828
0.845884
0.859783
0.873515
0.887067
0.900427
0.913583
0.926524
0.939237
0.951711
0.963932
0.975890
0.987572
0.998967
1.010061
1.020844
1.031303
1.041427
1.051203
1.060619
1.069663
1.078323
1.086588
1.094445
1.101883
1.108888
1.115450
1.121556
1.127194
1.132353
1.137020
1.141183
1.144830
1.147949
1.150529
1.152557
1.154021
1.154909
1.155209
0.167284
0.167577
0.168457
0.169912
0.171931
0.174502
0.177612
0.181250
0.185404
0.190062
0.195211
0.200840
0.206936
0.213489
0.220485
0.227913
0.235761
0.244016
0.252668
0.261703
0.271110
0.280877
0.290992
0.301442
0.312217
0.323303
0.334690
0.346364
0.358315
0.370529
0.382995
0.395702
0.408636
0.421786
0.435141
0.448687
0.462414
0.476308
0.490359
0.504554
0.518880
0.533327
0.547882
0.562534
0.577269
0.592076
0.606944
0.621860
0.636812
0.651788
0.666776
0.681765
0.696742
0.711695
0.726612
0.741481
0.756291
0.771029
0.785683
0.800241
0.814692
0.829022
0.843221
0.857277
0.871176
0.884908
0.898460
0.911821
0.924977
0.937918
0.950631
0.963105
0.975326
0.987284
0.998967
1.010361
1.021456
1.032239
1.042698
1.052822
1.062598
1.072014
1.081058
1.089719
1.097984
1.105841
1.113278
1.120284
1.126846
1.132952
1.138590
1.143749
1.148415
1.152578
1.156226
1.159345
1.161925
1.163953
1.165417
1.166305
1.166606
0.178954
0.179246
0.180126
0.181582
0.183601
0.186172
0.189283
0.192921
0.197075
0.201733
0.206882
0.212511
0.218608
0.225161
0.232157
0.239585
0.247433
0.255689
0.264340
0.273376
0.282783
0.292550
0.302665
0.313116
0.323891
0.334978
0.346364
0.358039
0.369989
0.382204
0.394670
0.407377
0.420312
0.433462
0.446817
0.460363
0.474090
0.487985
0.502036
0.516231
0.530558
0.545005
0.559560
0.574211
0.588947
0.603755
0.618622
0.633538
0.648491
0.663467
0.678455
0.693444
0.708421
0.723374
0.738291
0.753161
0.767971
0.782709
0.797363
0.811921
0.826372
0.840703
0.854902
0.868958
0.882857
0.896589
0.910142
0.923502
0.936659
0.949600
0.962313
0.974787
0.987008
0.998967
1.010649
1.022044
1.033138
1.043922
1.054381
1.064505
1.074281
1.083697
1.092741
1.101402
1.109667
1.117524
1.124961
1.131967
1.138529
1.144635
1.150274
1.155432
1.160099
1.164262
1.167910
1.171029
1.173609
1.175637
1.177101
1.177989
1.178290
0.190899
0.191192
0.192072
0.193528
0.195547
0.198118
0.201229
0.204868
0.209022
0.213680
0.218829
0.224458
0.230555
0.237108
0.244105
0.251533
0.259381
0.267637
0.276289
0.285325
0.294732
0.304499
0.314615
0.325066
0.335841
0.346928
0.358315
0.369989
0.381940
0.394155
0.406622
0.419328
0.432263
0.445414
0.458769
0.472316
0.486042
0.499937
0.513988
0.528184
0.542511
0.556958
0.571514
0.586165
0.600901
0.615709
0.630577
0.645493
0.660445
0.675422
0.690410
0.705399
0.720376
0.735330
0.750247
0.765117
0.779927
0.794665
0.809319
0.823878
0.838329
0.852660
0.866859
0.880915
0.894815
0.908547
0.922099
0.935460
0.948616
0.961558
0.974271
0.986745
0.998967
1.010925
1.022607
1.034002
1.045097
1.055880
1.066340
1.076463
1.086239
1.095656
1.104700
1.113361
1.121626
1.129483
1.136921
1.143927
1.150489
1.156595
1.162233
1.167392
1.172059
1.176222
1.179869
1.182989
1.185569
1.187597
1.189061
1.189949
1.190250
0.203108
0.203401
0.204281
0.205738
0.207757
0.210328
0.213439
0.217078
0.221232
0.225890
0.231040
0.236670
0.242767
0.249320
0.256317
0.263745
0.271594
0.279850
0.288502
0.297538
0.306945
0.316713
0.326828
0.337279
0.348055
0.359142
0.370529
0.382204
0.394155
0.406370
0.418837
0.431544
0.444479
0.457630
0.470985
0.484532
0.498259
0.512154
0.526205
0.540400
0.554728
0.569175
0.583731
0.598383
0.613119
0.627927
0.642795
0.657711
0.672664
0.687640
0.702629
0.717618
0.732596
0.747549
0.762467
0.777337
0.792147
0.806885
0.821539
0.836098
0.850549
0.864880
0.879080
0.893136
0.907036
0.920768
0.934320
0.947681
0.960838
0.973779
0.986493
0.998967
1.011189
1.023147
1.034829
1.046224
1.057319
1.068103
1.078562
1.088686
1.098462
1.107879
1.116923
1.125584
1.133849
1.141706
1.149144
1.156150
1.162712
1.168818
1.174457
1.179616
1.184283
1.188446
1.192093
1.195213
1.197793
1.199821
1.201285
1.202173
1.202474
0.215570
0.215863
0.216743
0.218199
0.220219
0.222791
0.225902
0.229541
0.233695
0.238353
0.243503
0.249133
0.255230
0.261784
0.268781
0.276209
0.284058
0.292314
0.300966
0.310002
0.319410
0.329178
0.339294
0.349745
0.360521
0.371608
0.382995
0.394670
0.406622
0.418837
0.431304
0.444011
0.456946
0.470097
0.483453
0.497000
0.510727
0.524622
0.538674
0.552869
0.567197
0.581645
0.596201
0.610852
0.625589
0.640397
0.655265
0.670182
0.685134
0.700111
0.715100
0.730089
0.745067
0.760020
0.774938
0.789808
0.804618
0.819357
0.834012
0.848571
0.863022
0.877353
0.891553
0.905609
0.919509
0.933241
0.946794
0.960154
0.973312
0.986253
0.998967
1.011440
1.023663
1.035621
1.047304
1.058699
1.069794
1.080577
1.091037
1.101161
1.110937
1.120353
1.129398
1.138059
1.146324
1.154182
1.161619
1.168625
1.175187
1.181294
1.186932
1.192091
1.196758
1.200921
1.204569
1.207688
1.210268
1.212296
1.213761
1.214649
1.214950
0.228271
0.228564
0.229445
0.230901
0.232921
0.235493
0.238604
0.242243
0.246398
0.251056
0.256206
0.261836
0.267934
0.274487
0.281484
0.288913
0.296762
0.305019
0.313671
0.322707
0.332115
0.341883
0.351999
0.362451
0.373227
0.384314
0.395702
0.407377
0.419328
0.431544
0.444011
0.456718
0.469654
0.482805
0.496161
0.509708
0.523435
0.537331
0.551383
0.565578
0.579906
0.594354
0.608910
0.623562
0.638298
0.653107
0.667975
0.682892
0.697845
0.712822
0.727811
0.742800
0.757778
0.772732
0.787650
0.802520
0.817330
0.832069
0.846724
0.861283
0.875734
0.890066
0.904265
0.918321
0.932222
0.945954
0.959507
0.972868
0.986025
0.998967
1.011680
1.024154
1.036377
1.048335
1.060018
1.071413
1.082508
1.093292
1.103751
1.113875
1.123652
1.133068
1.142113
1.150774
1.159039
1.166897
1.174335
1.181341
1.187903
1.194009
1.199648
1.204807
1.209474
1.213637
1.217285
1.220404
1.222984
1.225012
1.226477
1.227365
1.227666
0.241200
0.241493
0.242374
0.243831
0.245851
0.248423
0.251535
0.255174
0.259329
0.263987
0.269138
0.274768
0.280865
0.287419
0.294416
0.301846
0.309694
0.317951
0.326604
0.335640
0.345049
0.354817
0.364933
0.375385
0.386160
0.397248
0.408636
0.420312
0.432263
0.444479
0.456946
0.469654
0.482589
0.495741
0.509096
0.522644
0.536372
0.550267
0.564319
0.578515
0.592843
0.607291
0.621847
0.636500
0.651236
0.666045
0.680913
0.695830
0.710783
0.725761
0.740750
0.755739
0.770717
0.785671
0.800589
0.815460
0.830270
0.845009
0.859664
0.874223
0.888675
0.903006
0.917206
0.931262
0.945163
0.958895
0.972448
0.985809
0.998967
1.011908
1.024622
1.037096
1.049319
1.061277
1.072960
1.084355
1.095450
1.106234
1.116694
1.126818
1.136594
1.146011
1.155056
1.163717
1.171982
1.179840
1.187278
1.194284
1.200846
1.206953
1.212591
1.217750
1.222417
1.226581
1.230228
1.233348
1.235928
1.237956
1.239420
1.240309
1.240610
0.254345
0.254639
0.255520
0.256977
0.258997
0.261569
0.264681
0.268320
0.272475
0.277134
0.282285
0.287915
0.294013
0.300567
0.307564
0.314994
0.322843
0.331100
0.339753
0.348789
0.358198
0.367966
0.378082
0.388534
0.399310
0.410398
0.421786
0.433462
0.445414
0.457630
0.470097
0.482805
0.495741
0.508893
0.522248
0.535796
0.549524
0.563420
0.577472
0.591668
0.605996
0.620445
0.635001
0.649653
0.664390
0.679199
0.694068
0.708985
0.723938
0.738915
0.753905
0.768895
0.783872
0.798827
0.813745
0.828615
0.843426
0.858165
0.872820
0.887379
0.901831
0.916163
0.930363
0.944419
0.958320
0.972052
0.985605
0.998967
1.012124
1.025066
1.037780
1.050254
1.062476
1.074435
1.086118
1.097513
1.108609
1.119393
1.129853
1.139977
1.149753
1.159170
1.168215
1.176876
1.185141
1.192999
1.200437
1.207443
1.214005
1.220112
1.225751
1.230910
1.235577
1.239740
1.243388
1.246508
1.249088
1.251116
1.252580
1.253469
1.253770
0.267695
0.267989
0.268870
0.270327
0.272347
0.274920
0.278031
0.281671
0.285826
0.290485
0.295636
0.301266
0.307365
0.313919
0.320916
0.328346
0.336195
0.344452
0.353105
0.362142
0.371551
0.381319
0.391436
0.401888
0.412664
0.423753
0.435141
0.446817
0.458769
0.470985
0.483453
0.496161
0.509096
0.522248
0.535604
0.549152
0.562880
0.576777
0.590829
0.605025
0.619353
0.633802
0.648358
0.663011
0.677748
0.692557
0.707426
0.722343
0.737296
0.752274
0.767264
0.782254
0.797232
0.812186
0.827104
0.841975
0.856786
0.871525
0.886180
0.900740
0.915191
0.929523
0.943724
0.957780
0.971681
0.985413
0.998967
1.012328
1.025486
1.038427
1.051141
1.063616
1.075838
1.087797
1.099480
1.110876
1.121971
1.132755
1.143215
1.153339
1.163116
1.172533
1.181578
1.190239
1.198504
1.206362
1.213800
1.220806
1.227369
1.233475
1.239114
1.244273
1.248940
1.253104
1.256752
1.259871
1.262451
1.264480
1.265944
1.266833
1.267133
0.281236
0.281530
0.282412
0.283869
0.285889
0.288462
0.291574
0.295214
0.299369
0.304028
0.309179
0.314810
0.320908
0.327462
0.334460
0.341890
0.349740
0.357997
0.366650
0.375687
0.385096
0.394865
0.404981
0.415434
0.426210
0.437299
0.448687
0.460363
0.472316
0.484532
0.497000
0.509708
0.522644
0.535796
0.549152
0.562701
0.576429
0.590325
0.604378
0.618574
0.632903
0.647351
0.661908
0.676561
0.691298
0.706107
0.720976
0.735893
0.750847
0.765825
0.780815
0.795805
0.810783
0.825737
0.840656
0.855527
0.870338
0.885077
0.899732
0.914292
0.928744
0.943076
0.957276
0.971333
0.985234
0.998967
1.012520
1.025881
1.039039
1.051981
1.064695
1.077170
1.089392
1.101351
1.113034
1.124430
1.135526
1.146309
1.156770
1.166894
1.176671
1.186087
1.195133
1.203794
1.212059
1.219917
1.227355
1.234361
1.240924
1.247031
1.252670
1.257829
1.262496
1.266659
1.270307
1.273427
1.276007
1.278035
1.279500
1.280389
1.280689
0.294958
0.295252
0.296134
0.297591
0.299612
0.302184
0.305297
0.308937
0.313092
0.317752
0.322903
0.328533
0.334632
0.341186
0.348185
0.355614
0.363464
0.371722
0.380375
0.389412
0.398821
0.408590
0.418707
0.429160
0.439937
0.451025
0.462414
0.474090
0.486042
0.498259
0.510727
0.523435
0.536372
0.549524
0.562880
0.576429
0.590157
0.604054
0.618106
0.632303
0.646632
0.661081
0.675637
0.690291
0.705028
0.719837
0.734706
0.749624
0.764578
0.779556
0.794546
0.809536
0.824514
0.839469
0.854388
0.869258
0.884070
0.898809
0.913465
0.928024
0.942476
0.956809
0.971009
0.985066
0.998967
1.012700
1.026253
1.039615
1.052773
1.065715
1.078429
1.090903
1.103126
1.115085
1.126769
1.138164
1.149260
1.160044
1.170504
1.180629
1.190405
1.199822
1.208867
1.217529
1.225794
1.233652
1.241090
1.248097
1.254659
1.260766
1.266405
1.271564
1.276231
1.280395
1.284043
1.287163
1.289743
1.291771
1.293236
1.294124
1.294425
0.308848
0.309142
0.310024
0.311481
0.313502
0.316075
0.319187
0.322827
0.326983
0.331643
0.336794
0.342425
0.348524
0.355078
0.362077
0.369507
0.377357
0.385615
0.394268
0.403306
0.412715
0.422484
0.432601
0.443054
0.453831
0.464919
0.476308
0.487985
0.499937
0.512154
0.524622
0.537331
0.550267
0.563420
0.576777
0.590325
0.604054
0.617950
0.632003
0.646200
0.660529
0.674978
0.689535
0.704188
0.718926
0.733735
0.748605
0.763522
0.778476
0.793454
0.808445
0.823435
0.838413
0.853368
0.868287
0.883158
0.897970
0.912709
0.927365
0.941925
0.956377
0.970709
0.984910
0.998967
1.012868
1.026601
1.040154
1.053516
1.066674
1.079616
1.092331
1.104805
1.117028
1.128987
1.140671
1.152066
1.163162
1.173946
1.184407
1.194531
1.204308
1.213725
1.222770
1.231432
1.239698
1.247555
1.254994
1.262000
1.268563
1.274669
1.280308
1.285468
1.290135
1.294299
1.297946
1.301066
1.303647
1.305675
1.307140
1.308028
1.308329
0.322893
0.323188
0.324070
0.325527
0.327549
0.330121
0.333234
0.336874
0.341030
0.345690
0.350842
0.356473
0.362572
0.369127
0.376125
0.383555
0.391405
0.399663
0.408317
0.417355
0.426764
0.436534
0.446651
0.457104
0.467881
0.478970
0.490359
0.502036
0.513988
0.526205
0.538674
0.551383
0.564319
0.577472
0.590829
0.604378
0.618106
0.632003
0.646056
0.660253
0.674582
0.689031
0.703589
0.718242
0.732980
0.747789
0.762659
0.777577
0.792531
0.807509
0.822500
0.837490
0.852469
0.867424
0.882343
0.897214
0.912025
0.926765
0.941421
0.955981
0.970433
0.984766
0.998967
1.013023
1.026925
1.040658
1.054212
1.067573
1.080732
1.093674
1.106388
1.118863
1.131086
1.143045
1.154729
1.166125
1.177221
1.188005
1.198465
1.208590
1.218367
1.227784
1.236829
1.245491
1.253757
1.261615
1.269053
1.276059
1.282622
1.288729
1.294368
1.299527
1.304195
1.308358
1.312006
1.315126
1.317706
1.319735
1.321199
1.322088
1.322389
0.337083
0.337378
0.338260
0.339718
0.341739
0.344312
0.347425
0.351066
0.355222
0.359882
0.365033
0.370665
0.376764
0.383319
0.390317
0.397748
0.405598
0.413856
0.422510
0.431548
0.440958
0.450727
0.460845
0.471298
0.482075
0.493164
0.504554
0.516231
0.528184
0.540400
0.552869
0.565578
0.578515
0.591668
0.605025
0.618574
0.632303
0.646200
0.660253
0.674450
0.688780
0.703229
0.717786
0.732440
0.747178
0.761988
0.776857
0.791776
0.806730
0.821708
0.836699
0.851689
0.866668
0.881623
0.896542
0.911414
0.926226
0.940965
0.955621
0.970182
0.984634
0.998967
1.013167
1.027224
1.041126
1.054859
1.068413
1.081775
1.094933
1.107876
1.120590
1.133065
1.145288
1.157248
1.168931
1.180327
1.191423
1.202207
1.212668
1.222793
1.232570
1.241987
1.251032
1.259694
1.267960
1.275818
1.283256
1.290263
1.296825
1.302932
1.308571
1.313731
1.318398
1.322562
1.326210
1.329330
1.331910
1.333939
1.335403
1.336292
1.336593
0.351405
0.351700
0.352582
0.354040
0.356062
0.358635
0.361748
0.365389
0.369545
0.374205
0.379357
0.384989
0.391088
0.397643
0.404642
0.412073
0.419923
0.428182
0.436836
0.445874
0.455284
0.465053
0.475171
0.485624
0.496402
0.507491
0.518880
0.530558
0.542511
0.554728
0.567197
0.579906
0.592843
0.605996
0.619353
0.632903
0.646632
0.660529
0.674582
0.688780
0.703109
0.717559
0.732116
0.746770
0.761508
0.776318
0.791188
0.806106
0.821061
0.836039
0.851030
0.866021
0.881000
0.895955
0.910874
0.925746
0.940558
0.955298
0.969954
0.984514
0.998967
1.013299
1.027500
1.041557
1.055459
1.069193
1.082746
1.096108
1.109267
1.122209
1.134924
1.147399
1.159622
1.171582
1.183265
1.194661
1.205758
1.216542
1.227002
1.237127
1.246904
1.256322
1.265367
1.274029
1.282295
1.290153
1.297591
1.304598
1.311161
1.317268
1.322907
1.328066
1.332734
1.336898
1.340546
1.343666
1.346246
1.348275
1.349739
1.350628
1.350929
0.365847
0.366142
0.367025
0.368483
0.370505
0.373078
0.376191
0.379832
0.383989
0.388649
0.393801
0.399433
0.405532
0.412088
0.419087
0.426518
0.434368
0.442627
0.451281
0.460319
0.469729
0.479499
0.489617
0.500071
0.510848
0.521938
0.533327
0.545005
0.556958
0.569175
0.581645
0.594354
0.607291
0.620445
0.633802
0.647351
0.661081
0.674978
0.689031
0.703229
0.717559
0.732008
0.746566
0.761220
0.775958
0.790768
0.805639
0.820557
0.835511
0.850490
0.865481
0.880472
0.895451
0.910407
0.925326
0.940198
0.955010
0.969750
0.984406
0.998967
1.013419
1.027752
1.041953
1.056011
1.069912
1.083646
1.097200
1.110562
1.123720
1.136663
1.149378
1.161853
1.174076
1.186036
1.197720
1.209116
1.220212
1.230996
1.241457
1.251582
1.261359
1.270777
1.279822
1.288484
1.296750
1.304608
1.312047
1.319053
1.325616
1.331723
1.337362
1.342522
1.347190
1.351353
1.355001
1.358122
1.360702
1.362730
1.364195
1.365084
1.365385
0.380398
0.380693
0.381575
0.383034
0.385056
0.387629
0.390743
0.394384
0.398540
0.403201
0.408353
0.413985
0.420085
0.426640
0.433639
0.441071
0.448921
0.457180
0.465835
0.474873
0.484283
0.494053
0.504171
0.514625
0.525403
0.536493
0.547882
0.559560
0.571514
0.583731
0.596201
0.608910
0.621847
0.635001
0.648358
0.661908
0.675637
0.689535
0.703589
0.717786
0.732116
0.746566
0.761124
0.775778
0.790516
0.805327
0.820197
0.835116
0.850070
0.865049
0.880040
0.895032
0.910011
0.924966
0.939886
0.954758
0.969570
0.984310
0.998967
1.013527
1.027980
1.042313
1.056514
1.070572
1.084473
1.098207
1.111761
1.125124
1.138282
1.151225
1.163940
1.176415
1.188639
1.200598
1.212282
1.223678
1.234775
1.245559
1.256020
1.266145
1.275922
1.285340
1.294385
1.303047
1.311313
1.319171
1.326610
1.333617
1.340180
1.346287
1.351926
1.357086
1.361753
1.365917
1.369565
1.372685
1.375266
1.377294
1.378759
1.379648
1.379949
0.395044
0.395339
0.396222
0.397681
0.399703
0.402277
0.405390
0.409031
0.413188
0.417849
0.423001
0.428633
0.434733
0.441289
0.448288
0.455720
0.463571
0.471830
0.480484
0.489523
0.498933
0.508704
0.518822
0.529276
0.540054
0.551144
0.562534
0.574211
0.586165
0.598383
0.610852
0.623562
0.636500
0.649653
0.663011
0.676561
0.690291
0.704188
0.718242
0.732440
0.746770
0.761220
0.775778
0.790433
0.805171
0.819981
0.834852
0.849771
0.864726
0.879705
0.894696
0.909687
0.924667
0.939622
0.954542
0.969414
0.984226
0.998967
1.013623
1.028184
1.042637
1.056970
1.071171
1.085229
1.099131
1.112865
1.126419
1.139781
1.152940
1.165883
1.178598
1.191073
1.203297
1.215257
1.226941
1.238337
1.249433
1.260218
1.270679
1.280804
1.290581
1.299999
1.309044
1.317706
1.325972
1.333831
1.341269
1.348276
1.354839
1.360946
1.366586
1.371745
1.376413
1.380577
1.384225
1.387345
1.389926
1.391954
1.393419
1.394308
1.394609
0.409775
0.410070
0.410953
0.412412
0.414434
0.417008
0.420122
0.423763
0.427920
0.432581
0.437734
0.443366
0.449466
0.456022
0.463022
0.470453
0.478304
0.486563
0.495218
0.504257
0.513668
0.523438
0.533556
0.544011
0.554789
0.565879
0.577269
0.588947
0.600901
0.613119
0.625589
0.638298
0.651236
0.664390
0.677748
0.691298
0.705028
0.718926
0.732980
0.747178
0.761508
0.775958
0.790516
0.805171
0.819909
0.834720
0.849591
0.864510
0.879465
0.894444
0.909435
0.924427
0.939406
0.954362
0.969282
0.984154
0.998967
1.013707
1.028364
1.042925
1.057378
1.071711
1.085913
1.099970
1.113872
1.127606
1.141161
1.154523
1.167682
1.180625
1.193340
1.205815
1.218039
1.229999
1.241683
1.253079
1.264176
1.274961
1.285422
1.295547
1.305324
1.314742
1.323787
1.332450
1.340716
1.348574
1.356013
1.363020
1.369583
1.375690
1.381329
1.386489
1.391157
1.395321
1.398969
1.402089
1.404670
1.406698
1.408163
1.409052
1.409353
0.424578
0.424873
0.425757
0.427215
0.429238
0.431812
0.434926
0.438567
0.442725
0.447386
0.452538
0.458171
0.464271
0.470827
0.477827
0.485258
0.493110
0.501369
0.510024
0.519063
0.528474
0.538245
0.548363
0.558818
0.569596
0.580686
0.592076
0.603755
0.615709
0.627927
0.640397
0.653107
0.666045
0.679199
0.692557
0.706107
0.719837
0.733735
0.747789
0.761988
0.776318
0.790768
0.805327
0.819981
0.834720
0.849531
0.864402
0.879321
0.894276
0.909255
0.924247
0.939238
0.954218
0.969174
0.984094
0.998967
1.013779
1.028520
1.043177
1.057738
1.072191
1.086524
1.100726
1.114784
1.128686
1.142420
1.155974
1.169337
1.182496
1.195439
1.208154
1.220630
1.232853
1.244813
1.256498
1.267894
1.278991
1.289775
1.300236
1.310362
1.320139
1.329557
1.338603
1.347265
1.355531
1.363390
1.370828
1.377835
1.384398
1.390506
1.396145
1.401305
1.405973
1.410137
1.413785
1.416905
1.419486
1.421514
1.422979
1.423868
1.424170
0.439441
0.439737
0.440620
0.442079
0.444102
0.446676
0.449790
0.453432
0.457589
0.462250
0.467403
0.473036
0.479136
0.485692
0.492692
0.500124
0.507976
0.516235
0.524890
0.533930
0.543340
0.553111
0.563230
0.573685
0.584463
0.595554
0.606944
0.618622
0.630577
0.642795
0.655265
0.667975
0.680913
0.694068
0.707426
0.720976
0.734706
0.748605
0.762659
0.776857
0.791188
0.805639
0.820197
0.834852
0.849591
0.864402
0.879273
0.894192
0.909147
0.924127
0.939119
0.954110
0.969090
0.984046
0.998967
1.013839
1.028652
1.043392
1.058049
1.072611
1.087064
1.101397
1.115599
1.129657
1.143559
1.157294
1.170848
1.184211
1.197370
1.210313
1.223028
1.235504
1.247728
1.259688
1.271372
1.282769
1.293865
1.304650
1.315111
1.325237
1.335014
1.344432
1.353478
1.362140
1.370407
1.378265
1.385704
1.392711
1.399274
1.405381
1.411021
1.416181
1.420849
1.425013
1.428661
1.431781
1.434362
1.436391
1.437856
1.438745
1.439046
0.454352
0.454648
0.455532
0.456991
0.459014
0.461588
0.464702
0.468344
0.472502
0.477163
0.482316
0.487949
0.494049
0.500606
0.507606
0.515038
0.522890
0.531149
0.539805
0.548844
0.558255
0.568026
0.578145
0.588600
0.599379
0.610469
0.621860
0.633538
0.645493
0.657711
0.670182
0.682892
0.695830
0.708985
0.722343
0.735893
0.749624
0.763522
0.777577
0.791776
0.806106
0.820557
0.835116
0.849771
0.864510
0.879321
0.894192
0.909111
0.924067
0.939047
0.954038
0.969030
0.984010
0.998967
1.013887
1.028760
1.043572
1.058313
1.072970
1.087532
1.101985
1.116319
1.130521
1.144579
1.158481
1.172215
1.185770
1.199133
1.212292
1.225235
1.237951
1.250427
1.262650
1.274611
1.286295
1.297692
1.308788
1.319573
1.330035
1.340160
1.349938
1.359355
1.368401
1.377064
1.385330
1.393189
1.400628
1.407635
1.414198
1.420305
1.425945
1.431105
1.435772
1.439937
1.443585
1.446705
1.449286
1.451315
1.452780
1.453669
1.453970
0.469300
0.469596
0.470480
0.471939
0.473962
0.476536
0.479651
0.483293
0.487450
0.492112
0.497265
0.502898
0.508999
0.515556
0.522556
0.529988
0.537840
0.546100
0.554755
0.563795
0.573206
0.582977
0.593096
0.603551
0.614330
0.625421
0.636812
0.648491
0.660445
0.672664
0.685134
0.697845
0.710783
0.723938
0.737296
0.750847
0.764578
0.778476
0.792531
0.806730
0.821061
0.835511
0.850070
0.864726
0.879465
0.894276
0.909147
0.924067
0.939023
0.954002
0.968994
0.983986
0.998967
1.013923
1.028843
1.043716
1.058529
1.073270
1.087927
1.102489
1.116942
1.131276
1.145478
1.159536
1.173439
1.187173
1.200728
1.214091
1.227250
1.240194
1.252909
1.265385
1.277609
1.289569
1.301254
1.312650
1.323747
1.334532
1.344994
1.355119
1.364897
1.374315
1.383361
1.392023
1.400290
1.408148
1.415587
1.422594
1.429158
1.435265
1.440905
1.446065
1.450733
1.454897
1.458545
1.461666
1.464246
1.466275
1.467740
1.468629
1.468931
0.484272
0.484568
0.485452
0.486911
0.488934
0.491509
0.494623
0.498266
0.502424
0.507085
0.512239
0.517872
0.523973
0.530529
0.537530
0.544962
0.552814
0.561074
0.569730
0.578770
0.588181
0.597953
0.608072
0.618527
0.629306
0.640397
0.651788
0.663467
0.675422
0.687640
0.700111
0.712822
0.725761
0.738915
0.752274
0.765825
0.779556
0.793454
0.807509
0.821708
0.836039
0.850490
0.865049
0.879705
0.894444
0.909255
0.924127
0.939047
0.954002
0.968982
0.983974
0.998967
1.013947
1.028903
1.043824
1.058697
1.073510
1.088251
1.102909
1.117470
1.131924
1.146258
1.160460
1.174518
1.188421
1.202155
1.215710
1.229073
1.242233
1.255176
1.267892
1.280368
1.292592
1.304552
1.316237
1.327633
1.338730
1.349516
1.359977
1.370102
1.379880
1.389298
1.398344
1.407007
1.415273
1.423132
1.430571
1.437578
1.444142
1.450249
1.455889
1.461049
1.465717
1.469881
1.473529
1.476650
1.479231
1.481259
1.482724
1.483614
1.483915
0.499256
0.499552
0.500436
0.501896
0.503919
0.506494
0.509608
0.513251
0.517409
0.522071
0.527224
0.532858
0.538959
0.545516
0.552516
0.559949
0.567801
0.576061
0.584717
0.593757
0.603169
0.612940
0.623060
0.633515
0.644294
0.655385
0.666776
0.678455
0.690410
0.702629
0.715100
0.727811
0.740750
0.753905
0.767264
0.780815
0.794546
0.808445
0.822500
0.836699
0.851030
0.865481
0.880040
0.894696
0.909435
0.924247
0.939119
0.954038
0.968994
0.983974
0.998967
1.013959
1.028939
1.043896
1.058817
1.073690
1.088503
1.103244
1.117902
1.132463
1.146917
1.161251
1.175454
1.189512
1.203415
1.217149
1.230704
1.244068
1.257227
1.270171
1.282886
1.295362
1.307587
1.319547
1.331232
1.342629
1.353726
1.364511
1.374972
1.385098
1.394876
1.404294
1.413340
1.422002
1.430269
1.438128
1.445567
1.452574
1.459138
1.465245
1.470885
1.476045
1.480713
1.484877
1.488526
1.491646
1.494227
1.496256
1.497721
1.498610
1.498911
0.514240
0.514537
0.515421
0.516880
0.518904
0.521479
0.524594
0.528236
0.532394
0.537056
0.542210
0.547844
0.553945
0.560502
0.567503
0.574935
0.582788
0.591048
0.599704
0.608744
0.618156
0.627928
0.638047
0.648503
0.659282
0.670374
0.681765
0.693444
0.705399
0.717618
0.730089
0.742800
0.755739
0.768895
0.782254
0.795805
0.809536
0.823435
0.837490
0.851689
0.866021
0.880472
0.895032
0.909687
0.924427
0.939238
0.954110
0.969030
0.983986
0.998967
1.013959
1.028951
1.043932
1.058889
1.073810
1.088683
1.103496
1.118238
1.132895
1.147457
1.161911
1.176245
1.190447
1.204506
1.218409
1.232144
1.245699
1.259062
1.272222
1.285165
1.297881
1.310357
1.322582
1.334542
1.346227
1.357624
1.368721
1.379506
1.389968
1.400093
1.409871
1.419289
1.428336
1.436998
1.445265
1.453124
1.460563
1.467570
1.474134
1.480241
1.485881
1.491041
1.495709
1.499873
1.503522
1.506643
1.509223
1.511252
1.512717
1.513607
1.513908
0.529213
0.529509
0.530393
0.531853
0.533877
0.536452
0.539567
0.543210
0.547368
0.552030
0.557184
0.562818
0.568919
0.575476
0.582477
0.589910
0.597763
0.606023
0.614680
0.623720
0.633132
0.642904
0.653023
0.663479
0.674259
0.685350
0.696742
0.708421
0.720376
0.732596
0.745067
0.757778
0.770717
0.783872
0.797232
0.810783
0.824514
0.838413
0.852469
0.866668
0.881000
0.895451
0.910011
0.924667
0.939406
0.954218
0.969090
0.984010
0.998967
1.013947
1.028939
1.043932
1.058913
1.073870
1.088791
1.103664
1.118477
1.133219
1.147877
1.162439
1.176893
1.191227
1.205429
1.219488
1.233391
1.247126
1.260681
1.274045
1.287204
1.300148
1.312864
1.325340
1.337565
1.349525
1.361210
1.372607
1.383704
1.394490
1.404951
1.415077
1.424855
1.434273
1.443320
1.451982
1.460249
1.468108
1.475547
1.482554
1.489118
1.495225
1.500865
1.506025
1.510694
1.514858
1.518506
1.521627
1.524208
1.526237
1.527702
1.528591
1.528893
0.544162
0.544458
0.545343
0.546803
0.548826
0.551402
0.554517
0.558160
0.562318
0.566980
0.572135
0.577768
0.583870
0.590427
0.597428
0.604861
0.612714
0.620975
0.629631
0.638672
0.648084
0.657856
0.667976
0.678432
0.689211
0.700303
0.711695
0.723374
0.735330
0.747549
0.760020
0.772732
0.785671
0.798827
0.812186
0.825737
0.839469
0.853368
0.867424
0.881623
0.895955
0.910407
0.924966
0.939622
0.954362
0.969174
0.984046
0.998967
1.013923
1.028903
1.043896
1.058889
1.073870
1.088827
1.103748
1.118621
1.133435
1.148177
1.162834
1.177396
1.191851
1.206185
1.220388
1.234446
1.248349
1.262084
1.275640
1.289003
1.302163
1.315107
1.327823
1.340299
1.352524
1.364484
1.376169
1.387566
1.398664
1.409449
1.419911
1.430037
1.439815
1.449233
1.458279
1.466942
1.475209
1.483068
1.490507
1.497515
1.504078
1.510186
1.515826
1.520986
1.525654
1.529818
1.533467
1.536588
1.539169
1.541198
1.542663
1.543552
1.543853
0.559075
0.559372
0.560256
0.561716
0.563740
0.566316
0.569431
0.573074
0.577232
0.581895
0.587049
0.592683
0.598785
0.605342
0.612344
0.619777
0.627630
0.635891
0.644547
0.653588
0.663000
0.672772
0.682892
0.693348
0.704128
0.715220
0.726612
0.738291
0.750247
0.762467
0.774938
0.787650
0.800589
0.813745
0.827104
0.840656
0.854388
0.868287
0.882343
0.896542
0.910874
0.925326
0.939886
0.954542
0.969282
0.984094
0.998967
1.013887
1.028843
1.043824
1.058817
1.073810
1.088791
1.103748
1.118669
1.133543
1.148356
1.163098
1.177756
1.192318
1.206773
1.221107
1.235310
1.249369
1.263272
1.277007
1.290562
1.303926
1.317086
1.330030
1.342746
1.355222
1.367447
1.379408
1.391093
1.402490
1.413587
1.424373
1.434835
1.444961
1.454739
1.464157
1.473203
1.481866
1.490133
1.497992
1.505431
1.512439
1.519002
1.525110
1.530750
1.535910
1.540579
1.544743
1.548392
1.551512
1.554093
1.556122
1.557588
1.558477
1.558778
0.573940
0.574237
0.575122
0.576582
0.578606
0.581182
0.584297
0.587940
0.592099
0.596762
0.601916
0.607550
0.613652
0.620210
0.627211
0.634644
0.642498
0.650758
0.659415
0.668456
0.677868
0.687641
0.697761
0.708217
0.718997
0.730089
0.741481
0.753161
0.765117
0.777337
0.789808
0.802520
0.815460
0.828615
0.841975
0.855527
0.869258
0.883158
0.897214
0.911414
0.925746
0.940198
0.954758
0.969414
0.984154
0.998967
1.013839
1.028760
1.043716
1.058697
1.073690
1.088683
1.103664
1.118621
1.133543
1.148416
1.163230
1.177972
1.192630
1.207193
1.221647
1.235982
1.250184
1.264243
1.278146
1.291882
1.305437
1.318801
1.331961
1.344905
1.357621
1.370098
1.382322
1.394283
1.405968
1.417366
1.428463
1.439249
1.449710
1.459836
1.469615
1.479033
1.488080
1.496742
1.505009
1.512868
1.520308
1.527315
1.533879
1.539987
1.545627
1.550787
1.555455
1.559620
1.563268
1.566389
1.568970
1.570999
1.572464
1.573354
1.573655
0.588746
0.589043
0.589928
0.591388
0.593412
0.595988
0.599104
0.602747
0.606906
0.611569
0.616723
0.622357
0.628459
0.635017
0.642019
0.649452
0.657306
0.665567
0.674224
0.683264
0.692677
0.702450
0.712570
0.723026
0.733807
0.744899
0.756291
0.767971
0.779927
0.792147
0.804618
0.817330
0.830270
0.843426
0.856786
0.870338
0.884070
0.897970
0.912025
0.926226
0.940558
0.955010
0.969570
0.984226
0.998967
1.013779
1.028652
1.043572
1.058529
1.073510
1.088503
1.103496
1.118477
1.133435
1.148356
1.163230
1.178044
1.192786
1.207444
1.222007
1.236461
1.250796
1.264999
1.279058
1.292961
1.306697
1.320252
1.333616
1.346776
1.359720
1.372437
1.384913
1.397138
1.409099
1.420784
1.432181
1.443279
1.454065
1.464526
1.474653
1.484431
1.493849
1.502896
1.511559
1.519826
1.527685
1.535124
1.542132
1.548695
1.554803
1.560443
1.565604
1.570272
1.574436
1.578085
1.581206
1.583787
1.585816
1.587281
1.588171
1.588472
0.603480
0.603777
0.604662
0.606123
0.608147
0.610723
0.613838
0.617482
0.621641
0.626304
0.631459
0.637093
0.643195
0.649753
0.656755
0.664188
0.672042
0.680303
0.688960
0.698001
0.707414
0.717187
0.727307
0.737764
0.748544
0.759636
0.771029
0.782709
0.794665
0.806885
0.819357
0.832069
0.845009
0.858165
0.871525
0.885077
0.898809
0.912709
0.926765
0.940965
0.955298
0.969750
0.984310
0.998967
1.013707
1.028520
1.043392
1.058313
1.073270
1.088251
1.103244
1.118238
1.133219
1.148177
1.163098
1.177972
1.192786
1.207528
1.222187
1.236749
1.251204
1.265539
1.279742
1.293801
1.307704
1.321440
1.334995
1.348359
1.361519
1.374464
1.387180
1.399657
1.411882
1.423843
1.435528
1.446925
1.458023
1.468809
1.479271
1.489397
1.499175
1.508594
1.517640
1.526303
1.534570
1.542429
1.549869
1.556876
1.563440
1.569548
1.575188
1.580348
1.585017
1.589181
1.592830
1.595951
1.598532
1.600561
1.602026
1.602916
1.603217
0.618130
0.618428
0.619313
0.620773
0.622798
0.625374
0.628490
0.632133
0.636292
0.640955
0.646110
0.651745
0.657847
0.664405
0.671407
0.678841
0.686694
0.694956
0.703613
0.712654
0.722067
0.731840
0.741961
0.752417
0.763198
0.774290
0.785683
0.797363
0.809319
0.821539
0.834012
0.846724
0.859664
0.872820
0.886180
0.899732
0.913465
0.927365
0.941421
0.955621
0.969954
0.984406
0.998967
1.013623
1.028364
1.043177
1.058049
1.072970
1.087927
1.102909
1.117902
1.132895
1.147877
1.162834
1.177756
1.192630
1.207444
1.222187
1.236845
1.251408
1.265862
1.280197
1.294400
1.308460
1.322363
1.336099
1.349655
1.363019
1.376179
1.389123
1.401840
1.414316
1.426541
1.438502
1.450188
1.461585
1.472683
1.483469
1.493931
1.504057
1.513835
1.523254
1.532301
1.540964
1.549231
1.557090
1.564530
1.571537
1.578101
1.584209
1.589849
1.595009
1.599678
1.603842
1.607491
1.610612
1.613193
1.615222
1.616688
1.617577
1.617879
0.632685
0.632982
0.633868
0.635328
0.637353
0.639929
0.643045
0.646689
0.650848
0.655511
0.660666
0.666301
0.672403
0.678962
0.685964
0.693398
0.701251
0.709513
0.718170
0.727211
0.736625
0.746398
0.756518
0.766975
0.777756
0.788848
0.800241
0.811921
0.823878
0.836098
0.848571
0.861283
0.874223
0.887379
0.900740
0.914292
0.928024
0.941925
0.955981
0.970182
0.984514
0.998967
1.013527
1.028184
1.042925
1.057738
1.072611
1.087532
1.102489
1.117470
1.132463
1.147457
1.162439
1.177396
1.192318
1.207193
1.222007
1.236749
1.251408
1.265970
1.280425
1.294760
1.308964
1.323023
1.336926
1.350662
1.364218
1.377582
1.390742
1.403687
1.416403
1.428880
1.441105
1.453066
1.464752
1.476149
1.487247
1.498033
1.508495
1.518621
1.528400
1.537818
1.546865
1.555528
1.563795
1.571655
1.579094
1.586102
1.592666
1.598774
1.604414
1.609574
1.614243
1.618407
1.622056
1.625177
1.627758
1.629788
1.631253
1.632142
1.632444
0.647132
0.647429
0.648315
0.649776
0.651800
0.654377
0.657493
0.661137
0.665296
0.669959
0.675114
0.680749
0.686852
0.693410
0.700413
0.707847
0.715700
0.723962
0.732620
0.741661
0.751074
0.760847
0.770968
0.781425
0.792206
0.803299
0.814692
0.826372
0.838329
0.850549
0.863022
0.875734
0.888675
0.901831
0.915191
0.928744
0.942476
0.956377
0.970433
0.984634
0.998967
1.013419
1.027980
1.042637
1.057378
1.072191
1.087064
1.101985
1.116942
1.131924
1.146917
1.161911
1.176893
1.191851
1.206773
1.221647
1.236461
1.251204
1.265862
1.280425
1.294880
1.309215
1.323419
1.337478
1.351382
1.365118
1.378674
1.392038
1.405198
1.418143
1.430859
1.443336
1.455561
1.467523
1.479208
1.490606
1.501703
1.512489
1.522952
1.533078
1.542856
1.552275
1.561322
1.569985
1.578252
1.586112
1.593551
1.600559
1.607123
1.613231
1.618871
1.624032
1.628700
1.632865
1.636514
1.639634
1.642216
1.644245
1.645710
1.646600
1.646901
0.661459
0.661757
0.662642
0.664103
0.666128
0.668705
0.671821
0.675465
0.679624
0.684288
0.689443
0.695078
0.701181
0.707739
0.714742
0.722176
0.730030
0.738292
0.746949
0.755991
0.765404
0.775177
0.785299
0.795756
0.806537
0.817630
0.829022
0.840703
0.852660
0.864880
0.877353
0.890066
0.903006
0.916163
0.929523
0.943076
0.956809
0.970709
0.984766
0.998967
1.013299
1.027752
1.042313
1.056970
1.071711
1.086524
1.101397
1.116319
1.131276
1.146258
1.161251
1.176245
1.191227
1.206185
1.221107
1.235982
1.250796
1.265539
1.280197
1.294760
1.309215
1.323551
1.337754
1.351814
1.365717
1.379453
1.393009
1.406374
1.419534
1.432479
1.445195
1.457672
1.469898
1.481859
1.493544
1.504942
1.516040
1.526826
1.537288
1.547415
1.557193
1.566612
1.575659
1.584322
1.592589
1.600449
1.607888
1.614896
1.621460
1.627568
1.633208
1.638369
1.643037
1.647202
1.650851
1.653972
1.656553
1.658582
1.660048
1.660937
1.661239
0.675655
0.675953
0.676838
0.678299
0.680324
0.682901
0.686017
0.689661
0.693821
0.698485
0.703640
0.709275
0.715378
0.721937
0.728939
0.736373
0.744227
0.752489
0.761147
0.770189
0.779602
0.789376
0.799497
0.809954
0.820735
0.831828
0.843221
0.854902
0.866859
0.879080
0.891553
0.904265
0.917206
0.930363
0.943724
0.957276
0.971009
0.984910
0.998967
1.013167
1.027500
1.041953
1.056514
1.071171
1.085913
1.100726
1.115599
1.130521
1.145478
1.160460
1.175454
1.190447
1.205429
1.220388
1.235310
1.250184
1.264999
1.279742
1.294400
1.308964
1.323419
1.337754
1.351958
1.366017
1.379921
1.393657
1.407213
1.420578
1.433738
1.446683
1.459400
1.471877
1.484102
1.496063
1.507749
1.519147
1.530245
1.541031
1.551493
1.561619
1.571398
1.580817
1.589864
1.598527
1.606794
1.614654
1.622093
1.629101
1.635665
1.641773
1.647414
1.652574
1.657243
1.661407
1.665056
1.668177
1.670759
1.672788
1.674253
1.675143
1.675445
0.689707
0.690005
0.690890
0.692352
0.694377
0.696953
0.700070
0.703714
0.707874
0.712538
0.717693
0.723328
0.729431
0.735990
0.742993
0.750427
0.758281
0.766543
0.775201
0.784243
0.793657
0.803430
0.813552
0.824009
0.834790
0.845884
0.857277
0.868958
0.880915
0.893136
0.905609
0.918321
0.931262
0.944419
0.957780
0.971333
0.985066
0.998967
1.013023
1.027224
1.041557
1.056011
1.070572
1.085229
1.099970
1.114784
1.129657
1.144579
1.159536
1.174518
1.189512
1.204506
1.219488
1.234446
1.249369
1.264243
1.279058
1.293801
1.308460
1.323023
1.337478
1.351814
1.366017
1.380077
1.393981
1.407717
1.421273
1.434638
1.447798
1.460743
1.473460
1.485937
1.498162
1.510124
1.521809
1.533207
1.544305
1.555091
1.565554
1.575680
1.585459
1.594878
1.603925
1.612588
1.620856
1.628715
1.636155
1.643163
1.649727
1.655835
1.661475
1.666636
1.671304
1.675469
1.679118
1.682239
1.684820
1.686850
1.688315
1.689205
1.689506
0.703603
0.703901
0.704787
0.706248
0.708273
0.710850
0.713967
0.717611
0.721771
0.726435
0.731591
0.737226
0.743329
0.749888
0.756891
0.764325
0.772180
0.780442
0.789100
0.798142
0.807556
0.817329
0.827451
0.837908
0.848690
0.859783
0.871176
0.882857
0.894815
0.907036
0.919509
0.932222
0.945163
0.958320
0.971681
0.985234
0.998967
1.012868
1.026925
1.041126
1.055459
1.069912
1.084473
1.099131
1.113872
1.128686
1.143559
1.158481
1.173439
1.188421
1.203415
1.218409
1.233391
1.248349
1.263272
1.278146
1.292961
1.307704
1.322363
1.336926
1.351382
1.365717
1.379921
1.393981
1.407885
1.421621
1.435177
1.448542
1.461703
1.474647
1.487364
1.499842
1.512067
1.524029
1.535714
1.547112
1.558210
1.568996
1.579459
1.589585
1.599364
1.608783
1.617830
1.626493
1.634761
1.642620
1.650060
1.657068
1.663632
1.669740
1.675381
1.680541
1.685210
1.689375
1.693024
1.696145
1.698726
1.700755
1.702221
1.703110
1.703412
0.717332
0.717630
0.718516
0.719977
0.722002
0.724579
0.727696
0.731340
0.735501
0.740165
0.745320
0.750956
0.757059
0.763618
0.770621
0.778056
0.785910
0.794173
0.802831
0.811873
0.821287
0.831061
0.841182
0.851640
0.862421
0.873515
0.884908
0.896589
0.908547
0.920768
0.933241
0.945954
0.958895
0.972052
0.985413
0.998967
1.012700
1.026601
1.040658
1.054859
1.069193
1.083646
1.098207
1.112865
1.127606
1.142420
1.157294
1.172215
1.187173
1.202155
1.217149
1.232144
1.247126
1.262084
1.277007
1.291882
1.306697
1.321440
1.336099
1.350662
1.365118
1.379453
1.393657
1.407717
1.421621
1.435357
1.448914
1.462278
1.475439
1.488384
1.501101
1.513578
1.525804
1.537765
1.549451
1.560849
1.571947
1.582734
1.593196
1.603323
1.613101
1.622520
1.631568
1.640231
1.648498
1.656358
1.663798
1.670806
1.677370
1.683478
1.689118
1.694279
1.698948
1.703113
1.706762
1.709883
1.712464
1.714493
1.715959
1.716848
1.717150
0.730881
0.731179
0.732065
0.733526
0.735552
0.738129
0.741246
0.744890
0.749051
0.753715
0.758870
0.764506
0.770609
0.777169
0.784172
0.791606
0.799461
0.807723
0.816382
0.825424
0.834838
0.844612
0.854734
0.865192
0.875973
0.887067
0.898460
0.910142
0.922099
0.934320
0.946794
0.959507
0.972448
0.985605
0.998967
1.012520
1.026253
1.040154
1.054212
1.068413
1.082746
1.097200
1.111761
1.126419
1.141161
1.155974
1.170848
1.185770
1.200728
1.215710
1.230704
1.245699
1.260681
1.275640
1.290562
1.305437
1.320252
1.334995
1.349655
1.364218
1.378674
1.393009
1.407213
1.421273
1.435177
1.448914
1.462470
1.475835
1.488996
1.501941
1.514658
1.527135
1.539361
1.551322
1.563008
1.574406
1.585504
1.596291
1.606753
1.616880
1.626659
1.636078
1.645125
1.653788
1.662056
1.669916
1.677355
1.684363
1.690928
1.697036
1.702676
1.707837
1.712506
1.716670
1.720319
1.723441
1.726022
1.728051
1.729517
1.730406
1.730708
0.744238
0.744536
0.745422
0.746884
0.748910
0.751487
0.754604
0.758248
0.762409
0.767073
0.772229
0.777864
0.783968
0.790527
0.797530
0.804965
0.812820
0.821083
0.829741
0.838783
0.848198
0.857972
0.868094
0.878552
0.889333
0.900427
0.911821
0.923502
0.935460
0.947681
0.960154
0.972868
0.985809
0.998967
1.012328
1.025881
1.039615
1.053516
1.067573
1.081775
1.096108
1.110562
1.125124
1.139781
1.154523
1.169337
1.184211
1.199133
1.214091
1.229073
1.244068
1.259062
1.274045
1.289003
1.303926
1.318801
1.333616
1.348359
1.363019
1.377582
1.392038
1.406374
1.420578
1.434638
1.448542
1.462278
1.475835
1.489200
1.502361
1.515306
1.528023
1.540500
1.552726
1.564688
1.576373
1.587772
1.598870
1.609656
1.620119
1.630246
1.640024
1.649443
1.658491
1.667154
1.675422
1.683281
1.690721
1.697729
1.704293
1.710402
1.716042
1.721203
1.725872
1.730037
1.733686
1.736807
1.739388
1.741417
1.742883
1.743773
1.744074
0.757392
0.757690
0.758576
0.760038
0.762064
0.764641
0.767758
0.771403
0.775563
0.780227
0.785383
0.791019
0.797123
0.803682
0.810686
0.818121
0.825975
0.834238
0.842897
0.851939
0.861354
0.871128
0.881250
0.891708
0.902490
0.913583
0.924977
0.936659
0.948616
0.960838
0.973312
0.986025
0.998967
1.012124
1.025486
1.039039
1.052773
1.066674
1.080732
1.094933
1.109267
1.123720
1.138282
1.152940
1.167682
1.182496
1.197370
1.212292
1.227250
1.242233
1.257227
1.272222
1.287204
1.302163
1.317086
1.331961
1.346776
1.361519
1.376179
1.390742
1.405198
1.419534
1.433738
1.447798
1.461703
1.475439
1.488996
1.502361
1.515522
1.528467
1.541184
1.553661
1.565887
1.577849
1.589535
1.600933
1.612031
1.622818
1.633280
1.643407
1.653186
1.662605
1.671653
1.680316
1.688584
1.696443
1.703883
1.710891
1.717455
1.723564
1.729204
1.734365
1.739034
1.743199
1.746848
1.749969
1.752550
1.754580
1.756045
1.756935
1.757237
0.770330
0.770628
0.771514
0.772976
0.775002
0.777579
0.780697
0.784341
0.788502
0.793166
0.798323
0.803958
0.810062
0.816622
0.823625
0.831060
0.838915
0.847178
0.855837
0.864879
0.874294
0.884068
0.894190
0.904648
0.915430
0.926524
0.937918
0.949600
0.961558
0.973779
0.986253
0.998967
1.011908
1.025066
1.038427
1.051981
1.065715
1.079616
1.093674
1.107876
1.122209
1.136663
1.151225
1.165883
1.180625
1.195439
1.210313
1.225235
1.240194
1.255176
1.270171
1.285165
1.300148
1.315107
1.330030
1.344905
1.359720
1.374464
1.389123
1.403687
1.418143
1.432479
1.446683
1.460743
1.474647
1.488384
1.501941
1.515306
1.528467
1.541412
1.554129
1.566607
1.578832
1.590794
1.602480
1.613879
1.624977
1.635763
1.646226
1.656353
1.666132
1.675551
1.684598
1.693262
1.701530
1.709389
1.716829
1.723837
1.730402
1.736510
1.742151
1.747311
1.751980
1.756145
1.759794
1.762915
1.765497
1.767526
1.768992
1.769881
1.770183
0.783040
0.783339
0.784225
0.785687
0.787713
0.790290
0.793407
0.797052
0.801213
0.805878
0.811034
0.816670
0.822774
0.829333
0.836337
0.843772
0.851627
0.859890
0.868549
0.877592
0.887006
0.896781
0.906903
0.917361
0.928143
0.939237
0.950631
0.962313
0.974271
0.986493
0.998967
1.011680
1.024622
1.037780
1.051141
1.064695
1.078429
1.092331
1.106388
1.120590
1.134924
1.149378
1.163940
1.178598
1.193340
1.208154
1.223028
1.237951
1.252909
1.267892
1.282886
1.297881
1.312864
1.327823
1.342746
1.357621
1.372437
1.387180
1.401840
1.416403
1.430859
1.445195
1.459400
1.473460
1.487364
1.501101
1.514658
1.528023
1.541184
1.554129
1.566847
1.579324
1.591550
1.603512
1.615198
1.626596
1.637695
1.648481
1.658944
1.669071
1.678850
1.688269
1.697317
1.705980
1.714248
1.722108
1.729548
1.736556
1.743120
1.749228
1.754869
1.760030
1.764698
1.768863
1.772512
1.775634
1.778215
1.780245
1.781710
1.782600
1.782902
0.795511
0.795809
0.796696
0.798158
0.800184
0.802761
0.805879
0.809524
0.813685
0.818349
0.823506
0.829142
0.835246
0.841805
0.848809
0.856244
0.864100
0.872363
0.881021
0.890064
0.899479
0.909253
0.919376
0.929834
0.940616
0.951711
0.963105
0.974787
0.986745
0.998967
1.011440
1.024154
1.037096
1.050254
1.063616
1.077170
1.090903
1.104805
1.118863
1.133065
1.147399
1.161853
1.176415
1.191073
1.205815
1.220630
1.235504
1.250427
1.265385
1.280368
1.295362
1.310357
1.325340
1.340299
1.355222
1.370098
1.384913
1.399657
1.414316
1.428880
1.443336
1.457672
1.471877
1.485937
1.499842
1.513578
1.527135
1.540500
1.553661
1.566607
1.579324
1.591802
1.604028
1.615990
1.627676
1.639074
1.650173
1.660959
1.671422
1.681549
1.691328
1.700747
1.709795
1.718458
1.726726
1.734586
1.742026
1.749034
1.755598
1.761707
1.767347
1.772508
1.777177
1.781342
1.784991
1.788112
1.790694
1.792723
1.794189
1.795079
1.795380
0.807730
0.808029
0.808915
0.810377
0.812403
0.814981
0.818098
0.821743
0.825904
0.830569
0.835726
0.841362
0.847466
0.854026
0.861029
0.868465
0.876320
0.884583
0.893242
0.902285
0.911700
0.921475
0.931597
0.942056
0.952838
0.963932
0.975326
0.987008
0.998967
1.011189
1.023663
1.036377
1.049319
1.062476
1.075838
1.089392
1.103126
1.117028
1.131086
1.145288
1.159622
1.174076
1.188639
1.203297
1.218039
1.232853
1.247728
1.262650
1.277609
1.292592
1.307587
1.322582
1.337565
1.352524
1.367447
1.382322
1.397138
1.411882
1.426541
1.441105
1.455561
1.469898
1.484102
1.498162
1.512067
1.525804
1.539361
1.552726
1.565887
1.578832
1.591550
1.604028
1.616254
1.628216
1.639902
1.651300
1.662399
1.673185
1.683648
1.693775
1.703554
1.712974
1.722021
1.730685
1.738952
1.746812
1.754252
1.761261
1.767825
1.773933
1.779574
1.784735
1.789404
1.793569
1.797218
1.800339
1.802920
1.804950
1.806416
1.807305
1.807607
0.819685
0.819984
0.820871
0.822333
0.824359
0.826937
0.830054
0.833699
0.837860
0.842525
0.847682
0.853318
0.859422
0.865982
0.872986
0.880422
0.888277
0.896540
0.905199
0.914242
0.923657
0.933432
0.943555
0.954013
0.964796
0.975890
0.987284
0.998967
1.010925
1.023147
1.035621
1.048335
1.061277
1.074435
1.087797
1.101351
1.115085
1.128987
1.143045
1.157248
1.171582
1.186036
1.200598
1.215257
1.229999
1.244813
1.259688
1.274611
1.289569
1.304552
1.319547
1.334542
1.349525
1.364484
1.379408
1.394283
1.409099
1.423843
1.438502
1.453066
1.467523
1.481859
1.496063
1.510124
1.524029
1.537765
1.551322
1.564688
1.577849
1.590794
1.603512
1.615990
1.628216
1.640178
1.651864
1.663262
1.674361
1.685148
1.695611
1.705738
1.715517
1.724936
1.733984
1.742647
1.750915
1.758775
1.766215
1.773223
1.779788
1.785896
1.791537
1.796697
1.801366
1.805531
1.809181
1.812302
1.814883
1.816913
1.818378
1.819268
1.819570
0.831365
0.831664
0.832551
0.834013
0.836039
0.838617
0.841735
0.845380
0.849541
0.854206
0.859362
0.864999
0.871103
0.877663
0.884667
0.892103
0.899958
0.908222
0.916881
0.925924
0.935339
0.945114
0.955236
0.965695
0.976478
0.987572
0.998967
1.010649
1.022607
1.034829
1.047304
1.060018
1.072960
1.086118
1.099480
1.113034
1.126769
1.140671
1.154729
1.168931
1.183265
1.197720
1.212282
1.226941
1.241683
1.256498
1.271372
1.286295
1.301254
1.316237
1.331232
1.346227
1.361210
1.376169
1.391093
1.405968
1.420784
1.435528
1.450188
1.464752
1.479208
1.493544
1.507749
1.521809
1.535714
1.549451
1.563008
1.576373
1.589535
1.602480
1.615198
1.627676
1.639902
1.651864
1.663550
1.674949
1.686047
1.696834
1.707297
1.717424
1.727203
1.736623
1.745670
1.754334
1.762602
1.770462
1.777902
1.784910
1.791474
1.797583
1.803224
1.808384
1.813053
1.817218
1.820868
1.823989
1.826570
1.828600
1.830065
1.830955
1.831257
0.842757
0.843056
0.843943
0.845405
0.847432
0.850009
0.853127
0.856773
0.860934
0.865599
0.870755
0.876392
0.882496
0.889056
0.896060
0.903496
0.911352
0.919615
0.928275
0.937318
0.946733
0.956508
0.966631
0.977089
0.987872
0.998967
1.010361
1.022044
1.034002
1.046224
1.058699
1.071413
1.084355
1.097513
1.110876
1.124430
1.138164
1.152066
1.166125
1.180327
1.194661
1.209116
1.223678
1.238337
1.253079
1.267894
1.282769
1.297692
1.312650
1.327633
1.342629
1.357624
1.372607
1.387566
1.402490
1.417366
1.432181
1.446925
1.461585
1.476149
1.490606
1.504942
1.519147
1.533207
1.547112
1.560849
1.574406
1.587772
1.600933
1.613879
1.626596
1.639074
1.651300
1.663262
1.674949
1.686347
1.697446
1.708233
1.718696
1.728823
1.738602
1.748021
1.757069
1.765733
1.774001
1.781860
1.789301
1.796309
1.802873
1.808982
1.814623
1.819783
1.824452
1.828617
1.832267
1.835388
1.837969
1.839999
1.841465
1.842354
1.842656
0.853850
0.854149
0.855036
0.856498
0.858524
0.861102
0.864220
0.867866
0.872027
0.876692
0.881849
0.887485
0.893590
0.900150
0.907154
0.914590
0.922446
0.930709
0.939369
0.948412
0.957827
0.967602
0.977725
0.988184
0.998967
1.010061
1.021456
1.033138
1.045097
1.057319
1.069794
1.082508
1.095450
1.108609
1.121971
1.135526
1.149260
1.163162
1.177221
1.191423
1.205758
1.220212
1.234775
1.249433
1.264176
1.278991
1.293865
1.308788
1.323747
1.338730
1.353726
1.368721
1.383704
1.398664
1.413587
1.428463
1.443279
1.458023
1.472683
1.487247
1.501703
1.516040
1.530245
1.544305
1.558210
1.571947
1.585504
1.598870
1.612031
1.624977
1.637695
1.650173
1.662399
1.674361
1.686047
1.697446
1.708545
1.719331
1.729794
1.739922
1.749701
1.759120
1.768168
1.776832
1.785099
1.792960
1.800400
1.807408
1.813972
1.820081
1.825722
1.830883
1.835551
1.839717
1.843366
1.846487
1.849069
1.851098
1.852564
1.853454
1.853755
0.864630
0.864930
0.865816
0.867279
0.869305
0.871883
0.875001
0.878647
0.882808
0.887473
0.892630
0.898267
0.904371
0.910932
0.917936
0.925372
0.933228
0.941491
0.950151
0.959194
0.968609
0.978385
0.988508
0.998967
1.009749
1.020844
1.032239
1.043922
1.055880
1.068103
1.080577
1.093292
1.106234
1.119393
1.132755
1.146309
1.160044
1.173946
1.188005
1.202207
1.216542
1.230996
1.245559
1.260218
1.274961
1.289775
1.304650
1.319573
1.334532
1.349516
1.364511
1.379506
1.394490
1.409449
1.424373
1.439249
1.454065
1.468809
1.483469
1.498033
1.512489
1.526826
1.541031
1.555091
1.568996
1.582734
1.596291
1.609656
1.622818
1.635763
1.648481
1.660959
1.673185
1.685148
1.696834
1.708233
1.719331
1.730118
1.740581
1.750709
1.760488
1.769907
1.778955
1.787619
1.795887
1.803747
1.811187
1.818195
1.824760
1.830868
1.836509
1.841670
1.846339
1.850504
1.854153
1.857274
1.859856
1.861885
1.863351
1.864241
1.864543
0.875088
0.875387
0.876274
0.877736
0.879763
0.882341
0.885459
0.889105
0.893266
0.897931
0.903088
0.908725
0.914829
0.921390
0.928394
0.935830
0.943686
0.951950
0.960609
0.969653
0.979068
0.988843
0.998967
1.009426
1.020209
1.031303
1.042698
1.054381
1.066340
1.078562
1.091037
1.103751
1.116694
1.129853
1.143215
1.156770
1.170504
1.184407
1.198465
1.212668
1.227002
1.241457
1.256020
1.270679
1.285422
1.300236
1.315111
1.330035
1.344994
1.359977
1.374972
1.389968
1.404951
1.419911
1.434835
1.449710
1.464526
1.479271
1.493931
1.508495
1.522952
1.537288
1.551493
1.565554
1.579459
1.593196
1.606753
1.620119
1.633280
1.646226
1.658944
1.671422
1.683648
1.695611
1.707297
1.718696
1.729794
1.740581
1.751044
1.761172
1.770951
1.780370
1.789418
1.798082
1.806350
1.814210
1.821650
1.828658
1.835223
1.841332
1.846972
1.852133
1.856802
1.860967
1.864617
1.867738
1.870319
1.872349
1.873815
1.874704
1.875006
0.885209
0.885508
0.886395
0.887858
0.889885
0.892463
0.895581
0.899226
0.903388
0.908053
0.913210
0.918847
0.924952
0.931512
0.938517
0.945953
0.953809
0.962073
0.970732
0.979776
0.989191
0.998967
1.009090
1.019549
1.030332
1.041427
1.052822
1.064505
1.076463
1.088686
1.101161
1.113875
1.126818
1.139977
1.153339
1.166894
1.180629
1.194531
1.208590
1.222793
1.237127
1.251582
1.266145
1.280804
1.295547
1.310362
1.325237
1.340160
1.355119
1.370102
1.385098
1.400093
1.415077
1.430037
1.444961
1.459836
1.474653
1.489397
1.504057
1.518621
1.533078
1.547415
1.561619
1.575680
1.589585
1.603323
1.616880
1.630246
1.643407
1.656353
1.669071
1.681549
1.693775
1.705738
1.717424
1.728823
1.739922
1.750709
1.761172
1.771299
1.781078
1.790498
1.799545
1.808209
1.816477
1.824337
1.831778
1.838786
1.845350
1.851459
1.857100
1.862261
1.866930
1.871095
1.874744
1.877865
1.880447
1.882477
1.883942
1.884832
1.885134
0.894983
0.895282
0.896169
0.897632
0.899659
0.902237
0.905355
0.909001
0.913162
0.917828
0.922985
0.928622
0.934727
0.941287
0.948291
0.955728
0.963584
0.971848
0.980507
0.989551
0.998967
1.008742
1.018865
1.029324
1.040108
1.051203
1.062598
1.074281
1.086239
1.098462
1.110937
1.123652
1.136594
1.149753
1.163116
1.176671
1.190405
1.204308
1.218367
1.232570
1.246904
1.261359
1.275922
1.290581
1.305324
1.320139
1.335014
1.349938
1.364897
1.379880
1.394876
1.409871
1.424855
1.439815
1.454739
1.469615
1.484431
1.499175
1.513835
1.528400
1.542856
1.557193
1.571398
1.585459
1.599364
1.613101
1.626659
1.640024
1.653186
1.666132
1.678850
1.691328
1.703554
1.715517
1.727203
1.738602
1.749701
1.760488
1.770951
1.781078
1.790858
1.800277
1.809325
1.817989
1.826257
1.834117
1.841557
1.848566
1.855130
1.861239
1.866879
1.872040
1.876709
1.880875
1.884524
1.887645
1.890227
1.892256
1.893722
1.894612
1.894914
0.904397
0.904697
0.905584
0.907047
0.909073
0.911651
0.914770
0.918415
0.922577
0.927242
0.932400
0.938037
0.944141
0.950702
0.957707
0.965143
0.972999
0.981263
0.989923
0.998967
1.008382
1.018158
1.028281
1.038740
1.049524
1.060619
1.072014
1.083697
1.095656
1.107879
1.120353
1.133068
1.146011
1.159170
1.172533
1.186087
1.199822
1.213725
1.227784
1.241987
1.256322
1.270777
1.285340
1.299999
1.314742
1.329557
1.344432
1.359355
1.374315
1.389298
1.404294
1.419289
1.434273
1.449233
1.464157
1.479033
1.493849
1.508594
1.523254
1.537818
1.552275
1.566612
1.580817
1.594878
1.608783
1.622520
1.636078
1.649443
1.662605
1.675551
1.688269
1.700747
1.712974
1.724936
1.736623
1.748021
1.759120
1.769907
1.780370
1.790498
1.800277
1.809697
1.818745
1.827408
1.835676
1.843537
1.850977
1.857985
1.864550
1.870658
1.876299
1.881460
1.886129
1.890294
1.893944
1.897065
1.899646
1.901676
1.903142
1.904032
1.904334
0.913440
0.913739
0.914626
0.916089
0.918116
0.920694
0.923812
0.927458
0.931620
0.936286
0.941443
0.947080
0.953185
0.959745
0.966750
0.974186
0.982043
0.990307
0.998967
1.008010
1.017426
1.027202
1.037325
1.047784
1.058568
1.069663
1.081058
1.092741
1.104700
1.116923
1.129398
1.142113
1.155056
1.168215
1.181578
1.195133
1.208867
1.222770
1.236829
1.251032
1.265367
1.279822
1.294385
1.309044
1.323787
1.338603
1.353478
1.368401
1.383361
1.398344
1.413340
1.428336
1.443320
1.458279
1.473203
1.488080
1.502896
1.517640
1.532301
1.546865
1.561322
1.575659
1.589864
1.603925
1.617830
1.631568
1.645125
1.658491
1.671653
1.684598
1.697317
1.709795
1.722021
1.733984
1.745670
1.757069
1.768168
1.778955
1.789418
1.799545
1.809325
1.818745
1.827792
1.836456
1.844724
1.852584
1.860025
1.867033
1.873598
1.879706
1.885347
1.890508
1.895177
1.899342
1.902992
1.906113
1.908694
1.910724
1.912190
1.913080
1.913381
0.922099
0.922398
0.923285
0.924748
0.926775
0.929353
0.932472
0.936118
0.940279
0.944945
0.950102
0.955739
0.961844
0.968405
0.975410
0.982846
0.990702
0.998967
1.007627
1.016670
1.026086
1.035862
1.045985
1.056445
1.067228
1.078323
1.089719
1.101402
1.113361
1.125584
1.138059
1.150774
1.163717
1.176876
1.190239
1.203794
1.217529
1.231432
1.245491
1.259694
1.274029
1.288484
1.303047
1.317706
1.332450
1.347265
1.362140
1.377064
1.392023
1.407007
1.422002
1.436998
1.451982
1.466942
1.481866
1.496742
1.511559
1.526303
1.540964
1.555528
1.569985
1.584322
1.598527
1.612588
1.626493
1.640231
1.653788
1.667154
1.680316
1.693262
1.705980
1.718458
1.730685
1.742647
1.754334
1.765733
1.776832
1.787619
1.798082
1.808209
1.817989
1.827408
1.836456
1.845120
1.853388
1.861248
1.868689
1.875697
1.882262
1.888370
1.894011
1.899172
1.903841
1.908006
1.911656
1.914777
1.917359
1.919388
1.920854
1.921744
1.922046
0.930362
0.930661
0.931549
0.933012
0.935038
0.937617
0.940735
0.944381
0.948543
0.953209
0.958366
0.964003
0.970108
0.976669
0.983674
0.991110
0.998967
1.007231
1.015891
1.024935
1.034351
1.044126
1.054250
1.064709
1.075493
1.086588
1.097984
1.109667
1.121626
1.133849
1.146324
1.159039
1.171982
1.185141
1.198504
1.212059
1.225794
1.239698
1.253757
1.267960
1.282295
1.296750
1.311313
1.325972
1.340716
1.355531
1.370407
1.385330
1.400290
1.415273
1.430269
1.445265
1.460249
1.475209
1.490133
1.505009
1.519826
1.534570
1.549231
1.563795
1.578252
1.592589
1.606794
1.620856
1.634761
1.648498
1.662056
1.675422
1.688584
1.701530
1.714248
1.726726
1.738952
1.750915
1.762602
1.774001
1.785099
1.795887
1.806350
1.816477
1.826257
1.835676
1.844724
1.853388
1.861656
1.869516
1.876957
1.883965
1.890530
1.896638
1.902279
1.907440
1.912109
1.916274
1.919924
1.923045
1.925627
1.927656
1.929122
1.930012
1.930314
0.938217
0.938517
0.939404
0.940867
0.942894
0.945473
0.948591
0.952237
0.956399
0.961065
0.966222
0.971859
0.977964
0.984525
0.991530
0.998967
1.006823
1.015087
1.023747
1.032791
1.042207
1.051983
1.062107
1.072566
1.083350
1.094445
1.105841
1.117524
1.129483
1.141706
1.154182
1.166897
1.179840
1.192999
1.206362
1.219917
1.233652
1.247555
1.261615
1.275818
1.290153
1.304608
1.319171
1.333831
1.348574
1.363390
1.378265
1.393189
1.408148
1.423132
1.438128
1.453124
1.468108
1.483068
1.497992
1.512868
1.527685
1.542429
1.557090
1.571655
1.586112
1.600449
1.614654
1.628715
1.642620
1.656358
1.669916
1.683281
1.696443
1.709389
1.722108
1.734586
1.746812
1.758775
1.770462
1.781860
1.792960
1.803747
1.814210
1.824337
1.834117
1.843537
1.852584
1.861248
1.869516
1.877377
1.884817
1.891825
1.898390
1.904499
1.910140
1.915301
1.919970
1.924135
1.927784
1.930905
1.933487
1.935517
1.936982
1.937872
1.938174
0.945653
0.945953
0.946840
0.948303
0.950330
0.952909
0.956027
0.959673
0.963835
0.968501
0.973658
0.979296
0.985401
0.991962
0.998967
1.006403
1.014260
1.022524
1.031184
1.040228
1.049644
1.059420
1.069544
1.080004
1.090787
1.101883
1.113278
1.124961
1.136921
1.149144
1.161619
1.174335
1.187278
1.200437
1.213800
1.227355
1.241090
1.254994
1.269053
1.283256
1.297591
1.312047
1.326610
1.341269
1.356013
1.370828
1.385704
1.400628
1.415587
1.430571
1.445567
1.460563
1.475547
1.490507
1.505431
1.520308
1.535124
1.549869
1.564530
1.579094
1.593551
1.607888
1.622093
1.636155
1.650060
1.663798
1.677355
1.690721
1.703883
1.716829
1.729548
1.742026
1.754252
1.766215
1.777902
1.789301
1.800400
1.811187
1.821650
1.831778
1.841557
1.850977
1.860025
1.868689
1.876957
1.884817
1.892257
1.899266
1.905830
1.911939
1.917580
1.922741
1.927410
1.931575
1.935224
1.938346
1.940927
1.942957
1.944423
1.945313
1.945614
0.952657
0.952957
0.953844
0.955308
0.957334
0.959913
0.963031
0.966678
0.970840
0.975505
0.980663
0.986300
0.992406
0.998967
1.005971
1.013408
1.021265
1.029529
1.038189
1.047233
1.056650
1.066425
1.076549
1.087009
1.097793
1.108888
1.120284
1.131967
1.143927
1.156150
1.168625
1.181341
1.194284
1.207443
1.220806
1.234361
1.248097
1.262000
1.276059
1.290263
1.304598
1.319053
1.333617
1.348276
1.363020
1.377835
1.392711
1.407635
1.422594
1.437578
1.452574
1.467570
1.482554
1.497515
1.512439
1.527315
1.542132
1.556876
1.571537
1.586102
1.600559
1.614896
1.629101
1.643163
1.657068
1.670806
1.684363
1.697729
1.710891
1.723837
1.736556
1.749034
1.761261
1.773223
1.784910
1.796309
1.807408
1.818195
1.828658
1.838786
1.848566
1.857985
1.867033
1.875697
1.883965
1.891825
1.899266
1.906274
1.912839
1.918948
1.924588
1.929749
1.934419
1.938584
1.942233
1.945354
1.947936
1.949966
1.951431
1.952321
1.952623
0.959218
0.959518
0.960405
0.961868
0.963895
0.966474
0.969592
0.973238
0.977400
0.982066
0.987224
0.992861
0.998967
1.005528
1.012533
1.019969
1.027826
1.036090
1.044751
1.053795
1.063211
1.072987
1.083111
1.093571
1.104354
1.115450
1.126846
1.138529
1.150489
1.162712
1.175187
1.187903
1.200846
1.214005
1.227369
1.240924
1.254659
1.268563
1.282622
1.296825
1.311161
1.325616
1.340180
1.354839
1.369583
1.384398
1.399274
1.414198
1.429158
1.444142
1.459138
1.474134
1.489118
1.504078
1.519002
1.533879
1.548695
1.563440
1.578101
1.592666
1.607123
1.621460
1.635665
1.649727
1.663632
1.677370
1.690928
1.704293
1.717455
1.730402
1.743120
1.755598
1.767825
1.779788
1.791474
1.802873
1.813972
1.824760
1.835223
1.845350
1.855130
1.864550
1.873598
1.882262
1.890530
1.898390
1.905830
1.912839
1.919404
1.925512
1.931153
1.936314
1.940983
1.945148
1.948798
1.951919
1.954501
1.956530
1.957996
1.958886
1.959188
0.965323
0.965622
0.966510
0.967973
0.970000
0.972579
0.975697
0.979343
0.983506
0.988171
0.993329
0.998967
1.005072
1.011633
1.018638
1.026075
1.033931
1.042196
1.050856
1.059901
1.069317
1.079093
1.089217
1.099677
1.110460
1.121556
1.132952
1.144635
1.156595
1.168818
1.181294
1.194009
1.206953
1.220112
1.233475
1.247031
1.260766
1.274669
1.288729
1.302932
1.317268
1.331723
1.346287
1.360946
1.375690
1.390506
1.405381
1.420305
1.435265
1.450249
1.465245
1.480241
1.495225
1.510186
1.525110
1.539987
1.554803
1.569548
1.584209
1.598774
1.613231
1.627568
1.641773
1.655835
1.669740
1.683478
1.697036
1.710402
1.723564
1.736510
1.749228
1.761707
1.773933
1.785896
1.797583
1.808982
1.820081
1.830868
1.841332
1.851459
1.861239
1.870658
1.879706
1.888370
1.896638
1.904499
1.911939
1.918948
1.925512
1.931621
1.937262
1.942423
1.947092
1.951257
1.954906
1.958028
1.960609
1.962639
1.964105
1.964994
1.965296
0.970960
0.971259
0.972147
0.973610
0.975637
0.978216
0.981335
0.984981
0.989143
0.993809
0.998967
1.004604
1.010709
1.017271
1.024276
1.031712
1.039569
1.047834
1.056494
1.065539
1.074955
1.084731
1.094855
1.105315
1.116099
1.127194
1.138590
1.150274
1.162233
1.174457
1.186932
1.199648
1.212591
1.225751
1.239114
1.252670
1.266405
1.280308
1.294368
1.308571
1.322907
1.337362
1.351926
1.366586
1.381329
1.396145
1.411021
1.425945
1.440905
1.455889
1.470885
1.485881
1.500865
1.515826
1.530750
1.545627
1.560443
1.575188
1.589849
1.604414
1.618871
1.633208
1.647414
1.661475
1.675381
1.689118
1.702676
1.716042
1.729204
1.742151
1.754869
1.767347
1.779574
1.791537
1.803224
1.814623
1.825722
1.836509
1.846972
1.857100
1.866879
1.876299
1.885347
1.894011
1.902279
1.910140
1.917580
1.924588
1.931153
1.937262
1.942903
1.948064
1.952733
1.956898
1.960547
1.963669
1.966250
1.968280
1.969745
1.970635
1.970937
0.976117
0.976417
0.977304
0.978768
0.980795
0.983374
0.986492
0.990138
0.994301
0.998967
1.004124
1.009762
1.015867
1.022428
1.029434
1.036870
1.044727
1.052992
1.061652
1.070697
1.080113
1.089889
1.100013
1.110473
1.121257
1.132353
1.143749
1.155432
1.167392
1.179616
1.192091
1.204807
1.217750
1.230910
1.244273
1.257829
1.271564
1.285468
1.299527
1.313731
1.328066
1.342522
1.357086
1.371745
1.386489
1.401305
1.416181
1.431105
1.446065
1.461049
1.476045
1.491041
1.506025
1.520986
1.535910
1.550787
1.565604
1.580348
1.595009
1.609574
1.624032
1.638369
1.652574
1.666636
1.680541
1.694279
1.707837
1.721203
1.734365
1.747311
1.760030
1.772508
1.784735
1.796697
1.808384
1.819783
1.830883
1.841670
1.852133
1.862261
1.872040
1.881460
1.890508
1.899172
1.907440
1.915301
1.922741
1.929749
1.936314
1.942423
1.948064
1.953225
1.957894
1.962059
1.965708
1.968830
1.971411
1.973441
1.974906
1.975796
1.976098
0.980783
0.981083
0.981970
0.983434
0.985461
0.988039
0.991158
0.994804
0.998967
1.003633
1.008790
1.014428
1.020533
1.027095
1.034100
1.041537
1.049393
1.057658
1.066319
1.075363
1.084779
1.094556
1.104680
1.115140
1.125924
1.137020
1.148415
1.160099
1.172059
1.184283
1.196758
1.209474
1.222417
1.235577
1.248940
1.262496
1.276231
1.290135
1.304195
1.318398
1.332734
1.347190
1.361753
1.376413
1.391157
1.405973
1.420849
1.435772
1.450733
1.465717
1.480713
1.495709
1.510694
1.525654
1.540579
1.555455
1.570272
1.585017
1.599678
1.614243
1.628700
1.643037
1.657243
1.671304
1.685210
1.698948
1.712506
1.725872
1.739034
1.751980
1.764698
1.777177
1.789404
1.801366
1.813053
1.824452
1.835551
1.846339
1.856802
1.866930
1.876709
1.886129
1.895177
1.903841
1.912109
1.919970
1.927410
1.934419
1.940983
1.947092
1.952733
1.957894
1.962563
1.966728
1.970377
1.973499
1.976080
1.978110
1.979575
1.980465
1.980767
0.984945
0.985245
0.986132
0.987596
0.989623
0.992202
0.995320
0.998967
1.003129
1.007795
1.012953
1.018590
1.024696
1.031257
1.038262
1.045699
1.053556
1.061821
1.070481
1.079526
1.088942
1.098718
1.108843
1.119303
1.130087
1.141183
1.152578
1.164262
1.176222
1.188446
1.200921
1.213637
1.226581
1.239740
1.253104
1.266659
1.280395
1.294299
1.308358
1.322562
1.336898
1.351353
1.365917
1.380577
1.395321
1.410137
1.425013
1.439937
1.454897
1.469881
1.484877
1.499873
1.514858
1.529818
1.544743
1.559620
1.574436
1.589181
1.603842
1.618407
1.632865
1.647202
1.661407
1.675469
1.689375
1.703113
1.716670
1.730037
1.743199
1.756145
1.768863
1.781342
1.793569
1.805531
1.817218
1.828617
1.839717
1.850504
1.860967
1.871095
1.880875
1.890294
1.899342
1.908006
1.916274
1.924135
1.931575
1.938584
1.945148
1.951257
1.956898
1.962059
1.966728
1.970893
1.974543
1.977664
1.980245
1.982275
1.983741
1.984630
1.984932
0.988591
0.988891
0.989779
0.991242
0.993269
0.995848
0.998967
1.002613
1.006775
1.011441
1.016599
1.022237
1.028342
1.034904
1.041909
1.049346
1.057203
1.065468
1.074128
1.083173
1.092589
1.102365
1.112490
1.122950
1.133734
1.144830
1.156226
1.167910
1.179869
1.192093
1.204569
1.217285
1.230228
1.243388
1.256752
1.270307
1.284043
1.297946
1.312006
1.326210
1.340546
1.355001
1.369565
1.384225
1.398969
1.413785
1.428661
1.443585
1.458545
1.473529
1.488526
1.503522
1.518506
1.533467
1.548392
1.563268
1.578085
1.592830
1.607491
1.622056
1.636514
1.650851
1.665056
1.679118
1.693024
1.706762
1.720319
1.733686
1.746848
1.759794
1.772512
1.784991
1.797218
1.809181
1.820868
1.832267
1.843366
1.854153
1.864617
1.874744
1.884524
1.893944
1.902992
1.911656
1.919924
1.927784
1.935224
1.942233
1.948798
1.954906
1.960547
1.965708
1.970377
1.974543
1.978192
1.981313
1.983895
1.985924
1.987390
1.988280
1.988581
0.991710
0.992010
0.992897
0.994361
0.996388
0.998967
1.002085
1.005732
1.009894
1.014560
1.019718
1.025356
1.031461
1.038023
1.045028
1.052465
1.060322
1.068587
1.077247
1.086292
1.095708
1.105485
1.115609
1.126069
1.136853
1.147949
1.159345
1.171029
1.182989
1.195213
1.207688
1.220404
1.233348
1.246508
1.259871
1.273427
1.287163
1.301066
1.315126
1.329330
1.343666
1.358122
1.372685
1.387345
1.402089
1.416905
1.431781
1.446705
1.461666
1.476650
1.491646
1.506643
1.521627
1.536588
1.551512
1.566389
1.581206
1.595951
1.610612
1.625177
1.639634
1.653972
1.668177
1.682239
1.696145
1.709883
1.723441
1.736807
1.749969
1.762915
1.775634
1.788112
1.800339
1.812302
1.823989
1.835388
1.846487
1.857274
1.867738
1.877865
1.887645
1.897065
1.906113
1.914777
1.923045
1.930905
1.938346
1.945354
1.951919
1.958028
1.963669
1.968830
1.973499
1.977664
1.981313
1.984435
1.987016
1.989046
1.990511
1.991401
1.991703
0.994289
0.994588
0.995476
0.996939
0.998967
1.001545
1.004664
1.008311
1.012473
1.017139
1.022297
1.027935
1.034040
1.040602
1.047607
1.055044
1.062901
1.071166
1.079827
1.088871
1.098288
1.108064
1.118188
1.128649
1.139433
1.150529
1.161925
1.173609
1.185569
1.197793
1.210268
1.222984
1.235928
1.249088
1.262451
1.276007
1.289743
1.303647
1.317706
1.331910
1.346246
1.360702
1.375266
1.389926
1.404670
1.419486
1.434362
1.449286
1.464246
1.479231
1.494227
1.509223
1.524208
1.539169
1.554093
1.568970
1.583787
1.598532
1.613193
1.627758
1.642216
1.656553
1.670759
1.684820
1.698726
1.712464
1.726022
1.739388
1.752550
1.765497
1.778215
1.790694
1.802920
1.814883
1.826570
1.837969
1.849069
1.859856
1.870319
1.880447
1.890227
1.899646
1.908694
1.917359
1.925627
1.933487
1.940927
1.947936
1.954501
1.960609
1.966250
1.971411
1.976080
1.980245
1.983895
1.987016
1.989597
1.991627
1.993093
1.993982
1.994284
0.996316
0.996616
0.997503
0.998967
1.000994
1.003573
1.006691
1.010338
1.014500
1.019166
1.024324
1.029962
1.036068
1.042629
1.049634
1.057072
1.064929
1.073193
1.081854
1.090899
1.100315
1.110092
1.120216
1.130676
1.141461
1.152557
1.163953
1.175637
1.187597
1.199821
1.212296
1.225012
1.237956
1.251116
1.264480
1.278035
1.291771
1.305675
1.319735
1.333939
1.348275
1.362730
1.377294
1.391954
1.406698
1.421514
1.436391
1.451315
1.466275
1.481259
1.496256
1.511252
1.526237
1.541198
1.556122
1.570999
1.585816
1.600561
1.615222
1.629788
1.644245
1.658582
1.672788
1.686850
1.700755
1.714493
1.728051
1.741417
1.754580
1.767526
1.780245
1.792723
1.804950
1.816913
1.828600
1.839999
1.851098
1.861885
1.872349
1.882477
1.892256
1.901676
1.910724
1.919388
1.927656
1.935517
1.942957
1.949966
1.956530
1.962639
1.968280
1.973441
1.978110
1.982275
1.985924
1.989046
1.991627
1.993657
1.995122
1.996012
1.996314
0.997779
0.998079
0.998967
1.000430
1.002457
1.005036
1.008155
1.011801
1.015964
1.020630
1.025788
1.031426
1.037531
1.044093
1.051098
1.058535
1.066392
1.074657
1.083318
1.092363
1.101779
1.111556
1.121680
1.132140
1.142925
1.154021
1.165417
1.177101
1.189061
1.201285
1.213761
1.226477
1.239420
1.252580
1.265944
1.279500
1.293236
1.307140
1.321199
1.335403
1.349739
1.364195
1.378759
1.393419
1.408163
1.422979
1.437856
1.452780
1.467740
1.482724
1.497721
1.512717
1.527702
1.542663
1.557588
1.572464
1.587281
1.602026
1.616688
1.631253
1.645710
1.660048
1.674253
1.688315
1.702221
1.715959
1.729517
1.742883
1.756045
1.768992
1.781710
1.794189
1.806416
1.818378
1.830065
1.841465
1.852564
1.863351
1.873815
1.883942
1.893722
1.903142
1.912190
1.920854
1.929122
1.936982
1.944423
1.951431
1.957996
1.964105
1.969745
1.974906
1.979575
1.983741
1.987390
1.990511
1.993093
1.995122
1.996588
1.997478
1.997779
0.998667
0.998967
0.999854
1.001318
1.003345
1.005924
1.009043
1.012689
1.016851
1.021518
1.026676
1.032313
1.038419
1.044981
1.051986
1.059423
1.067280
1.075545
1.084206
1.093251
1.102667
1.112444
1.122568
1.133029
1.143813
1.154909
1.166305
1.177989
1.189949
1.202173
1.214649
1.227365
1.240309
1.253469
1.266833
1.280389
1.294124
1.308028
1.322088
1.336292
1.350628
1.365084
1.379648
1.394308
1.409052
1.423868
1.438745
1.453669
1.468629
1.483614
1.498610
1.513607
1.528591
1.543552
1.558477
1.573354
1.588171
1.602916
1.617577
1.632142
1.646600
1.660937
1.675143
1.689205
1.703110
1.716848
1.730406
1.743773
1.756935
1.769881
1.782600
1.795079
1.807305
1.819268
1.830955
1.842354
1.853454
1.864241
1.874704
1.884832
1.894612
1.904032
1.913080
1.921744
1.930012
1.937872
1.945313
1.952321
1.958886
1.964994
1.970635
1.975796
1.980465
1.984630
1.988280
1.991401
1.993982
1.996012
1.997478
1.998367
1.998669
0.998967
0.999266
1.000154
1.001618
1.003645
1.006224
1.009342
1.012989
1.017151
1.021818
1.026976
1.032613
1.038719
1.045281
1.052286
1.059723
1.067580
1.075845
1.084506
1.093551
1.102968
1.112744
1.122869
1.133329
1.144113
1.155209
1.166606
1.178290
1.190250
1.202474
1.214950
1.227666
1.240610
1.253770
1.267133
1.280689
1.294425
1.308329
1.322389
1.336593
1.350929
1.365385
1.379949
1.394609
1.409353
1.424170
1.439046
1.453970
1.468931
1.483915
1.498911
1.513908
1.528893
1.543853
1.558778
1.573655
1.588472
1.603217
1.617879
1.632444
1.646901
1.661239
1.675445
1.689506
1.703412
1.717150
1.730708
1.744074
1.757237
1.770183
1.782902
1.795380
1.807607
1.819570
1.831257
1.842656
1.853755
1.864543
1.875006
1.885134
1.894914
1.904334
1.913381
1.922046
1.930314
1.938174
1.945614
1.952623
1.959188
1.965296
1.970937
1.976098
1.980767
1.984932
1.988581
1.991703
1.994284
1.996314
1.997779
1.998669
1.998971