100 100
0.000000
0.000026
0.000102
0.000230
0.000408
0.000638
0.000918
0.001250
0.001632
0.002066
0.002551
0.003086
0.003673
0.004311
0.004999
0.005739
0.006530
0.007372
0.008264
0.009208
0.010203
0.011249
0.012346
0.013494
0.014692
0.015942
0.017243
0.018595
0.019998
0.021452
0.022957
0.024513
0.026120
0.027778
0.029487
0.031247
0.033058
0.034920
0.036833
0.038797
0.040812
0.042878
0.044995
0.047164
0.049383
0.051653
0.053974
0.056346
0.058770
0.061244
0.063769
0.066345
0.068973
0.071651
0.074380
0.077160
0.079992
0.082874
0.085808
0.088792
0.091827
0.094914
0.098051
0.101240
0.104479
0.107770
0.111111
0.114504
0.117947
0.121442
0.124987
0.128584
0.132231
0.135930
0.139680
0.143480
0.147332
0.151235
0.155188
0.159193
0.163249
0.167355
0.171513
0.175722
0.179982
0.184292
0.188654
0.193067
0.197531
0.202046
0.206612
0.211228
0.215896
0.220615
0.225385
0.230206
0.235078
0.240001
0.244975
0.250000
0.000026
-0.002086
-0.003598
-0.004732
-0.005592
-0.006236
-0.006698
-0.007003
-0.007167
-0.007203
-0.007121
-0.006929
-0.006633
-0.006239
-0.005752
-0.005175
-0.004512
-0.003765
-0.002938
-0.002033
-0.001051
0.000005
0.001133
0.002332
0.003601
0.004939
0.006343
0.007813
0.009348
0.010947
0.012608
0.014332
0.016118
0.017963
0.019869
0.021834
0.023857
0.025938
0.028077
0.030272
0.032524
0.034831
0.037193
0.039610
0.042082
0.044607
0.047185
0.049817
0.052501
0.055237
0.058024
0.060863
0.063754
0.066694
0.069685
0.072726
0.075816
0.078955
0.082143
0.085380
0.088665
0.091997
0.095377
0.098804
0.102278
0.105798
0.109364
0.112976
0.116633
0.120335
0.124082
0.127874
0.131709
0.135588
0.139510
0.143475
0.147483
0.151532
0.155623
0.159756
0.163929
0.168143
0.172397
0.176690
0.181022
0.185393
0.189801
0.194247
0.198729
0.203247
0.207800
0.212386
0.217006
0.221656
0.226336
0.231044
0.235774
0.240523
0.245280
0.250026
0.000102
-0.003598
-0.006489
-0.008792
-0.010646
-0.012140
-0.013334
-0.014270
-0.014981
-0.015489
-0.015814
-0.015971
-0.015974
-0.015832
-0.015554
-0.015149
-0.014622
-0.013981
-0.013229
-0.012373
-0.011415
-0.010360
-0.009211
-0.007971
-0.006643
-0.005229
-0.003733
-0.002156
-0.000501
0.001232
0.003039
0.004919
0.006871
0.008893
0.010984
0.013141
0.015365
0.017654
0.020006
0.022421
0.024897
0.027433
0.030029
0.032683
0.035395
0.038163
0.040987
0.043865
0.046798
0.049784
0.052822
0.055912
0.059053
0.062244
0.065484
0.068773
0.072110
0.075495
0.078926
0.082402
0.085924
0.089491
0.093101
0.096755
0.100450
0.104188
0.107967
0.111786
0.115645
0.119543
0.123480
0.127454
0.131465
0.135512
0.139594
0.143712
0.147863
0.152048
0.156265
0.160513
0.164792
0.169101
0.173439
0.177805
0.182198
0.186616
0.191060
0.195526
0.200015
0.204525
0.209053
0.213598
0.218158
0.222730
0.227310
0.231895
0.236477
0.241049
0.245598
0.250102
0.000230
-0.004732
-0.008792
-0.012139
-0.014910
-0.017207
-0.019102
-0.020651
-0.021896
-0.022870
-0.023599
-0.024106
-0.024408
-0.024521
-0.024458
-0.024230
-0.023846
-0.023317
-0.022649
-0.021849
-0.020924
-0.019878
-0.018718
-0.017447
-0.016069
-0.014590
-0.013012
-0.011338
-0.009572
-0.007717
-0.005775
-0.003749
-0.001642
0.000546
0.002810
0.005150
0.007563
0.010048
0.012603
0.015225
0.017914
0.020669
0.023486
0.026366
0.029306
0.032306
0.035364
0.038478
0.041648
0.044872
0.048149
0.051479
0.054859
0.058288
0.061767
0.065292
0.068865
0.072482
0.076144
0.079849
0.083597
0.087386
0.091215
0.095083
0.098989
0.102933
0.106913
0.110928
0.114977
0.119059
0.123173
0.127318
0.131493
0.135697
0.139928
0.144187
0.148470
0.152778
0.157109
0.161462
0.165835
0.170228
0.174639
0.179066
0.183508
0.187963
0.192430
0.196907
0.201392
0.205882
0.210376
0.214869
0.219360
0.223844
0.228317
0.232772
0.237203
0.241599
0.245947
0.250230
0.000408
-0.005592
-0.010646
-0.014910
-0.018511
-0.021550
-0.024104
-0.026235
-0.027994
-0.029419
-0.030543
-0.031393
-0.031992
-0.032359
-0.032512
-0.032464
-0.032228
-0.031815
-0.031236
-0.030499
-0.029613
-0.028584
-0.027420
-0.026126
-0.024708
-0.023171
-0.021520
-0.019759
-0.017892
-0.015924
-0.013857
-0.011696
-0.009442
-0.007100
-0.004672
-0.002161
0.000431
0.003102
0.005848
0.008668
0.011560
0.014521
0.017550
0.020644
0.023802
0.027022
0.030303
0.033642
0.037037
0.040489
0.043994
0.047551
0.051159
0.054816
0.058521
0.062272
0.066068
0.069908
0.073789
0.077712
0.081674
0.085673
0.089710
0.093781
0.097887
0.102025
0.106195
0.110394
0.114622
0.118877
0.123157
0.127462
0.131790
0.136139
0.140508
0.144896
0.149300
0.153720
0.158154
0.162601
0.167057
0.171523
0.175995
0.180473
0.184953
0.189435
0.193915
0.198392
0.202862
0.207323
0.211772
0.216205
0.220619
0.225007
0.229366
0.233687
0.237964
0.242185
0.246338
0.250408
0.000638
-0.006236
-0.012140
-0.017207
-0.021550
-0.025263
-0.028427
-0.031105
-0.033349
-0.035205
-0.036710
-0.037893
-0.038782
-0.039399
-0.039765
-0.039896
-0.039808
-0.039515
-0.039028
-0.038359
-0.037516
-0.036510
-0.035349
-0.034039
-0.032587
-0.031000
-0.029284
-0.027445
-0.025486
-0.023413
-0.021230
-0.018942
-0.016553
-0.014065
-0.011483
-0.008810
-0.006049
-0.003203
-0.000275
0.002732
0.005816
0.008973
0.012203
0.015501
0.018866
0.022296
0.025789
0.029342
0.032953
0.036620
0.040342
0.044117
0.047941
0.051815
0.055736
0.059701
0.063710
0.067761
0.071851
0.075980
0.080145
0.084345
0.088578
0.092842
0.097136
0.101457
0.105805
0.110178
0.114573
0.118990
0.123426
0.127880
0.132349
0.136833
0.141329
0.145835
0.150350
0.154872
0.159398
0.163927
0.168456
0.172984
0.177507
0.182025
0.186534
0.191031
0.195515
0.199982
0.204428
0.208851
0.213247
0.217611
0.221939
0.226225
0.230464
0.234647
0.238767
0.242814
0.246775
0.250638
0.000918
-0.006698
-0.013334
-0.019102
-0.024104
-0.028427
-0.032148
-0.035331
-0.038030
-0.040293
-0.042158
-0.043660
-0.044829
-0.045689
-0.046263
-0.046570
-0.046630
-0.046456
-0.046063
-0.045463
-0.044669
-0.043690
-0.042535
-0.041215
-0.039736
-0.038106
-0.036332
-0.034420
-0.032377
-0.030208
-0.027918
-0.025511
-0.022994
-0.020370
-0.017643
-0.014817
-0.011897
-0.008885
-0.005785
-0.002600
0.000666
0.004010
0.007430
0.010922
0.014485
0.018114
0.021808
0.025565
0.029381
0.033254
0.037183
0.041164
0.045195
0.049275
0.053400
0.057570
0.061781
0.066032
0.070321
0.074645
0.079002
0.083391
0.087810
0.092256
0.096727
0.101222
0.105738
0.110273
0.114825
0.119393
0.123974
0.128566
0.133167
0.137774
0.142386
0.147001
0.151616
0.156228
0.160836
0.165438
0.170029
0.174609
0.179174
0.183722
0.188249
0.192753
0.197231
0.201678
0.206092
0.210468
0.214802
0.219089
0.223325
0.227503
0.231616
0.235658
0.239619
0.243490
0.247261
0.250918
0.001250
-0.007003
-0.014270
-0.020651
-0.026235
-0.031105
-0.035331
-0.038976
-0.042097
-0.044739
-0.046944
-0.048748
-0.050182
-0.051275
-0.052050
-0.052529
-0.052732
-0.052676
-0.052376
-0.051848
-0.051103
-0.050154
-0.049011
-0.047684
-0.046182
-0.044515
-0.042689
-0.040712
-0.038591
-0.036332
-0.033941
-0.031425
-0.028788
-0.026035
-0.023172
-0.020202
-0.017131
-0.013962
-0.010699
-0.007346
-0.003908
-0.000386
0.003215
0.006892
0.010641
0.014461
0.018347
0.022297
0.026308
0.030377
0.034502
0.038679
0.042907
0.047183
0.051503
0.055866
0.060270
0.064711
0.069187
0.073696
0.078236
0.082804
0.087398
0.092015
0.096654
0.101311
0.105985
0.110672
0.115371
0.120080
0.124795
0.129515
0.134237
0.138958
0.143677
0.148389
0.153094
0.157788
0.162468
0.167131
0.171775
0.176398
0.180994
0.185563
0.190099
0.194600
0.199063
0.203482
0.207855
0.212176
0.216441
0.220645
0.224782
0.228845
0.232829
0.236725
0.240524
0.244219
0.247798
0.251250
0.001632
-0.007167
-0.014981
-0.021896
-0.027994
-0.033349
-0.038030
-0.042097
-0.045602
-0.048595
-0.051116
-0.053203
-0.054888
-0.056201
-0.057168
-0.057812
-0.058153
-0.058212
-0.058004
-0.057546
-0.056851
-0.055933
-0.054804
-0.053474
-0.051954
-0.050253
-0.048380
-0.046343
-0.044150
-0.041808
-0.039324
-0.036705
-0.033955
-0.031082
-0.028090
-0.024984
-0.021770
-0.018452
-0.015035
-0.011523
-0.007920
-0.004230
-0.000458
0.003394
0.007322
0.011322
0.015391
0.019525
0.023721
0.027977
0.032288
0.036652
0.041067
0.045528
0.050033
0.054580
0.059166
0.063787
0.068441
0.073126
0.077838
0.082575
0.087334
0.092113
0.096908
0.101718
0.106539
0.111369
0.116205
0.121044
0.125885
0.130722
0.135555
0.140381
0.145195
0.149996
0.154781
0.159546
0.164288
0.169005
0.173692
0.178347
0.182967
0.187547
0.192083
0.196573
0.201012
0.205395
0.209719
0.213977
0.218166
0.222279
0.226311
0.230255
0.234104
0.237850
0.241486
0.245001
0.248387
0.251632
0.002066
-0.007203
-0.015489
-0.022870
-0.029419
-0.035205
-0.040293
-0.044739
-0.048595
-0.051908
-0.054721
-0.057070
-0.058989
-0.060509
-0.061657
-0.062457
-0.062930
-0.063099
-0.062980
-0.062590
-0.061945
-0.061059
-0.059944
-0.058613
-0.057077
-0.055347
-0.053431
-0.051339
-0.049080
-0.046660
-0.044089
-0.041372
-0.038517
-0.035530
-0.032416
-0.029182
-0.025833
-0.022375
-0.018811
-0.015148
-0.011389
-0.007540
-0.003603
0.000415
0.004512
0.008683
0.012925
0.017235
0.021607
0.026039
0.030528
0.035070
0.039661
0.044299
0.048980
0.053701
0.058459
0.063251
0.068073
0.072923
0.077798
0.082694
0.087609
0.092539
0.097482
0.102435
0.107394
0.112357
0.117320
0.122280
0.127236
0.132182
0.137116
0.142036
0.146938
0.151817
0.156673
0.161500
0.166295
0.171056
0.175777
0.180457
0.185090
0.189673
0.194201
0.198671
0.203078
0.207418
0.211684
0.215873
0.219979
0.223996
0.227917
0.231735
0.235445
0.239038
0.242505
0.245838
0.249029
0.252066
0.002551
-0.007121
-0.015814
-0.023599
-0.030543
-0.036710
-0.042158
-0.046944
-0.051116
-0.054721
-0.057800
-0.060390
-0.062526
-0.064238
-0.065554
-0.066500
-0.067098
-0.067370
-0.067335
-0.067011
-0.066414
-0.065559
-0.064460
-0.063129
-0.061580
-0.059822
-0.057867
-0.055724
-0.053402
-0.050910
-0.048257
-0.045449
-0.042494
-0.039399
-0.036170
-0.032815
-0.029338
-0.025746
-0.022044
-0.018237
-0.014330
-0.010329
-0.006238
-0.002061
0.002196
0.006531
0.010937
0.015413
0.019952
0.024553
0.029210
0.033920
0.038679
0.043484
0.048332
0.053218
0.058139
0.063092
0.068073
0.073079
0.078107
0.083153
0.088214
0.093287
0.098368
0.103454
0.108542
0.113628
0.118709
0.123782
0.128842
0.133888
0.138915
0.143920
0.148899
0.153849
0.158766
0.163646
0.168486
0.173281
0.178029
0.182724
0.187362
0.191940
0.196452
0.200894
0.205262
0.209550
0.213753
0.217865
0.221881
0.225795
0.229599
0.233288
0.236854
0.240288
0.243584
0.246732
0.249724
0.252551
0.003086
-0.006929
-0.015971
-0.024106
-0.031393
-0.037893
-0.043660
-0.048748
-0.053203
-0.057070
-0.060390
-0.063200
-0.065533
-0.067422
-0.068894
-0.069975
-0.070689
-0.071058
-0.071102
-0.070840
-0.070288
-0.069462
-0.068378
-0.067048
-0.065486
-0.063704
-0.061711
-0.059520
-0.057140
-0.054580
-0.051849
-0.048955
-0.045905
-0.042709
-0.039372
-0.035901
-0.032303
-0.028584
-0.024750
-0.020807
-0.016761
-0.012615
-0.008377
-0.004050
0.000360
0.004849
0.009413
0.014046
0.018744
0.023504
0.028321
0.033191
0.038109
0.043073
0.048078
0.053120
0.058195
0.063300
0.068431
0.073585
0.078757
0.083944
0.089142
0.094348
0.099558
0.104769
0.109976
0.115177
0.120366
0.125542
0.130700
0.135836
0.140946
0.146027
0.151075
0.156086
0.161056
0.165981
0.170857
0.175679
0.180444
0.185146
0.189782
0.194346
0.198834
0.203241
0.207562
0.211792
0.215924
0.219953
0.223873
0.227678
0.231361
0.234914
0.238331
0.241604
0.244724
0.247684
0.250474
0.253086
0.003673
-0.006633
-0.015974
-0.024408
-0.031992
-0.038782
-0.044829
-0.050182
-0.054888
-0.058989
-0.062526
-0.065533
-0.068046
-0.070095
-0.071709
-0.072914
-0.073735
-0.074193
-0.074310
-0.074104
-0.073594
-0.072796
-0.071725
-0.070396
-0.068822
-0.067015
-0.064988
-0.062752
-0.060316
-0.057691
-0.054886
-0.051911
-0.048772
-0.045479
-0.042039
-0.038459
-0.034746
-0.030907
-0.026948
-0.022876
-0.018695
-0.014413
-0.010035
-0.005565
-0.001010
0.003626
0.008338
0.013121
0.017970
0.022881
0.027849
0.032870
0.037940
0.043053
0.048207
0.053396
0.058617
0.063866
0.069139
0.074431
0.079738
0.085057
0.090384
0.095715
0.101045
0.106371
0.111689
0.116995
0.122285
0.127555
0.132801
0.138019
0.143204
0.148353
0.153462
0.158526
0.163541
0.168502
0.173405
0.178246
0.183020
0.187722
0.192347
0.196890
0.201347
0.205712
0.209979
0.214143
0.218198
0.222138
0.225956
0.229646
0.233202
0.236615
0.239879
0.242985
0.245926
0.248693
0.251279
0.253673
0.004311
-0.006239
-0.015832
-0.024521
-0.032359
-0.039399
-0.045689
-0.051275
-0.056201
-0.060509
-0.064238
-0.067422
-0.070095
-0.072289
-0.074031
-0.075348
-0.076264
-0.076804
-0.076986
-0.076832
-0.076360
-0.075586
-0.074527
-0.073197
-0.071610
-0.069781
-0.067720
-0.065440
-0.062951
-0.060265
-0.057390
-0.054337
-0.051113
-0.047728
-0.044190
-0.040506
-0.036684
-0.032731
-0.028653
-0.024458
-0.020151
-0.015739
-0.011228
-0.006623
-0.001930
0.002846
0.007699
0.012624
0.017616
0.022670
0.027782
0.032946
0.038158
0.043414
0.048708
0.054037
0.059396
0.064780
0.070185
0.075607
0.081042
0.086484
0.091931
0.097378
0.102820
0.108254
0.113674
0.119078
0.124459
0.129815
0.135141
0.140432
0.145684
0.150893
0.156054
0.161163
0.166214
0.171204
0.176127
0.180979
0.185754
0.190448
0.195056
0.199571
0.203989
0.208305
0.212511
0.216604
0.220575
0.224419
0.228130
0.231700
0.235123
0.238391
0.241497
0.244433
0.247190
0.249761
0.252138
0.254311
0.004999
-0.005752
-0.015554
-0.024458
-0.032512
-0.039765
-0.046263
-0.052050
-0.057168
-0.061657
-0.065554
-0.068894
-0.071709
-0.074031
-0.075887
-0.077304
-0.078306
-0.078917
-0.079159
-0.079050
-0.078611
-0.077857
-0.076807
-0.075475
-0.073876
-0.072023
-0.069929
-0.067607
-0.065068
-0.062322
-0.059380
-0.056252
-0.052948
-0.049476
-0.045844
-0.042061
-0.038135
-0.034073
-0.029882
-0.025570
-0.021143
-0.016607
-0.011970
-0.007236
-0.002412
0.002496
0.007482
0.012542
0.017670
0.022860
0.028107
0.033407
0.038755
0.044144
0.049571
0.055031
0.060519
0.066030
0.071560
0.077105
0.082658
0.088217
0.093776
0.099330
0.104876
0.110409
0.115924
0.121416
0.126882
0.132316
0.137713
0.143070
0.148381
0.153642
0.158847
0.163993
0.169073
0.174084
0.179019
0.183874
0.188644
0.193323
0.197906
0.202386
0.206759
0.211019
0.215158
0.219172
0.223054
0.226797
0.230395
0.233840
0.237125
0.240243
0.243186
0.245947
0.248517
0.250888
0.253051
0.254999
0.005739
-0.005175
-0.015149
-0.024230
-0.032464
-0.039896
-0.046570
-0.052529
-0.057812
-0.062457
-0.066500
-0.069975
-0.072914
-0.075348
-0.077304
-0.078808
-0.079886
-0.080560
-0.080852
-0.080783
-0.080371
-0.079635
-0.078590
-0.077254
-0.075640
-0.073764
-0.071637
-0.069274
-0.066685
-0.063882
-0.060876
-0.057677
-0.054295
-0.050739
-0.047018
-0.043141
-0.039116
-0.034950
-0.030652
-0.026228
-0.021687
-0.017034
-0.012276
-0.007420
-0.002472
0.002561
0.007675
0.012863
0.018119
0.023437
0.028814
0.034242
0.039716
0.045232
0.050785
0.056368
0.061978
0.067609
0.073256
0.078914
0.084579
0.090245
0.095909
0.101563
0.107205
0.112829
0.118431
0.124005
0.129546
0.135050
0.140512
0.145927
0.151289
0.156594
0.161836
0.167011
0.172114
0.177138
0.182078
0.186930
0.191687
0.196344
0.200895
0.205334
0.209655
0.213852
0.217919
0.221849
0.225635
0.229271
0.232750
0.236065
0.239208
0.242171
0.244947
0.247528
0.249906
0.252073
0.254020
0.255739
0.006530
-0.004512
-0.014622
-0.023846
-0.032228
-0.039808
-0.046630
-0.052732
-0.058153
-0.062930
-0.067098
-0.070689
-0.073735
-0.076264
-0.078306
-0.079886
-0.081028
-0.081756
-0.082091
-0.082054
-0.081665
-0.080941
-0.079899
-0.078555
-0.076926
-0.075025
-0.072865
-0.070461
-0.067824
-0.064966
-0.061897
-0.058630
-0.055173
-0.051537
-0.047731
-0.043763
-0.039643
-0.035379
-0.030978
-0.026448
-0.021798
-0.017033
-0.012161
-0.007189
-0.002123
0.003030
0.008264
0.013572
0.018950
0.024391
0.029888
0.035437
0.041032
0.046668
0.052338
0.058038
0.063762
0.069505
0.075262
0.081027
0.086795
0.092562
0.098322
0.104069
0.109800
0.115507
0.121188
0.126836
0.132446
0.138012
0.143531
0.148996
0.154402
0.159744
0.165017
0.170214
0.175331
0.180362
0.185300
0.190142
0.194879
0.199507
0.204020
0.208411
0.212674
0.216803
0.220791
0.224631
0.228317
0.231841
0.235196
0.238375
0.241371
0.244175
0.246779
0.249177
0.251359
0.253318
0.255044
0.256530
0.007372
-0.003765
-0.013981
-0.023317
-0.031815
-0.039515
-0.046456
-0.052676
-0.058212
-0.063099
-0.067370
-0.071058
-0.074193
-0.076804
-0.078917
-0.080560
-0.081756
-0.082528
-0.082898
-0.082887
-0.082514
-0.081797
-0.080754
-0.079401
-0.077754
-0.075826
-0.073634
-0.071188
-0.068504
-0.065591
-0.062462
-0.059128
-0.055600
-0.051886
-0.047998
-0.043944
-0.039734
-0.035375
-0.030876
-0.026246
-0.021491
-0.016620
-0.011639
-0.006557
-0.001379
0.003887
0.009235
0.014659
0.020151
0.025707
0.031320
0.036983
0.042692
0.048439
0.054221
0.060030
0.065861
0.071709
0.077568
0.083433
0.089298
0.095158
0.101007
0.106840
0.112651
0.118436
0.124188
0.129902
0.135574
0.141196
0.146764
0.152273
0.157716
0.163088
0.168384
0.173596
0.178721
0.183752
0.188682
0.193506
0.198218
0.202811
0.207280
0.211617
0.215816
0.219871
0.223774
0.227519
0.231098
0.234505
0.237731
0.240770
0.243614
0.246254
0.248683
0.250892
0.252875
0.254621
0.256123
0.257372
0.008264
-0.002938
-0.013229
-0.022649
-0.031236
-0.039028
-0.046063
-0.052376
-0.058004
-0.062980
-0.067335
-0.071102
-0.074310
-0.076986
-0.079159
-0.080852
-0.082091
-0.082898
-0.083295
-0.083303
-0.082940
-0.082226
-0.081178
-0.079811
-0.078144
-0.076189
-0.073962
-0.071475
-0.068743
-0.065777
-0.062589
-0.059191
-0.055592
-0.051805
-0.047838
-0.043701
-0.039403
-0.034954
-0.030362
-0.025635
-0.020781
-0.015809
-0.010725
-0.005538
-0.000254
0.005120
0.010576
0.016108
0.021710
0.027375
0.033096
0.038867
0.044682
0.050536
0.056421
0.062333
0.068265
0.074211
0.080166
0.086123
0.092078
0.098024
0.103955
0.109866
0.115752
0.121606
0.127424
0.133198
0.138924
0.144595
0.150206
0.155751
0.161224
0.166620
0.171932
0.177154
0.182280
0.187304
0.192219
0.197020
0.201700
0.206253
0.210671
0.214948
0.219078
0.223053
0.226866
0.230510
0.233978
0.237262
0.240355
0.243249
0.245936
0.248408
0.250657
0.252675
0.254453
0.255983
0.257256
0.258264
0.009208
-0.002033
-0.012373
-0.021849
-0.030499
-0.038359
-0.045463
-0.051848
-0.057546
-0.062590
-0.067011
-0.070840
-0.074104
-0.076832
-0.079050
-0.080783
-0.082054
-0.082887
-0.083303
-0.083322
-0.082964
-0.082247
-0.081189
-0.079806
-0.078116
-0.076131
-0.073869
-0.071341
-0.068561
-0.065542
-0.062296
-0.058835
-0.055169
-0.051309
-0.047266
-0.043049
-0.038668
-0.034132
-0.029451
-0.024631
-0.019683
-0.014614
-0.009433
-0.004145
0.001240
0.006715
0.012274
0.017909
0.023614
0.029381
0.035205
0.041078
0.046994
0.052947
0.058930
0.064938
0.070964
0.077001
0.083045
0.089088
0.095126
0.101151
0.107158
0.113142
0.119095
0.125012
0.130888
0.136715
0.142489
0.148202
0.153850
0.159425
0.164922
0.170334
0.175656
0.180881
0.186002
0.191013
0.195908
0.200680
0.205322
0.209828
0.214190
0.218402
0.222457
0.226347
0.230065
0.233604
0.236955
0.240112
0.243067
0.245812
0.248338
0.250637
0.252702
0.254524
0.256094
0.257403
0.258444
0.259208
0.010203
-0.001051
-0.011415
-0.020924
-0.029613
-0.037516
-0.044669
-0.051103
-0.056851
-0.061945
-0.066414
-0.070288
-0.073594
-0.076360
-0.078611
-0.080371
-0.081665
-0.082514
-0.082940
-0.082964
-0.082604
-0.081879
-0.080807
-0.079405
-0.077688
-0.075673
-0.073373
-0.070802
-0.067975
-0.064903
-0.061600
-0.058077
-0.054345
-0.050415
-0.046299
-0.042005
-0.037544
-0.032925
-0.028157
-0.023250
-0.018212
-0.013051
-0.007775
-0.002393
0.003088
0.008660
0.014316
0.020049
0.025851
0.031716
0.037636
0.043604
0.049615
0.055661
0.061736
0.067834
0.073947
0.080070
0.086196
0.092320
0.098433
0.104532
0.110609
0.116657
0.122672
0.128645
0.134573
0.140447
0.146262
0.152011
0.157689
0.163288
0.168803
0.174226
0.179552
0.184773
0.189884
0.194877
0.199745
0.204482
0.209081
0.213534
0.217835
0.221977
0.225951
0.229751
0.233369
0.236797
0.240028
0.243053
0.245866
0.248456
0.250817
0.252940
0.254817
0.256438
0.257797
0.258883
0.259688
0.260203
0.011249
0.000005
-0.010360
-0.019878
-0.028584
-0.036510
-0.043690
-0.050154
-0.055933
-0.061059
-0.065559
-0.069462
-0.072796
-0.075586
-0.077857
-0.079635
-0.080941
-0.081797
-0.082226
-0.082247
-0.081879
-0.081141
-0.080051
-0.078625
-0.076880
-0.074830
-0.072491
-0.069878
-0.067002
-0.063878
-0.060518
-0.056934
-0.053138
-0.049140
-0.044952
-0.040584
-0.036045
-0.031346
-0.026497
-0.021505
-0.016380
-0.011132
-0.005767
-0.000294
0.005278
0.010942
0.016690
0.022515
0.028409
0.034365
0.040376
0.046435
0.052535
0.058668
0.064829
0.071010
0.077205
0.083408
0.089610
0.095807
0.101992
0.108157
0.114297
0.120405
0.126474
0.132499
0.138472
0.144387
0.150237
0.156016
0.161718
0.167335
0.172862
0.178290
0.183614
0.188826
0.193920
0.198889
0.203726
0.208422
0.212972
0.217369
0.221603
0.225669
0.229558
0.233263
0.236776
0.240089
0.243195
0.246084
0.248749
0.251182
0.253374
0.255317
0.257001
0.258419
0.259562
0.260420
0.260985
0.261249
0.012346
0.001133
-0.009211
-0.018718
-0.027420
-0.035349
-0.042535
-0.049011
-0.054804
-0.059944
-0.064460
-0.068378
-0.071725
-0.074527
-0.076807
-0.078590
-0.079899
-0.080754
-0.081178
-0.081189
-0.080807
-0.080051
-0.078938
-0.077484
-0.075707
-0.073622
-0.071242
-0.068584
-0.065660
-0.062483
-0.059067
-0.055423
-0.051563
-0.047499
-0.043241
-0.038801
-0.034188
-0.029412
-0.024483
-0.019411
-0.014203
-0.008871
-0.003421
0.002138
0.007796
0.013548
0.019383
0.025295
0.031276
0.037319
0.043415
0.049559
0.055742
0.061957
0.068198
0.074458
0.080729
0.087004
0.093278
0.099543
0.105791
0.112018
0.118215
0.124376
0.130495
0.136564
0.142577
0.148527
0.154407
0.160210
0.165930
0.171560
0.177092
0.182520
0.187837
0.193035
0.198107
0.203046
0.207845
0.212497
0.216993
0.221327
0.225490
0.229476
0.233275
0.236881
0.240284
0.243478
0.246454
0.249203
0.251717
0.253988
0.256007
0.257765
0.259254
0.260465
0.261388
0.262015
0.262338
0.262346
0.013494
0.002332
-0.007971
-0.017447
-0.026126
-0.034039
-0.041215
-0.047684
-0.053474
-0.058613
-0.063129
-0.067048
-0.070396
-0.073197
-0.075475
-0.077254
-0.078555
-0.079401
-0.079811
-0.079806
-0.079405
-0.078625
-0.077484
-0.076000
-0.074188
-0.072063
-0.069642
-0.066937
-0.063963
-0.060734
-0.057261
-0.053558
-0.049636
-0.045507
-0.041182
-0.036671
-0.031986
-0.027136
-0.022131
-0.016981
-0.011695
-0.006282
-0.000751
0.004890
0.010631
0.016465
0.022383
0.028377
0.034440
0.040564
0.046742
0.052964
0.059226
0.065518
0.071833
0.078166
0.084507
0.090851
0.097189
0.103516
0.109824
0.116106
0.122355
0.128564
0.134726
0.140834
0.146881
0.152860
0.158765
0.164587
0.170320
0.175956
0.181489
0.186911
0.192215
0.197393
0.202439
0.207344
0.212101
0.216702
0.221140
0.225406
0.229494
0.233394
0.237099
0.240601
0.243891
0.246962
0.249803
0.252408
0.254768
0.256873
0.258715
0.260286
0.261575
0.262575
0.263276
0.263668
0.263744
0.263494
0.014692
0.003601
-0.006643
-0.016069
-0.024708
-0.032587
-0.039736
-0.046182
-0.051954
-0.057077
-0.061580
-0.065486
-0.068822
-0.071610
-0.073876
-0.075640
-0.076926
-0.077754
-0.078144
-0.078116
-0.077688
-0.076880
-0.075707
-0.074188
-0.072338
-0.070172
-0.067706
-0.064954
-0.061930
-0.058647
-0.055118
-0.051356
-0.047372
-0.043179
-0.038788
-0.034209
-0.029454
-0.024532
-0.019454
-0.014229
-0.008867
-0.003378
0.002231
0.007949
0.013768
0.019680
0.025677
0.031749
0.037890
0.044091
0.050344
0.056641
0.062975
0.069339
0.075724
0.082124
0.088530
0.094937
0.101335
0.107719
0.114080
0.120412
0.126707
0.132959
0.139159
0.145301
0.151377
0.157380
0.163303
0.169139
0.174879
0.180518
0.186046
0.191457
0.196744
0.201898
0.206911
0.211777
0.216487
0.221033
0.225408
0.229603
0.233610
0.237421
0.241028
0.244422
0.247594
0.250537
0.253241
0.255699
0.257900
0.259836
0.261498
0.262877
0.263964
0.264749
0.265224
0.265379
0.265205
0.264692
0.015942
0.004939
-0.005229
-0.014590
-0.023171
-0.031000
-0.038106
-0.044515
-0.050253
-0.055347
-0.059822
-0.063704
-0.067015
-0.069781
-0.072023
-0.073764
-0.075025
-0.075826
-0.076189
-0.076131
-0.075673
-0.074830
-0.073622
-0.072063
-0.070172
-0.067962
-0.065450
-0.062649
-0.059573
-0.056236
-0.052651
-0.048830
-0.044786
-0.040530
-0.036075
-0.031429
-0.026606
-0.021615
-0.016466
-0.011170
-0.005735
-0.000172
0.005510
0.011303
0.017197
0.023183
0.029254
0.035400
0.041614
0.047886
0.054210
0.060578
0.066980
0.073410
0.079860
0.086323
0.092789
0.099253
0.105706
0.112142
0.118552
0.124928
0.131265
0.137553
0.143787
0.149957
0.156057
0.162079
0.168016
0.173860
0.179604
0.185239
0.190758
0.196153
0.201417
0.206542
0.211519
0.216341
0.221000
0.225487
0.229794
0.233913
0.237836
0.241553
0.245058
0.248340
0.251391
0.254203
0.256766
0.259072
0.261111
0.262874
0.264353
0.265537
0.266418
0.266986
0.267232
0.267147
0.266720
0.265942
0.017243
0.006343
-0.003733
-0.013012
-0.021520
-0.029284
-0.036332
-0.042689
-0.048380
-0.053431
-0.057867
-0.061711
-0.064988
-0.067720
-0.069929
-0.071637
-0.072865
-0.073634
-0.073962
-0.073869
-0.073373
-0.072491
-0.071242
-0.069642
-0.067706
-0.065450
-0.062889
-0.060037
-0.056909
-0.053517
-0.049876
-0.045997
-0.041892
-0.037575
-0.033056
-0.028346
-0.023456
-0.018398
-0.013181
-0.007815
-0.002311
0.003322
0.009075
0.014939
0.020903
0.026960
0.033101
0.039317
0.045599
0.051940
0.058331
0.064763
0.071230
0.077722
0.084232
0.090752
0.097274
0.103790
0.110293
0.116776
0.123229
0.129646
0.136019
0.142339
0.148601
0.154795
0.160914
0.166950
0.172896
0.178744
0.184485
0.190113
0.195618
0.200993
0.206230
0.211321
0.216258
0.221032
0.225635
0.230058
0.234294
0.238333
0.242167
0.245788
0.249186
0.252353
0.255279
0.257956
0.260375
0.262526
0.264400
0.265987
0.267279
0.268266
0.268938
0.269286
0.269300
0.268971
0.268289
0.267243
0.018595
0.007813
-0.002156
-0.011338
-0.019759
-0.027445
-0.034420
-0.040712
-0.046343
-0.051339
-0.055724
-0.059520
-0.062752
-0.065440
-0.067607
-0.069274
-0.070461
-0.071188
-0.071475
-0.071341
-0.070802
-0.069878
-0.068584
-0.066937
-0.064954
-0.062649
-0.060037
-0.057133
-0.053951
-0.050505
-0.046806
-0.042869
-0.038705
-0.034326
-0.029745
-0.024971
-0.020018
-0.014894
-0.009611
-0.004179
0.001392
0.007093
0.012914
0.018844
0.024876
0.031000
0.037207
0.043489
0.049836
0.056240
0.062694
0.069187
0.075713
0.082262
0.088828
0.095401
0.101974
0.108539
0.115087
0.121611
0.128104
0.134556
0.140960
0.147309
0.153593
0.159807
0.165940
0.171986
0.177936
0.183783
0.189518
0.195133
0.200620
0.205971
0.211177
0.216230
0.221122
0.225844
0.230387
0.234743
0.238904
0.242859
0.246602
0.250122
0.253410
0.256458
0.259256
0.261795
0.264066
0.266059
0.267764
0.269173
0.270276
0.271062
0.271523
0.271648
0.271427
0.270852
0.269911
0.268595
0.019998
0.009348
-0.000501
-0.009572
-0.017892
-0.025486
-0.032377
-0.038591
-0.044150
-0.049080
-0.053402
-0.057140
-0.060316
-0.062951
-0.065068
-0.066685
-0.067824
-0.068504
-0.068743
-0.068561
-0.067975
-0.067002
-0.065660
-0.063963
-0.061930
-0.059573
-0.056909
-0.053951
-0.050714
-0.047212
-0.043456
-0.039460
-0.035237
-0.030798
-0.026156
-0.021320
-0.016304
-0.011117
-0.005770
-0.000274
0.005362
0.011127
0.017012
0.023007
0.029103
0.035291
0.041561
0.047904
0.054312
0.060777
0.067288
0.073839
0.080420
0.087022
0.093639
0.100261
0.106880
0.113489
0.120078
0.126640
0.133167
0.139650
0.146081
0.152453
0.158757
0.164984
0.171128
0.177179
0.183130
0.188971
0.194696
0.200294
0.205759
0.211081
0.216252
0.221263
0.226106
0.230772
0.235252
0.239537
0.243619
0.247488
0.251135
0.254550
0.257726
0.260652
0.263318
0.265717
0.267837
0.269669
0.271204
0.272431
0.273341
0.273925
0.274171
0.274071
0.273613
0.272788
0.271587
0.269998
0.021452
0.010947
0.001232
-0.007717
-0.015924
-0.023413
-0.030208
-0.036332
-0.041808
-0.046660
-0.050910
-0.054580
-0.057691
-0.060265
-0.062322
-0.063882
-0.064966
-0.065591
-0.065777
-0.065542
-0.064903
-0.063878
-0.062483
-0.060734
-0.058647
-0.056236
-0.053517
-0.050505
-0.047212
-0.043652
-0.039839
-0.035785
-0.031503
-0.027004
-0.022301
-0.017405
-0.012328
-0.007079
-0.001670
0.003888
0.009586
0.015413
0.021360
0.027416
0.033573
0.039820
0.046150
0.052552
0.059017
0.065538
0.072104
0.078707
0.085339
0.091991
0.098655
0.105322
0.111983
0.118631
0.125257
0.131852
0.138409
0.144919
0.151373
0.157764
0.164083
0.170321
0.176470
0.182523
0.188469
0.194302
0.200011
0.205590
0.211028
0.216318
0.221450
0.226416
0.231206
0.235813
0.240226
0.244437
0.248436
0.252214
0.255763
0.259071
0.262131
0.264932
0.267464
0.269718
0.271685
0.273354
0.274715
0.275758
0.276474
0.276852
0.276882
0.276553
0.275856
0.274781
0.273316
0.271452
0.022957
0.012608
0.003039
-0.005775
-0.013857
-0.021230
-0.027918
-0.033941
-0.039324
-0.044089
-0.048257
-0.051849
-0.054886
-0.057390
-0.059380
-0.060876
-0.061897
-0.062462
-0.062589
-0.062296
-0.061600
-0.060518
-0.059067
-0.057261
-0.055118
-0.052651
-0.049876
-0.046806
-0.043456
-0.039839
-0.035968
-0.031856
-0.027515
-0.022957
-0.018195
-0.013239
-0.008102
-0.002793
0.002676
0.008294
0.014051
0.019938
0.025943
0.032058
0.038273
0.044578
0.050963
0.057420
0.063939
0.070512
0.077129
0.083782
0.090461
0.097159
0.103866
0.110573
0.117273
0.123956
0.130615
0.137240
0.143822
0.150355
0.156828
0.163234
0.169563
0.175808
0.181959
0.188009
0.193947
0.199767
0.205458
0.211012
0.216421
0.221674
0.226764
0.231681
0.236416
0.240960
0.245303
0.249436
0.253350
0.257035
0.260482
0.263680
0.266621
0.269294
0.271690
0.273798
0.275609
0.277112
0.278297
0.279154
0.279673
0.279843
0.279654
0.279095
0.278157
0.276828
0.275098
0.272957
0.024513
0.014332
0.004919
-0.003749
-0.011696
-0.018942
-0.025511
-0.031425
-0.036705
-0.041372
-0.045449
-0.048955
-0.051911
-0.054337
-0.056252
-0.057677
-0.058630
-0.059128
-0.059191
-0.058835
-0.058077
-0.056934
-0.055423
-0.053558
-0.051356
-0.048830
-0.045997
-0.042869
-0.039460
-0.035785
-0.031856
-0.027685
-0.023286
-0.018669
-0.013849
-0.008834
-0.003638
0.001728
0.007255
0.012931
0.018746
0.024690
0.030752
0.036922
0.043192
0.049551
0.055989
0.062498
0.069068
0.075690
0.082354
0.089053
0.095776
0.102515
0.109261
0.116006
0.122740
0.129455
0.136142
0.142792
0.149397
0.155948
0.162437
0.168854
0.175190
0.181438
0.187587
0.193630
0.199558
0.205360
0.211030
0.216556
0.221931
0.227146
0.232190
0.237054
0.241730
0.246208
0.250478
0.254531
0.258357
0.261946
0.265288
0.268374
0.271194
0.273737
0.275993
0.277952
0.279605
0.280940
0.281947
0.282616
0.282935
0.282896
0.282486
0.281696
0.280514
0.278930
0.276933
0.274513
0.026120
0.016118
0.006871
-0.001642
-0.009442
-0.016553
-0.022994
-0.028788
-0.033955
-0.038517
-0.042494
-0.045905
-0.048772
-0.051113
-0.052948
-0.054295
-0.055173
-0.055600
-0.055592
-0.055169
-0.054345
-0.053138
-0.051563
-0.049636
-0.047372
-0.044786
-0.041892
-0.038705
-0.035237
-0.031503
-0.027515
-0.023286
-0.018828
-0.014154
-0.009275
-0.004204
0.001050
0.006473
0.012056
0.017788
0.023659
0.029657
0.035773
0.041997
0.048319
0.054729
0.061217
0.067775
0.074392
0.081059
0.087768
0.094509
0.101272
0.108050
0.114832
0.121610
0.128375
0.135117
0.141830
0.148502
0.155125
0.161692
0.168191
0.174616
0.180956
0.187202
0.193347
0.199380
0.205292
0.211075
0.216719
0.222215
0.227553
0.232725
0.237720
0.242530
0.247144
0.251553
0.255747
0.259717
0.263452
0.266942
0.270178
0.273149
0.275845
0.278255
0.280370
0.282179
0.283671
0.284836
0.285663
0.286142
0.286261
0.286010
0.285378
0.284354
0.282927
0.281086
0.278821
0.276120
0.027778
0.017963
0.008893
0.000546
-0.007100
-0.014065
-0.020370
-0.026035
-0.031082
-0.035530
-0.039399
-0.042709
-0.045479
-0.047728
-0.049476
-0.050739
-0.051537
-0.051886
-0.051805
-0.051309
-0.050415
-0.049140
-0.047499
-0.045507
-0.043179
-0.040530
-0.037575
-0.034326
-0.030798
-0.027004
-0.022957
-0.018669
-0.014154
-0.009422
-0.004487
0.000641
0.005951
0.011430
0.017068
0.022854
0.028777
0.034828
0.040996
0.047270
0.053642
0.060100
0.066636
0.073239
0.079901
0.086611
0.093360
0.100140
0.106940
0.113752
0.120567
0.127375
0.134167
0.140935
0.147668
0.154359
0.160998
0.167575
0.174083
0.180511
0.186852
0.193094
0.199230
0.205250
0.211144
0.216904
0.222519
0.227981
0.233280
0.238407
0.243350
0.248102
0.252652
0.256989
0.261105
0.264989
0.268631
0.272020
0.275147
0.278001
0.280571
0.282847
0.284819
0.286475
0.287805
0.288798
0.289444
0.289730
0.289647
0.289183
0.288327
0.287068
0.285395
0.283296
0.280761
0.277778
0.029487
0.019869
0.010984
0.002810
-0.004672
-0.011483
-0.017643
-0.023172
-0.028090
-0.032416
-0.036170
-0.039372
-0.042039
-0.044190
-0.045844
-0.047018
-0.047731
-0.047998
-0.047838
-0.047266
-0.046299
-0.044952
-0.043241
-0.041182
-0.038788
-0.036075
-0.033056
-0.029745
-0.026156
-0.022301
-0.018195
-0.013849
-0.009275
-0.004487
0.000505
0.005689
0.011053
0.016586
0.022277
0.028115
0.034090
0.040191
0.046409
0.052731
0.059150
0.065654
0.072234
0.078880
0.085583
0.092333
0.099120
0.105936
0.112770
0.119613
0.126457
0.133292
0.140108
0.146897
0.153649
0.160354
0.167005
0.173591
0.180104
0.186533
0.192870
0.199105
0.205229
0.211232
0.217106
0.222839
0.228424
0.233849
0.239106
0.244184
0.249074
0.253765
0.258247
0.262511
0.266546
0.270342
0.273889
0.277175
0.280191
0.282926
0.285368
0.287509
0.289335
0.290837
0.292004
0.292824
0.293286
0.293380
0.293093
0.292415
0.291334
0.289838
0.287918
0.285560
0.282753
0.279487
0.031247
0.021834
0.013141
0.005150
-0.002161
-0.008810
-0.014817
-0.020202
-0.024984
-0.029182
-0.032815
-0.035901
-0.038459
-0.040506
-0.042061
-0.043141
-0.043763
-0.043944
-0.043701
-0.043049
-0.042005
-0.040584
-0.038801
-0.036671
-0.034209
-0.031429
-0.028346
-0.024971
-0.021320
-0.017405
-0.013239
-0.008834
-0.004204
0.000641
0.005689
0.010927
0.016344
0.021930
0.027673
0.033562
0.039586
0.045736
0.052000
0.058369
0.064832
0.071379
0.078001
0.084688
0.091429
0.098215
0.105038
0.111886
0.118751
0.125623
0.132493
0.139351
0.146188
0.152995
0.159762
0.166479
0.173139
0.179730
0.186244
0.192671
0.199002
0.205227
0.211336
0.217321
0.223170
0.228875
0.234425
0.239812
0.245023
0.250051
0.254884
0.259512
0.263926
0.268114
0.272066
0.275772
0.279221
0.282403
0.285306
0.287920
0.290234
0.292236
0.293916
0.295263
0.296265
0.296910
0.297188
0.297087
0.296596
0.295703
0.294395
0.292663
0.290494
0.287876
0.284797
0.281247
0.033058
0.023857
0.015365
0.007563
0.000431
-0.006049
-0.011897
-0.017131
-0.021770
-0.025833
-0.029338
-0.032303
-0.034746
-0.036684
-0.038135
-0.039116
-0.039643
-0.039734
-0.039403
-0.038668
-0.037544
-0.036045
-0.034188
-0.031986
-0.029454
-0.026606
-0.023456
-0.020018
-0.016304
-0.012328
-0.008102
-0.003638
0.001050
0.005951
0.011053
0.016344
0.021814
0.027451
0.033244
0.039182
0.045254
0.051450
0.057759
0.064172
0.070677
0.077265
0.083926
0.090650
0.097427
0.104248
0.111102
0.117980
0.124873
0.131770
0.138663
0.145542
0.152397
0.159219
0.165998
0.172725
0.179390
0.185984
0.192496
0.198918
0.205240
0.211452
0.217544
0.223507
0.229330
0.235003
0.240517
0.245862
0.251026
0.256001
0.260775
0.265339
0.269681
0.273791
0.277659
0.281273
0.284624
0.287699
0.290488
0.292980
0.295163
0.297027
0.298559
0.299749
0.300585
0.301055
0.301148
0.300852
0.300155
0.299045
0.297512
0.295541
0.293123
0.290244
0.286893
0.283058
0.034920
0.025938
0.017654
0.010048
0.003102
-0.003203
-0.008885
-0.013962
-0.018452
-0.022375
-0.025746
-0.028584
-0.030907
-0.032731
-0.034073
-0.034950
-0.035379
-0.035375
-0.034954
-0.034132
-0.032925
-0.031346
-0.029412
-0.027136
-0.024532
-0.021615
-0.018398
-0.014894
-0.011117
-0.007079
-0.002793
0.001728
0.006473
0.011430
0.016586
0.021930
0.027451
0.033138
0.038979
0.044964
0.051082
0.057322
0.063675
0.070129
0.076674
0.083301
0.089999
0.096758
0.103568
0.110420
0.117303
0.124209
0.131126
0.138046
0.144960
0.151856
0.158726
0.165560
0.172348
0.179082
0.185749
0.192343
0.198851
0.205266
0.211576
0.217772
0.223844
0.229783
0.235577
0.241217
0.246692
0.251992
0.257108
0.262028
0.266741
0.271238
0.275507
0.279538
0.283320
0.286841
0.290091
0.293058
0.295732
0.298100
0.300152
0.301876
0.303260
0.304292
0.304961
0.305255
0.305162
0.304671
0.303768
0.302442
0.300681
0.298472
0.295804
0.292664
0.289040
0.284920
0.036833
0.028077
0.020006
0.012603
0.005848
-0.000275
-0.005785
-0.010699
-0.015035
-0.018811
-0.022044
-0.024750
-0.026948
-0.028653
-0.029882
-0.030652
-0.030978
-0.030876
-0.030362
-0.029451
-0.028157
-0.026497
-0.024483
-0.022131
-0.019454
-0.016466
-0.013181
-0.009611
-0.005770
-0.001670
0.002676
0.007255
0.012056
0.017068
0.022277
0.027673
0.033244
0.038979
0.044867
0.050898
0.057060
0.063343
0.069736
0.076230
0.082813
0.089475
0.096208
0.102999
0.109840
0.116721
0.123631
0.130561
0.137501
0.144441
0.151372
0.158283
0.165165
0.172009
0.178804
0.185540
0.192209
0.198799
0.205301
0.211705
0.218001
0.224179
0.230229
0.236141
0.241904
0.247508
0.252942
0.258197
0.263261
0.268124
0.272776
0.277204
0.281399
0.285349
0.289043
0.292470
0.295618
0.298477
0.301034
0.303278
0.305197
0.306780
0.308015
0.308889
0.309391
0.309509
0.309230
0.308542
0.307433
0.305890
0.303901
0.301454
0.298537
0.295136
0.291238
0.286833
0.038797
0.030272
0.022421
0.015225
0.008668
0.002732
-0.002600
-0.007346
-0.011523
-0.015148
-0.018237
-0.020807
-0.022876
-0.024458
-0.025570
-0.026228
-0.026448
-0.026246
-0.025635
-0.024632
-0.023250
-0.021505
-0.019411
-0.016981
-0.014229
-0.011170
-0.007815
-0.004179
-0.000274
0.003888
0.008294
0.012931
0.017788
0.022854
0.028115
0.033562
0.039182
0.044964
0.050898
0.056972
0.063177
0.069500
0.075933
0.082463
0.089082
0.095779
0.102543
0.109364
0.116234
0.123140
0.130074
0.137026
0.143986
0.150944
0.157889
0.164813
0.171705
0.178556
0.185355
0.192092
0.198758
0.205343
0.211836
0.218228
0.224507
0.230665
0.236691
0.242574
0.248303
0.253870
0.259262
0.264469
0.269480
0.274285
0.278872
0.283231
0.287350
0.291217
0.294823
0.298154
0.301200
0.303949
0.306389
0.308508
0.310295
0.311737
0.312822
0.313538
0.313872
0.313813
0.313347
0.312463
0.311148
0.309388
0.307172
0.304487
0.301320
0.297657
0.293488
0.288797
0.040812
0.032524
0.024897
0.017914
0.011560
0.005816
0.000666
-0.003908
-0.007920
-0.011389
-0.014330
-0.016761
-0.018695
-0.020151
-0.021143
-0.021687
-0.021798
-0.021491
-0.020781
-0.019683
-0.018212
-0.016380
-0.014203
-0.011695
-0.008867
-0.005735
-0.002311
0.001392
0.005362
0.009586
0.014051
0.018746
0.023659
0.028777
0.034090
0.039586
0.045254
0.051082
0.057060
0.063177
0.069422
0.075784
0.082253
0.088819
0.095471
0.102200
0.108993
0.115843
0.122738
0.129668
0.136624
0.143596
0.150573
0.157545
0.164503
0.171437
0.178336
0.185191
0.191992
0.198728
0.205389
0.211966
0.218448
0.224825
0.231086
0.237221
0.243221
0.249073
0.254768
0.260294
0.265642
0.270800
0.275757
0.280502
0.285024
0.289312
0.293353
0.297138
0.300654
0.303889
0.306832
0.309470
0.311793
0.313787
0.315440
0.316741
0.317676
0.318233
0.318400
0.318164
0.317513
0.316433
0.314911
0.312935
0.310492
0.307569
0.304152
0.300230
0.295787
0.290812
0.042878
0.034831
0.027433
0.020669
0.014521
0.008973
0.004010
-0.000386
-0.004230
-0.007540
-0.010329
-0.012615
-0.014413
-0.015739
-0.016607
-0.017034
-0.017033
-0.016620
-0.015809
-0.014614
-0.013051
-0.011132
-0.008871
-0.006282
-0.003378
-0.000172
0.003322
0.007093
0.011127
0.015413
0.019938
0.024690
0.029657
0.034828
0.040191
0.045736
0.051450
0.057322
0.063343
0.069500
0.075784
0.082183
0.088688
0.095287
0.101970
0.108728
0.115549
0.122424
0.129343
0.136295
0.143270
0.150258
0.157250
0.164235
0.171203
0.178144
0.185048
0.191906
0.198705
0.205438
0.212092
0.218659
0.225128
0.231488
0.237729
0.243840
0.249811
0.255631
0.261289
0.266774
0.272076
0.277184
0.282085
0.286769
0.291225
0.295440
0.299404
0.303105
0.306531
0.309669
0.312508
0.315036
0.317241
0.319109
0.320629
0.321788
0.322574
0.322973
0.322973
0.322560
0.321723
0.320447
0.318720
0.316529
0.313859
0.310699
0.307034
0.302851
0.298137
0.292878
0.044995
0.037193
0.030029
0.023486
0.017550
0.012203
0.007430
0.003215
-0.000458
-0.003603
-0.006238
-0.008377
-0.010035
-0.011228
-0.011970
-0.012276
-0.012161
-0.011639
-0.010725
-0.009433
-0.007775
-0.005767
-0.003421
-0.000751
0.002231
0.005510
0.009075
0.012914
0.017012
0.021360
0.025943
0.030752
0.035773
0.040996
0.046409
0.052000
0.057759
0.063675
0.069736
0.075933
0.082253
0.088688
0.095225
0.101856
0.108568
0.115353
0.122200
0.129098
0.136038
0.143009
0.150001
0.157005
0.164009
0.171004
0.177980
0.184926
0.191833
0.198690
0.205487
0.212213
0.218859
0.225414
0.231867
0.238208
0.244427
0.250512
0.256453
0.262239
0.267859
0.273302
0.278557
0.283612
0.288457
0.293079
0.297468
0.301611
0.305496
0.309112
0.312447
0.315488
0.318224
0.320641
0.322727
0.324470
0.325857
0.326875
0.327512
0.327753
0.327586
0.326998
0.325976
0.324506
0.322574
0.320167
0.317273
0.313876
0.309963
0.305522
0.300537
0.294995
0.047164
0.039610
0.032683
0.026366
0.020644
0.015501
0.010922
0.006892
0.003394
0.000415
-0.002061
-0.004050
-0.005565
-0.006623
-0.007236
-0.007420
-0.007189
-0.006557
-0.005538
-0.004145
-0.002393
-0.000294
0.002138
0.004890
0.007949
0.011303
0.014939
0.018844
0.023007
0.027416
0.032058
0.036922
0.041997
0.047270
0.052731
0.058369
0.064172
0.070129
0.076230
0.082463
0.088819
0.095287
0.101856
0.108515
0.115255
0.122065
0.128935
0.135854
0.142813
0.149801
0.156808
0.163824
0.170838
0.177841
0.184823
0.191772
0.198679
0.205534
0.212326
0.219044
0.225679
0.232220
0.238656
0.244977
0.251172
0.257229
0.263139
0.268889
0.274470
0.279869
0.285076
0.290079
0.294866
0.299425
0.303746
0.307816
0.311622
0.315154
0.318398
0.321342
0.323973
0.326280
0.328248
0.329866
0.331121
0.331998
0.332486
0.332570
0.332238
0.331475
0.330268
0.328605
0.326469
0.323849
0.320730
0.317098
0.312940
0.308240
0.302986
0.297164
0.049383
0.042082
0.035395
0.029306
0.023802
0.018866
0.014485
0.010641
0.007322
0.004512
0.002196
0.000360
-0.001010
-0.001930
-0.002412
-0.002472
-0.002123
-0.001379
-0.000254
0.001240
0.003088
0.005278
0.007796
0.010631
0.013768
0.017197
0.020903
0.024876
0.029103
0.033573
0.038273
0.043192
0.048319
0.053642
0.059150
0.064832
0.070677
0.076674
0.082813
0.089082
0.095471
0.101970
0.108568
0.115255
0.122020
0.128853
0.135744
0.142682
0.149658
0.156661
0.163680
0.170706
0.177729
0.184738
0.191722
0.198672
0.205578
0.212428
0.219213
0.225922
0.232545
0.239070
0.245487
0.251786
0.257955
0.263983
0.269860
0.275574
0.281114
0.286468
0.291626
0.296575
0.301304
0.305800
0.310053
0.314049
0.317776
0.321223
0.324376
0.327223
0.329751
0.331947
0.333799
0.335292
0.336415
0.337153
0.337492
0.337421
0.336924
0.335987
0.334598
0.332742
0.330405
0.327572
0.324230
0.320365
0.315962
0.311007
0.305485
0.299383
0.051653
0.044607
0.038163
0.032306
0.027022
0.022296
0.018114
0.014461
0.011322
0.008683
0.006531
0.004849
0.003626
0.002846
0.002496
0.002561
0.003030
0.003887
0.005120
0.006715
0.008660
0.010942
0.013548
0.016465
0.019680
0.023183
0.026960
0.031000
0.035291
0.039820
0.044578
0.049551
0.054729
0.060100
0.065654
0.071379
0.077265
0.083301
0.089475
0.095779
0.102200
0.108728
0.115353
0.122065
0.128853
0.135707
0.142617
0.149572
0.156562
0.163578
0.170608
0.177642
0.184670
0.191683
0.198669
0.205618
0.212520
0.219364
0.226140
0.232837
0.239445
0.245953
0.252350
0.258625
0.264767
0.270765
0.276608
0.282284
0.287783
0.293091
0.298199
0.303094
0.307764
0.312197
0.316381
0.320303
0.323951
0.327313
0.330376
0.333126
0.335551
0.337638
0.339373
0.340743
0.341735
0.342334
0.342527
0.342301
0.341640
0.340532
0.338962
0.336915
0.334377
0.331334
0.327772
0.323675
0.319030
0.313820
0.308033
0.301653
0.053974
0.047185
0.040987
0.035364
0.030303
0.025789
0.021808
0.018347
0.015391
0.012925
0.010937
0.009413
0.008338
0.007699
0.007482
0.007675
0.008264
0.009235
0.010576
0.012274
0.014316
0.016690
0.019383
0.022383
0.025677
0.029254
0.033101
0.037207
0.041561
0.046150
0.050963
0.055989
0.061217
0.066636
0.072234
0.078001
0.083926
0.089999
0.096208
0.102543
0.108993
0.115549
0.122200
0.128935
0.135744
0.142617
0.149544
0.156513
0.163516
0.170542
0.177580
0.184620
0.191653
0.198667
0.205652
0.212598
0.219494
0.226330
0.233096
0.239780
0.246372
0.252861
0.259235
0.265485
0.271599
0.277566
0.283374
0.289011
0.294467
0.299730
0.304787
0.309628
0.314238
0.318608
0.322723
0.326571
0.330141
0.333418
0.336391
0.339045
0.341368
0.343346
0.344966
0.346214
0.347076
0.347538
0.347586
0.347207
0.346385
0.345106
0.343357
0.341121
0.338385
0.335134
0.331353
0.327027
0.322141
0.316680
0.310630
0.303974
0.056346
0.049817
0.043865
0.038478
0.033642
0.029342
0.025565
0.022297
0.019525
0.017235
0.015413
0.014046
0.013121
0.012624
0.012542
0.012863
0.013572
0.014659
0.016108
0.017909
0.020049
0.022515
0.025295
0.028377
0.031749
0.035400
0.039317
0.043489
0.047904
0.052552
0.057420
0.062498
0.067775
0.073239
0.078880
0.084688
0.090650
0.096758
0.102999
0.109364
0.115843
0.122424
0.129098
0.135854
0.142682
0.149572
0.156513
0.163496
0.170509
0.177543
0.184587
0.191632
0.198666
0.205679
0.212662
0.219603
0.226492
0.233318
0.240071
0.246740
0.253315
0.259783
0.266135
0.272358
0.278443
0.284377
0.290149
0.295747
0.301160
0.306376
0.311383
0.316168
0.320720
0.325025
0.329072
0.332847
0.336338
0.339532
0.342415
0.344974
0.347196
0.349066
0.350572
0.351699
0.352433
0.352760
0.352665
0.352134
0.351153
0.349706
0.347780
0.345358
0.342426
0.338969
0.334972
0.330419
0.325296
0.319586
0.313274
0.306346
0.058770
0.052501
0.046798
0.041648
0.037037
0.032953
0.029381
0.026308
0.023721
0.021607
0.019952
0.018744
0.017970
0.017616
0.017670
0.018119
0.018950
0.020151
0.021710
0.023614
0.025851
0.028409
0.031276
0.034440
0.037890
0.041614
0.045599
0.049836
0.054312
0.059017
0.063939
0.069068
0.074392
0.079901
0.085583
0.091429
0.097427
0.103568
0.109840
0.116234
0.122738
0.129343
0.136038
0.142813
0.149658
0.156562
0.163516
0.170509
0.177531
0.184571
0.191619
0.198665
0.205699
0.212711
0.219689
0.226623
0.233503
0.240317
0.247057
0.253709
0.260264
0.266711
0.273038
0.279235
0.285289
0.291189
0.296925
0.302483
0.307853
0.313021
0.317977
0.322707
0.327199
0.331441
0.335420
0.339123
0.342536
0.345647
0.348441
0.350907
0.353028
0.354793
0.356186
0.357194
0.357802
0.357995
0.357759
0.357080
0.355941
0.354329
0.352228
0.349623
0.346498
0.342838
0.338627
0.333851
0.328492
0.322536
0.315967
0.308770
0.061244
0.055237
0.049784
0.044872
0.040489
0.036620
0.033254
0.030377
0.027977
0.026039
0.024553
0.023504
0.022881
0.022670
0.022860
0.023437
0.024391
0.025707
0.027375
0.029381
0.031716
0.034365
0.037319
0.040564
0.044091
0.047886
0.051940
0.056240
0.060777
0.065538
0.070512
0.075690
0.081059
0.086611
0.092333
0.098215
0.104248
0.110420
0.116721
0.123140
0.129668
0.136295
0.143009
0.149801
0.156661
0.163578
0.170542
0.177543
0.184571
0.191615
0.198665
0.205712
0.212744
0.219750
0.226722
0.233647
0.240516
0.247318
0.254042
0.260677
0.267211
0.273635
0.279937
0.286105
0.292128
0.297994
0.303692
0.309210
0.314535
0.319657
0.324561
0.329236
0.333670
0.337849
0.341760
0.345391
0.348727
0.351756
0.354464
0.356836
0.358860
0.360520
0.361802
0.362693
0.363177
0.363239
0.362865
0.362039
0.360746
0.358971
0.356698
0.353912
0.350597
0.346737
0.342317
0.337319
0.331730
0.325531
0.318708
0.311244
0.063769
0.058024
0.052822
0.048149
0.043994
0.040342
0.037183
0.034502
0.032288
0.030528
0.029210
0.028321
0.027849
0.027782
0.028107
0.028814
0.029888
0.031320
0.033096
0.035205
0.037636
0.040376
0.043415
0.046742
0.050344
0.054210
0.058331
0.062694
0.067288
0.072104
0.077129
0.082354
0.087768
0.093360
0.099120
0.105038
0.111102
0.117303
0.123631
0.130074
0.136624
0.143270
0.150001
0.156808
0.163680
0.170608
0.177580
0.184587
0.191619
0.198665
0.205716
0.212760
0.219788
0.226789
0.233752
0.240667
0.247523
0.254310
0.261017
0.267632
0.274146
0.280545
0.286820
0.292959
0.298950
0.304781
0.310441
0.315918
0.321200
0.326274
0.331127
0.335748
0.340123
0.344240
0.348084
0.351644
0.354904
0.357853
0.360475
0.362756
0.364683
0.366241
0.367415
0.368191
0.368553
0.368486
0.367976
0.367007
0.365563
0.363628
0.361187
0.358223
0.354722
0.350665
0.346038
0.340824
0.335007
0.328569
0.321496
0.313769
0.066345
0.060863
0.055912
0.051479
0.047551
0.044117
0.041164
0.038679
0.036652
0.035070
0.033920
0.033191
0.032870
0.032946
0.033407
0.034242
0.035437
0.036983
0.038867
0.041078
0.043604
0.046435
0.049559
0.052964
0.056641
0.060578
0.064763
0.069187
0.073839
0.078707
0.083782
0.089053
0.094509
0.100140
0.105936
0.111886
0.117980
0.124209
0.130561
0.137026
0.143596
0.150258
0.157005
0.163824
0.170706
0.177642
0.184620
0.191632
0.198665
0.205712
0.212760
0.219800
0.226822
0.233815
0.240768
0.247671
0.254513
0.261284
0.267972
0.274567
0.281057
0.287432
0.293679
0.299788
0.305746
0.311542
0.317164
0.322600
0.327837
0.332864
0.337667
0.342233
0.346551
0.350605
0.354384
0.357874
0.361060
0.363929
0.366467
0.368660
0.370492
0.371950
0.373018
0.373681
0.373925
0.373733
0.373090
0.371980
0.370388
0.368297
0.365691
0.362554
0.358869
0.354620
0.349791
0.344364
0.338323
0.331650
0.324330
0.316345
0.068973
0.063754
0.059053
0.054859
0.051159
0.047941
0.045195
0.042907
0.041067
0.039661
0.038679
0.038109
0.037940
0.038158
0.038755
0.039716
0.041032
0.042692
0.044682
0.046994
0.049615
0.052535
0.055742
0.059226
0.062975
0.066980
0.071230
0.075713
0.080420
0.085339
0.090461
0.095776
0.101272
0.106940
0.112770
0.118751
0.124873
0.131126
0.137501
0.143986
0.150573
0.157250
0.164009
0.170838
0.177729
0.184670
0.191653
0.198666
0.205699
0.212744
0.219788
0.226822
0.233836
0.240819
0.247760
0.254649
0.261476
0.268229
0.274897
0.281470
0.287936
0.294285
0.300503
0.306581
0.312506
0.318266
0.323850
0.329245
0.334438
0.339418
0.344170
0.348683
0.352944
0.356938
0.360652
0.364073
0.367186
0.369978
0.372434
0.374540
0.376280
0.377640
0.378605
0.379159
0.379286
0.378972
0.378200
0.376953
0.375216
0.372973
0.370206
0.366900
0.363036
0.358599
0.353572
0.347936
0.341676
0.334773
0.327211
0.318973
0.071651
0.066694
0.062244
0.058288
0.054816
0.051815
0.049275
0.047183
0.045528
0.044299
0.043484
0.043073
0.043053
0.043414
0.044144
0.045232
0.046668
0.048439
0.050536
0.052947
0.055661
0.058668
0.061957
0.065518
0.069339
0.073410
0.077722
0.082262
0.087022
0.091991
0.097159
0.102515
0.108050
0.113752
0.119613
0.125623
0.131770
0.138046
0.144441
0.150944
0.157545
0.164235
0.171004
0.177841
0.184738
0.191683
0.198667
0.205679
0.212711
0.219750
0.226789
0.233815
0.240819
0.247790
0.254717
0.261591
0.268401
0.275134
0.281782
0.288332
0.294773
0.301094
0.307283
0.313330
0.319221
0.324945
0.330490
0.335844
0.340993
0.345926
0.350629
0.355089
0.359294
0.363228
0.366879
0.370233
0.373276
0.375993
0.378369
0.380390
0.382041
0.383306
0.384170
0.384618
0.384633
0.384200
0.383301
0.381922
0.380045
0.377653
0.374730
0.371258
0.367221
0.362600
0.357379
0.351540
0.345066
0.337938
0.330139
0.321651
0.074380
0.069685
0.065484
0.061767
0.058521
0.055736
0.053400
0.051503
0.050033
0.048980
0.048332
0.048078
0.048207
0.048708
0.049571
0.050785
0.052338
0.054221
0.056421
0.058930
0.061736
0.064829
0.068198
0.071833
0.075724
0.079860
0.084232
0.088828
0.093639
0.098655
0.103866
0.109261
0.114832
0.120567
0.126457
0.132493
0.138663
0.144960
0.151372
0.157889
0.164503
0.171203
0.177980
0.184823
0.191722
0.198669
0.205652
0.212662
0.219689
0.226722
0.233752
0.240768
0.247760
0.254717
0.261630
0.268487
0.275277
0.281990
0.288615
0.295141
0.301556
0.307849
0.314009
0.320023
0.325880
0.331568
0.337074
0.342387
0.347493
0.352380
0.357034
0.361442
0.365592
0.369468
0.373058
0.376347
0.379320
0.381964
0.384263
0.386202
0.387766
0.388939
0.389706
0.390051
0.389958
0.389409
0.388390
0.386882
0.384869
0.382333
0.379258
0.375626
0.371420
0.366621
0.361211
0.355174
0.348490
0.341142
0.333111
0.324380
0.077160
0.072726
0.068773
0.065292
0.062272
0.059701
0.057570
0.055866
0.054580
0.053701
0.053218
0.053120
0.053396
0.054037
0.055031
0.056368
0.058038
0.060030
0.062333
0.064938
0.067834
0.071010
0.074458
0.078166
0.082124
0.086323
0.090752
0.095401
0.100261
0.105322
0.110573
0.116006
0.121610
0.127375
0.133292
0.139351
0.145542
0.151856
0.158283
0.164813
0.171437
0.178144
0.184926
0.191772
0.198672
0.205618
0.212598
0.219603
0.226623
0.233647
0.240667
0.247671
0.254649
0.261591
0.268487
0.275325
0.282095
0.288786
0.295387
0.301888
0.308276
0.314540
0.320669
0.326651
0.332473
0.338125
0.343593
0.348865
0.353928
0.358769
0.363375
0.367733
0.371829
0.375649
0.379179
0.382404
0.385311
0.387884
0.390108
0.391968
0.393449
0.394534
0.395208
0.395454
0.395255
0.394596
0.393459
0.391827
0.389683
0.387009
0.383787
0.380000
0.375629
0.370657
0.365065
0.358835
0.351948
0.344386
0.336129
0.327160
0.079992
0.075816
0.072110
0.068865
0.066068
0.063710
0.061781
0.060270
0.059166
0.058459
0.058139
0.058195
0.058617
0.059396
0.060519
0.061978
0.063762
0.065861
0.068265
0.070964
0.073947
0.077205
0.080729
0.084507
0.088530
0.092789
0.097274
0.101974
0.106880
0.111983
0.117273
0.122740
0.128375
0.134167
0.140108
0.146188
0.152397
0.158726
0.165165
0.171705
0.178336
0.185048
0.191833
0.198679
0.205578
0.212520
0.219494
0.226492
0.233503
0.240516
0.247523
0.254513
0.261476
0.268401
0.275277
0.282095
0.288843
0.295511
0.302087
0.308561
0.314921
0.321156
0.327254
0.333203
0.338991
0.344606
0.350035
0.355267
0.360288
0.365084
0.369643
0.373952
0.377995
0.381760
0.385233
0.388397
0.391240
0.393745
0.395897
0.397682
0.399082
0.400082
0.400666
0.400818
0.400519
0.399754
0.398504
0.396753
0.394483
0.391675
0.388312
0.384376
0.379847
0.374708
0.368939
0.362522
0.355438
0.347668
0.339192
0.329992
0.082874
0.078955
0.075495
0.072482
0.069908
0.067761
0.066032
0.064711
0.063787
0.063251
0.063092
0.063300
0.063866
0.064780
0.066030
0.067609
0.069505
0.071709
0.074211
0.077001
0.080070
0.083408
0.087004
0.090851
0.094937
0.099253
0.103790
0.108539
0.113489
0.118631
0.123956
0.129455
0.135117
0.140935
0.146897
0.152995
0.159219
0.165560
0.172009
0.178556
0.185191
0.191906
0.198690
0.205534
0.212428
0.219364
0.226330
0.233318
0.240317
0.247318
0.254310
0.261284
0.268229
0.275134
0.281990
0.288786
0.295511
0.302154
0.308704
0.315151
0.321482
0.327686
0.333752
0.339668
0.345421
0.351000
0.356392
0.361583
0.366562
0.371315
0.375828
0.380089
0.384082
0.387794
0.391211
0.394317
0.397097
0.399538
0.401621
0.403334
0.404658
0.405577
0.406076
0.406137
0.405742
0.404876
0.403519
0.401654
0.399263
0.396328
0.392830
0.388750
0.384070
0.378770
0.372831
0.366234
0.358959
0.350987
0.342299
0.332874
0.085808
0.082143
0.078926
0.076144
0.073789
0.071851
0.070321
0.069187
0.068441
0.068073
0.068073
0.068431
0.069139
0.070185
0.071560
0.073256
0.075262
0.077568
0.080166
0.083045
0.086196
0.089610
0.093278
0.097189
0.101335
0.105706
0.110293
0.115087
0.120078
0.125257
0.130615
0.136142
0.141830
0.147668
0.153649
0.159762
0.165998
0.172348
0.178804
0.185355
0.191992
0.198705
0.205487
0.212326
0.219213
0.226140
0.233096
0.240071
0.247057
0.254042
0.261017
0.267972
0.274897
0.281782
0.288615
0.295387
0.302087
0.308704
0.315227
0.321645
0.327947
0.334120
0.340154
0.346036
0.351755
0.357297
0.362651
0.367803
0.372741
0.377451
0.381920
0.386134
0.390079
0.393740
0.397103
0.400153
0.402875
0.405254
0.407273
0.408916
0.410168
0.411011
0.411428
0.411404
0.410919
0.409956
0.408497
0.406525
0.404019
0.400963
0.397336
0.393119
0.388294
0.382840
0.376737
0.369967
0.362509
0.354344
0.345450
0.335808
0.088792
0.085380
0.082402
0.079849
0.077712
0.075980
0.074645
0.073696
0.073126
0.072923
0.073079
0.073585
0.074431
0.075607
0.077105
0.078914
0.081027
0.083433
0.086123
0.089088
0.092320
0.095807
0.099543
0.103516
0.107719
0.112142
0.116776
0.121611
0.126640
0.131852
0.137240
0.142792
0.148502
0.154359
0.160354
0.166479
0.172725
0.179082
0.185540
0.192092
0.198728
0.205438
0.212213
0.219044
0.225922
0.232837
0.239780
0.246740
0.253709
0.260677
0.267632
0.274567
0.281470
0.288332
0.295141
0.301888
0.308561
0.315151
0.321645
0.328034
0.334304
0.340446
0.346447
0.352296
0.357979
0.363486
0.368802
0.373916
0.378814
0.383483
0.387909
0.392078
0.395976
0.399588
0.402901
0.405898
0.408564
0.410884
0.412842
0.414420
0.415604
0.416375
0.416717
0.416611
0.416041
0.414988
0.413434
0.411359
0.408746
0.405574
0.401825
0.397478
0.392515
0.386914
0.380657
0.373721
0.366087
0.357735
0.348644
0.338792
0.091827
0.088665
0.085924
0.083597
0.081674
0.080145
0.079002
0.078236
0.077838
0.077798
0.078107
0.078757
0.079738
0.081042
0.082658
0.084579
0.086795
0.089298
0.092078
0.095126
0.098433
0.101992
0.105791
0.109824
0.114080
0.118552
0.123229
0.128104
0.133167
0.138409
0.143822
0.149397
0.155125
0.160998
0.167005
0.173139
0.179390
0.185749
0.192209
0.198758
0.205389
0.212092
0.218859
0.225679
0.232545
0.239445
0.246372
0.253315
0.260264
0.267211
0.274146
0.281057
0.287936
0.294773
0.301556
0.308276
0.314921
0.321482
0.327947
0.334304
0.340544
0.346653
0.352621
0.358436
0.364085
0.369555
0.374835
0.379911
0.384770
0.389398
0.393783
0.397909
0.401762
0.405329
0.408593
0.411540
0.414154
0.416419
0.418319
0.419838
0.420957
0.421662
0.421932
0.421752
0.421102
0.419965
0.418321
0.416151
0.413436
0.410157
0.406293
0.401824
0.396730
0.390991
0.384585
0.377493
0.369691
0.361161
0.351880
0.341827
0.094914
0.091997
0.089491
0.087386
0.085673
0.084345
0.083391
0.082804
0.082575
0.082694
0.083153
0.083944
0.085057
0.086484
0.088217
0.090245
0.092562
0.095158
0.098024
0.101151
0.104532
0.108157
0.112018
0.116106
0.120412
0.124928
0.129646
0.134556
0.139650
0.144919
0.150355
0.155948
0.161692
0.167575
0.173591
0.179730
0.185984
0.192343
0.198799
0.205343
0.211966
0.218659
0.225414
0.232220
0.239070
0.245953
0.252861
0.259783
0.266711
0.273635
0.280545
0.287432
0.294285
0.301094
0.307849
0.314540
0.321156
0.327686
0.334120
0.340446
0.346653
0.352730
0.358665
0.364445
0.370059
0.375494
0.380737
0.385776
0.390597
0.395187
0.399532
0.403617
0.407428
0.410951
0.414170
0.417070
0.419635
0.421850
0.423696
0.425159
0.426220
0.426862
0.427067
0.426818
0.426095
0.424880
0.423153
0.420895
0.418086
0.414706
0.410735
0.406152
0.400936
0.395066
0.388521
0.381280
0.373320
0.364620
0.355159
0.344914
0.098051
0.095377
0.093101
0.091215
0.089710
0.088578
0.087810
0.087398
0.087334
0.087609
0.088214
0.089142
0.090384
0.091931
0.093776
0.095909
0.098322
0.101007
0.103955
0.107158
0.110609
0.114297
0.118215
0.122355
0.126707
0.131265
0.136019
0.140960
0.146081
0.151373
0.156828
0.162437
0.168191
0.174083
0.180104
0.186244
0.192496
0.198851
0.205301
0.211836
0.218448
0.225128
0.231867
0.238656
0.245487
0.252350
0.259235
0.266135
0.273038
0.279937
0.286820
0.293679
0.300503
0.307283
0.314009
0.320669
0.327254
0.333752
0.340154
0.346447
0.352621
0.358665
0.364565
0.370311
0.375890
0.381290
0.386498
0.391501
0.396285
0.400838
0.405144
0.409190
0.412962
0.416444
0.419621
0.422477
0.424998
0.427165
0.428963
0.430374
0.431382
0.431967
0.432113
0.431801
0.431011
0.429724
0.427922
0.425583
0.422688
0.419216
0.415146
0.410457
0.405128
0.399136
0.392461
0.385080
0.376971
0.368111
0.358479
0.348051
0.101240
0.098804
0.096755
0.095083
0.093781
0.092842
0.092256
0.092015
0.092113
0.092539
0.093287
0.094348
0.095715
0.097378
0.099330
0.101563
0.104069
0.106840
0.109866
0.113142
0.116657
0.120405
0.124376
0.128564
0.132959
0.137553
0.142339
0.147309
0.152453
0.157764
0.163234
0.168854
0.174616
0.180511
0.186533
0.192671
0.198918
0.205266
0.211705
0.218228
0.224825
0.231488
0.238208
0.244977
0.251786
0.258625
0.265485
0.272358
0.279235
0.286105
0.292959
0.299788
0.306581
0.313330
0.320023
0.326651
0.333203
0.339668
0.346036
0.352296
0.358436
0.364445
0.370311
0.376023
0.381567
0.386932
0.392105
0.397073
0.401822
0.406338
0.410609
0.414618
0.418353
0.421796
0.424935
0.427751
0.430230
0.432355
0.434109
0.435474
0.436433
0.436969
0.437061
0.436692
0.435842
0.434492
0.432621
0.430209
0.427236
0.423680
0.419520
0.414735
0.409301
0.403198
0.396402
0.388891
0.380643
0.371633
0.361840
0.351240
0.104479
0.102278
0.100450
0.098989
0.097887
0.097136
0.096727
0.096654
0.096908
0.097482
0.098368
0.099558
0.101045
0.102820
0.104876
0.107205
0.109800
0.112651
0.115752
0.119095
0.122672
0.126474
0.130495
0.134726
0.139159
0.143787
0.148601
0.153593
0.158757
0.164083
0.169563
0.175190
0.180956
0.186852
0.192870
0.199002
0.205240
0.211576
0.218001
0.224507
0.231086
0.237729
0.244427
0.251172
0.257955
0.264767
0.271599
0.278443
0.285289
0.292128
0.298950
0.305746
0.312506
0.319221
0.325880
0.332473
0.338991
0.345421
0.351755
0.357979
0.364085
0.370059
0.375890
0.381567
0.387077
0.392408
0.397546
0.402480
0.407195
0.411677
0.415913
0.419889
0.423588
0.426997
0.430100
0.432880
0.435323
0.437409
0.439124
0.440449
0.441365
0.441856
0.441901
0.441483
0.440580
0.439174
0.437243
0.434767
0.431724
0.428093
0.423853
0.418980
0.413452
0.407247
0.400341
0.392711
0.384333
0.375185
0.365241
0.354479
0.107770
0.105798
0.104188
0.102933
0.102025
0.101457
0.101222
0.101311
0.101718
0.102435
0.103454
0.104769
0.106371
0.108254
0.110409
0.112829
0.115507
0.118436
0.121606
0.125012
0.128645
0.132499
0.136564
0.140834
0.145301
0.149957
0.154795
0.159807
0.164984
0.170321
0.175808
0.181438
0.187202
0.193094
0.199105
0.205227
0.211452
0.217772
0.224179
0.230665
0.237221
0.243840
0.250512
0.257229
0.263983
0.270765
0.277566
0.284377
0.291189
0.297994
0.304781
0.311542
0.318266
0.324945
0.331568
0.338125
0.344606
0.351000
0.357297
0.363486
0.369555
0.375494
0.381290
0.386932
0.392408
0.397705
0.402810
0.407710
0.412392
0.416842
0.421046
0.424989
0.428657
0.432034
0.435105
0.437853
0.440263
0.442316
0.443997
0.445286
0.446167
0.446619
0.446625
0.446164
0.445216
0.443761
0.441779
0.439247
0.436144
0.432448
0.428137
0.423187
0.417576
0.411279
0.404274
0.396536
0.388041
0.378764
0.368682
0.357770
0.111111
0.109364
0.107967
0.106913
0.106195
0.105805
0.105738
0.105985
0.106539
0.107394
0.108542
0.109976
0.111689
0.113674
0.115924
0.118431
0.121188
0.124188
0.127424
0.130888
0.134573
0.138472
0.142577
0.146881
0.151377
0.156057
0.160914
0.165940
0.171128
0.176470
0.181959
0.187587
0.193347
0.199230
0.205229
0.211336
0.217544
0.223844
0.230229
0.236691
0.243221
0.249811
0.256453
0.263139
0.269860
0.276608
0.283374
0.290149
0.296925
0.303692
0.310441
0.317164
0.323850
0.330490
0.337074
0.343593
0.350035
0.356392
0.362651
0.368802
0.374835
0.380737
0.386498
0.392105
0.397546
0.402810
0.407882
0.412750
0.417401
0.421820
0.425994
0.429908
0.433547
0.436895
0.439938
0.442658
0.445040
0.447065
0.448717
0.449977
0.450827
0.451248
0.451221
0.450725
0.449741
0.448247
0.446221
0.443643
0.440490
0.436739
0.432367
0.427351
0.421667
0.415291
0.408198
0.400363
0.391762
0.382370
0.372162
0.361111
0.114504
0.112976
0.111786
0.110928
0.110394
0.110178
0.110273
0.110672
0.111369
0.112357
0.113628
0.115177
0.116995
0.119078
0.121416
0.124005
0.126836
0.129902
0.133198
0.136715
0.140447
0.144387
0.148527
0.152860
0.157380
0.162079
0.166950
0.171986
0.177179
0.182523
0.188009
0.193630
0.199380
0.205250
0.211232
0.217321
0.223507
0.229783
0.236141
0.242574
0.249073
0.255631
0.262239
0.268889
0.275574
0.282284
0.289011
0.295747
0.302483
0.309210
0.315918
0.322600
0.329245
0.335844
0.342387
0.348865
0.355267
0.361583
0.367803
0.373916
0.379911
0.385776
0.391501
0.397073
0.402480
0.407710
0.412750
0.417587
0.422208
0.426598
0.430744
0.434631
0.438244
0.441568
0.444586
0.447282
0.449641
0.451643
0.453272
0.454509
0.455335
0.455732
0.455680
0.455157
0.454144
0.452620
0.450561
0.447946
0.444753
0.440958
0.436537
0.431466
0.425721
0.419277
0.412108
0.404190
0.395496
0.386001
0.375679
0.364504
0.117947
0.116633
0.115645
0.114977
0.114622
0.114573
0.114825
0.115371
0.116205
0.117320
0.118709
0.120366
0.122285
0.124459
0.126882
0.129546
0.132446
0.135574
0.138924
0.142489
0.146262
0.150237
0.154407
0.158765
0.163303
0.168016
0.172896
0.177936
0.183130
0.188469
0.193947
0.199558
0.205292
0.211144
0.217106
0.223170
0.229330
0.235577
0.241904
0.248303
0.254768
0.261289
0.267859
0.274470
0.281114
0.287783
0.294467
0.301160
0.307853
0.314535
0.321200
0.327837
0.334438
0.340993
0.347493
0.353928
0.360288
0.366562
0.372741
0.378814
0.384770
0.390597
0.396285
0.401822
0.407195
0.412392
0.417401
0.422208
0.426800
0.431163
0.435284
0.439147
0.442737
0.446039
0.449036
0.451713
0.454053
0.456038
0.457649
0.458870
0.459680
0.460060
0.459990
0.459449
0.458417
0.456871
0.454789
0.452148
0.448926
0.445097
0.440639
0.435525
0.429732
0.423233
0.416002
0.408013
0.399240
0.389656
0.379234
0.367947
0.121442
0.120335
0.119543
0.119059
0.118877
0.118990
0.119393
0.120080
0.121044
0.122280
0.123782
0.125542
0.127555
0.129815
0.132316
0.135050
0.138012
0.141196
0.144595
0.148202
0.152011
0.156016
0.160210
0.164587
0.169139
0.173860
0.178744
0.183783
0.188971
0.194302
0.199767
0.205360
0.211075
0.216904
0.222839
0.228875
0.235003
0.241217
0.247508
0.253870
0.260294
0.266774
0.273302
0.279869
0.286468
0.293091
0.299730
0.306376
0.313021
0.319657
0.326274
0.332864
0.339418
0.345926
0.352380
0.358769
0.365084
0.371315
0.377451
0.383483
0.389398
0.395187
0.400838
0.406338
0.411677
0.416842
0.421820
0.426598
0.431163
0.435502
0.439599
0.443440
0.447010
0.450294
0.453275
0.455938
0.458264
0.460237
0.461837
0.463048
0.463848
0.464219
0.464140
0.463590
0.462547
0.460990
0.458895
0.456240
0.452999
0.449150
0.444666
0.439523
0.433694
0.427153
0.419874
0.411829
0.402991
0.393332
0.382825
0.371442
0.124987
0.124082
0.123480
0.123173
0.123157
0.123426
0.123974
0.124795
0.125885
0.127236
0.128842
0.130700
0.132801
0.135141
0.137713
0.140512
0.143531
0.146764
0.150206
0.153850
0.157689
0.161718
0.165930
0.170320
0.174879
0.179604
0.184485
0.189518
0.194696
0.200011
0.205458
0.211030
0.216719
0.222519
0.228424
0.234425
0.240517
0.246692
0.252942
0.259262
0.265642
0.272076
0.278557
0.285076
0.291626
0.298199
0.304787
0.311383
0.317977
0.324561
0.331127
0.337667
0.344170
0.350629
0.357034
0.363375
0.369643
0.375828
0.381920
0.387909
0.393783
0.399532
0.405144
0.410609
0.415913
0.421046
0.425994
0.430744
0.435284
0.439599
0.443675
0.447497
0.451051
0.454320
0.457289
0.459942
0.462260
0.464226
0.465822
0.467029
0.467827
0.468197
0.468118
0.467568
0.466525
0.464967
0.462870
0.460211
0.456965
0.453107
0.448611
0.443451
0.437601
0.431034
0.423721
0.415634
0.406747
0.397029
0.386452
0.374987
0.128584
0.127874
0.127454
0.127318
0.127462
0.127880
0.128566
0.129515
0.130722
0.132182
0.133888
0.135836
0.138019
0.140432
0.143070
0.145927
0.148996
0.152273
0.155751
0.159425
0.163288
0.167335
0.171560
0.175956
0.180518
0.185239
0.190113
0.195133
0.200294
0.205590
0.211012
0.216556
0.222215
0.227981
0.233849
0.239812
0.245862
0.251992
0.258197
0.264469
0.270800
0.277184
0.283612
0.290079
0.296575
0.303094
0.309628
0.316168
0.322707
0.329236
0.335748
0.342233
0.348683
0.355089
0.361442
0.367733
0.373952
0.380089
0.386134
0.392078
0.397909
0.403617
0.409190
0.414618
0.419889
0.424989
0.429908
0.434631
0.439147
0.443440
0.447497
0.451303
0.454844
0.458103
0.461064
0.463711
0.466026
0.467992
0.469590
0.470801
0.471605
0.471982
0.471911
0.471370
0.470337
0.468789
0.466702
0.464051
0.460812
0.456959
0.452465
0.447304
0.441447
0.434868
0.427537
0.419425
0.410503
0.400743
0.390113
0.378584
0.132231
0.131709
0.131465
0.131493
0.131790
0.132349
0.133167
0.134237
0.135555
0.137116
0.138915
0.140946
0.143204
0.145684
0.148381
0.151289
0.154402
0.157716
0.161224
0.164922
0.168803
0.172862
0.177092
0.181489
0.186046
0.190758
0.195618
0.200620
0.205759
0.211028
0.216421
0.221931
0.227553
0.233280
0.239106
0.245023
0.251026
0.257108
0.263261
0.269480
0.275757
0.282085
0.288457
0.294866
0.301304
0.307764
0.314238
0.320720
0.327199
0.333670
0.340123
0.346551
0.352944
0.359294
0.365592
0.371829
0.377995
0.384082
0.390079
0.395976
0.401762
0.407428
0.412962
0.418353
0.423588
0.428657
0.433547
0.438244
0.442737
0.447010
0.451051
0.454844
0.458374
0.461626
0.464584
0.467230
0.469548
0.471520
0.473126
0.474348
0.475166
0.475559
0.475506
0.474985
0.473973
0.472446
0.470380
0.467751
0.464532
0.460698
0.456220
0.451072
0.445225
0.438649
0.431317
0.423197
0.414259
0.404473
0.393807
0.382231
0.135930
0.135588
0.135512
0.135697
0.136139
0.136833
0.137774
0.138958
0.140381
0.142036
0.143920
0.146027
0.148353
0.150893
0.153642
0.156594
0.159744
0.163088
0.166620
0.170334
0.174226
0.178290
0.182520
0.186911
0.191457
0.196153
0.200993
0.205971
0.211081
0.216318
0.221674
0.227146
0.232725
0.238407
0.244184
0.250051
0.256001
0.262028
0.268124
0.274285
0.280502
0.286769
0.293079
0.299425
0.305800
0.312197
0.318608
0.325025
0.331441
0.337849
0.344240
0.350605
0.356938
0.363228
0.369468
0.375649
0.381760
0.387794
0.393740
0.399588
0.405329
0.410951
0.416444
0.421796
0.426997
0.432034
0.436895
0.441568
0.446039
0.450294
0.454320
0.458103
0.461626
0.464875
0.467833
0.470484
0.472811
0.474794
0.476416
0.477657
0.478497
0.478915
0.478889
0.478398
0.477417
0.475924
0.473893
0.471298
0.468114
0.464312
0.459867
0.454748
0.448926
0.442372
0.435056
0.426945
0.418009
0.408216
0.397534
0.385930
0.139680
0.139510
0.139594
0.139928
0.140508
0.141329
0.142386
0.143677
0.145195
0.146938
0.148899
0.151075
0.153462
0.156054
0.158847
0.161836
0.165017
0.168384
0.171932
0.175656
0.179552
0.183614
0.187837
0.192215
0.196744
0.201417
0.206230
0.211177
0.216252
0.221450
0.226764
0.232190
0.237720
0.243350
0.249074
0.254884
0.260775
0.266741
0.272776
0.278872
0.285024
0.291225
0.297468
0.303746
0.310053
0.316381
0.322723
0.329072
0.335420
0.341760
0.348084
0.354384
0.360652
0.366879
0.373058
0.379179
0.385233
0.391211
0.397103
0.402901
0.408593
0.414170
0.419621
0.424935
0.430100
0.435105
0.439938
0.444586
0.449036
0.453275
0.457289
0.461064
0.464584
0.467833
0.470797
0.473458
0.475798
0.477799
0.479444
0.480711
0.481582
0.482034
0.482046
0.481595
0.480658
0.479210
0.477226
0.474680
0.471545
0.467793
0.463395
0.458322
0.452544
0.446030
0.438747
0.430665
0.421751
0.411970
0.401291
0.389680
0.143480
0.143475
0.143712
0.144187
0.144896
0.145835
0.147001
0.148389
0.149996
0.151817
0.153849
0.156086
0.158526
0.161163
0.163993
0.167011
0.170214
0.173596
0.177154
0.180881
0.184773
0.188826
0.193035
0.197393
0.201898
0.206542
0.211321
0.216230
0.221263
0.226416
0.231681
0.237054
0.242530
0.248102
0.253765
0.259512
0.265339
0.271238
0.277204
0.283231
0.289312
0.295440
0.301611
0.307816
0.314049
0.320303
0.326571
0.332847
0.339123
0.345391
0.351644
0.357874
0.364073
0.370233
0.376347
0.382404
0.388397
0.394317
0.400153
0.405898
0.411540
0.417070
0.422477
0.427751
0.432880
0.437853
0.442658
0.447282
0.451713
0.455938
0.459942
0.463711
0.467230
0.470484
0.473458
0.476133
0.478493
0.480519
0.482193
0.483495
0.484404
0.484900
0.484960
0.484561
0.483679
0.482290
0.480367
0.477885
0.474814
0.471127
0.466795
0.461786
0.456069
0.449614
0.442386
0.434353
0.425480
0.415734
0.405079
0.393480
0.147332
0.147483
0.147863
0.148470
0.149300
0.150350
0.151616
0.153094
0.154781
0.156673
0.158766
0.161056
0.163541
0.166214
0.169073
0.172114
0.175331
0.178721
0.182280
0.186002
0.189884
0.193920
0.198107
0.202439
0.206911
0.211519
0.216258
0.221122
0.226106
0.231206
0.236416
0.241730
0.247144
0.252652
0.258247
0.263926
0.269681
0.275507
0.281399
0.287350
0.293353
0.299404
0.305496
0.311622
0.317776
0.323951
0.330141
0.336338
0.342536
0.348727
0.354904
0.361060
0.367186
0.373276
0.379320
0.385311
0.391240
0.397097
0.402875
0.408564
0.414154
0.419635
0.424998
0.430230
0.435323
0.440263
0.445040
0.449641
0.454053
0.458264
0.462260
0.466026
0.469548
0.472811
0.475798
0.478493
0.480878
0.482935
0.484646
0.485991
0.486948
0.487497
0.487616
0.487280
0.486467
0.485149
0.483302
0.480898
0.477908
0.474304
0.470054
0.465128
0.459493
0.453116
0.445964
0.438001
0.429192
0.419502
0.408894
0.397332
0.151235
0.151532
0.152048
0.152778
0.153720
0.154872
0.156228
0.157788
0.159546
0.161500
0.163646
0.165981
0.168502
0.171204
0.174084
0.177138
0.180362
0.183752
0.187304
0.191013
0.194877
0.198889
0.203046
0.207344
0.211777
0.216341
0.221032
0.225844
0.230772
0.235813
0.240960
0.246208
0.251553
0.256989
0.262511
0.268114
0.273791
0.279538
0.285349
0.291217
0.297138
0.303105
0.309112
0.315154
0.321223
0.327313
0.333418
0.339532
0.345647
0.351756
0.357853
0.363929
0.369978
0.375993
0.381964
0.387884
0.393745
0.399538
0.405254
0.410884
0.416419
0.421850
0.427165
0.432355
0.437409
0.442316
0.447065
0.451643
0.456038
0.460237
0.464226
0.467992
0.471520
0.474794
0.477799
0.480519
0.482935
0.485030
0.486786
0.488181
0.489195
0.489808
0.489996
0.489736
0.489003
0.487772
0.486015
0.483705
0.480813
0.477309
0.473161
0.468338
0.462805
0.456529
0.449474
0.441605
0.432884
0.423274
0.412737
0.401235
0.155188
0.155623
0.156265
0.157109
0.158154
0.159398
0.160836
0.162468
0.164288
0.166295
0.168486
0.170857
0.173405
0.176127
0.179019
0.182078
0.185300
0.188682
0.192219
0.195908
0.199745
0.203726
0.207845
0.212101
0.216487
0.221000
0.225635
0.230387
0.235252
0.240226
0.245303
0.250478
0.255747
0.261105
0.266546
0.272066
0.277659
0.283320
0.289043
0.294823
0.300654
0.306531
0.312447
0.318398
0.324376
0.330376
0.336391
0.342415
0.348441
0.354464
0.360475
0.366467
0.372434
0.378369
0.384263
0.390108
0.395897
0.401621
0.407273
0.412842
0.418319
0.423696
0.428963
0.434109
0.439124
0.443997
0.448717
0.453272
0.457649
0.461837
0.465822
0.469590
0.473126
0.476416
0.479444
0.482193
0.484646
0.486786
0.488592
0.490046
0.491128
0.491814
0.492083
0.491910
0.491271
0.490140
0.488489
0.486290
0.483514
0.480129
0.476103
0.471404
0.465995
0.459843
0.452909
0.445157
0.436549
0.427044
0.416604
0.405188
0.159193
0.159756
0.160513
0.161462
0.162601
0.163927
0.165438
0.167131
0.169005
0.171056
0.173281
0.175679
0.178246
0.180979
0.183874
0.186930
0.190142
0.193506
0.197020
0.200680
0.204482
0.208422
0.212497
0.216702
0.221033
0.225487
0.230058
0.234743
0.239537
0.244437
0.249436
0.254531
0.259717
0.264989
0.270342
0.275772
0.281273
0.286841
0.292470
0.298154
0.303889
0.309669
0.315488
0.321342
0.327223
0.333126
0.339045
0.344974
0.350907
0.356836
0.362756
0.368660
0.374540
0.380390
0.386202
0.391968
0.397682
0.403334
0.408916
0.414420
0.419838
0.425159
0.430374
0.435474
0.440449
0.445286
0.449977
0.454509
0.458870
0.463048
0.467029
0.470801
0.474348
0.477657
0.480711
0.483495
0.485991
0.488181
0.490046
0.491568
0.492725
0.493495
0.493856
0.493783
0.493252
0.492236
0.490707
0.488637
0.485995
0.482749
0.478866
0.474312
0.469051
0.463047
0.456260
0.448652
0.440182
0.430810
0.420495
0.409193
0.163249
0.163929
0.164792
0.165835
0.167057
0.168456
0.170029
0.171775
0.173692
0.175777
0.178029
0.180444
0.183020
0.185754
0.188644
0.191687
0.194879
0.198218
0.201700
0.205322
0.209081
0.212972
0.216993
0.221140
0.225408
0.229794
0.234294
0.238904
0.243619
0.248436
0.253350
0.258357
0.263452
0.268631
0.273889
0.279221
0.284624
0.290091
0.295618
0.301200
0.306832
0.312508
0.318224
0.323973
0.329751
0.335551
0.341368
0.347196
0.353028
0.358860
0.364683
0.370492
0.376280
0.382041
0.387766
0.393449
0.399082
0.404658
0.410168
0.415604
0.420957
0.426220
0.431382
0.436433
0.441365
0.446167
0.450827
0.455335
0.459680
0.463848
0.467827
0.471605
0.475166
0.478497
0.481582
0.484404
0.486948
0.489195
0.491128
0.492725
0.493967
0.494831
0.495296
0.495336
0.494927
0.494041
0.492651
0.490727
0.488239
0.485152
0.481435
0.477050
0.471961
0.466130
0.459516
0.452080
0.443778
0.434568
0.424406
0.413249
0.167355
0.168143
0.169101
0.170228
0.171523
0.172984
0.174609
0.176398
0.178347
0.180457
0.182724
0.185146
0.187722
0.190448
0.193323
0.196344
0.199507
0.202811
0.206253
0.209828
0.213534
0.217369
0.221327
0.225406
0.229603
0.233913
0.238333
0.242859
0.247488
0.252214
0.257035
0.261946
0.266942
0.272020
0.277175
0.282403
0.287699
0.293058
0.298477
0.303949
0.309470
0.315036
0.320641
0.326280
0.331947
0.337638
0.343346
0.349066
0.354793
0.360520
0.366241
0.371950
0.377640
0.383306
0.388939
0.394534
0.400082
0.405577
0.411011
0.416375
0.421662
0.426862
0.431967
0.436969
0.441856
0.446619
0.451248
0.455732
0.460060
0.464219
0.468197
0.471982
0.475559
0.478915
0.482034
0.484900
0.487497
0.489808
0.491814
0.493495
0.494831
0.495801
0.496381
0.496547
0.496274
0.495534
0.494300
0.492541
0.490226
0.487321
0.483792
0.479601
0.474710
0.469080
0.462669
0.455433
0.447330
0.438313
0.428337
0.417355
0.171513
0.172397
0.173439
0.174639
0.175995
0.177507
0.179174
0.180994
0.182967
0.185090
0.187362
0.189782
0.192347
0.195056
0.197906
0.200895
0.204020
0.207280
0.210671
0.214190
0.217835
0.221603
0.225490
0.229494
0.233610
0.237836
0.242167
0.246602
0.251135
0.255763
0.260482
0.265288
0.270178
0.275147
0.280191
0.285306
0.290488
0.295732
0.301034
0.306389
0.311793
0.317241
0.322727
0.328248
0.333799
0.339373
0.344966
0.350572
0.356186
0.361802
0.367415
0.373018
0.378605
0.384170
0.389706
0.395208
0.400666
0.406076
0.411428
0.416717
0.421932
0.427067
0.432113
0.437061
0.441901
0.446625
0.451221
0.455680
0.459990
0.464140
0.468118
0.471911
0.475506
0.478889
0.482046
0.484960
0.487616
0.489996
0.492083
0.493856
0.495296
0.496381
0.497088
0.497393
0.497271
0.496694
0.495633
0.494059
0.491938
0.489237
0.485920
0.481949
0.477284
0.471884
0.465705
0.458703
0.450830
0.442041
0.432285
0.421513
0.175722
0.176690
0.177805
0.179066
0.180473
0.182025
0.183722
0.185563
0.187547
0.189673
0.191940
0.194346
0.196890
0.199571
0.202386
0.205334
0.208411
0.211617
0.214948
0.218402
0.221977
0.225669
0.229476
0.233394
0.237421
0.241553
0.245788
0.250122
0.254550
0.259071
0.263680
0.268374
0.273149
0.278001
0.282926
0.287920
0.292980
0.298100
0.303278
0.308508
0.313787
0.319109
0.324470
0.329866
0.335292
0.340743
0.346214
0.351699
0.357194
0.362693
0.368191
0.373681
0.379159
0.384618
0.390051
0.395454
0.400818
0.406137
0.411404
0.416611
0.421752
0.426818
0.431801
0.436692
0.441483
0.446164
0.450725
0.455157
0.459449
0.463590
0.467568
0.471370
0.474985
0.478398
0.481595
0.484561
0.487280
0.489736
0.491910
0.493783
0.495336
0.496547
0.497393
0.497851
0.497894
0.497495
0.496627
0.495256
0.493352
0.490878
0.487799
0.484075
0.479665
0.474526
0.468612
0.461877
0.454271
0.445745
0.436246
0.425722
0.179982
0.181022
0.182198
0.183508
0.184953
0.186534
0.188249
0.190099
0.192083
0.194201
0.196452
0.198834
0.201347
0.203989
0.206759
0.209655
0.212674
0.215816
0.219078
0.222457
0.225951
0.229558
0.233275
0.237099
0.241028
0.245058
0.249186
0.253410
0.257726
0.262131
0.266621
0.271194
0.275845
0.280571
0.285368
0.290234
0.295163
0.300152
0.305197
0.310295
0.315440
0.320629
0.325857
0.331121
0.336415
0.341735
0.347076
0.352433
0.357802
0.363177
0.368553
0.373925
0.379286
0.384633
0.389958
0.395255
0.400519
0.405742
0.410919
0.416041
0.421102
0.426095
0.431011
0.435842
0.440580
0.445216
0.449741
0.454144
0.458417
0.462547
0.466525
0.470337
0.473973
0.477417
0.480658
0.483679
0.486467
0.489003
0.491271
0.493252
0.494927
0.496274
0.497271
0.497894
0.498118
0.497915
0.497256
0.496110
0.494444
0.492223
0.489408
0.485960
0.481836
0.476991
0.471377
0.464945
0.457644
0.449420
0.440217
0.429982
0.184292
0.185393
0.186616
0.187963
0.189435
0.191031
0.192753
0.194600
0.196573
0.198671
0.200894
0.203241
0.205712
0.208305
0.211019
0.213852
0.216803
0.219871
0.223053
0.226347
0.229751
0.233263
0.236881
0.240601
0.244422
0.248340
0.252353
0.256458
0.260652
0.264932
0.269294
0.273737
0.278255
0.282847
0.287509
0.292236
0.297027
0.301876
0.306780
0.311737
0.316741
0.321788
0.326875
0.331998
0.337153
0.342334
0.347538
0.352760
0.357995
0.363239
0.368486
0.373733
0.378972
0.384200
0.389409
0.394596
0.399754
0.404876
0.409956
0.414988
0.419965
0.424880
0.429724
0.434492
0.439174
0.443761
0.448247
0.452620
0.456871
0.460990
0.464967
0.468789
0.472446
0.475924
0.479210
0.482290
0.485149
0.487772
0.490140
0.492236
0.494041
0.495534
0.496694
0.497495
0.497915
0.497924
0.497494
0.496594
0.495189
0.493245
0.490723
0.487581
0.483775
0.479259
0.473982
0.467894
0.460938
0.453058
0.444196
0.434292
0.188654
0.189801
0.191060
0.192430
0.193915
0.195515
0.197231
0.199063
0.201012
0.203078
0.205262
0.207562
0.209979
0.212511
0.215158
0.217919
0.220791
0.223774
0.226866
0.230065
0.233369
0.236776
0.240284
0.243891
0.247594
0.251391
0.255279
0.259256
0.263318
0.267464
0.271690
0.275993
0.280370
0.284819
0.289335
0.293916
0.298559
0.303260
0.308015
0.312822
0.317676
0.322574
0.327512
0.332486
0.337492
0.342527
0.347586
0.352665
0.357759
0.362865
0.367976
0.373090
0.378200
0.383301
0.388390
0.393459
0.398504
0.403519
0.408497
0.413434
0.418321
0.423153
0.427922
0.432621
0.437243
0.441779
0.446221
0.450561
0.454789
0.458895
0.462870
0.466702
0.470380
0.473893
0.477226
0.480367
0.483302
0.486015
0.488489
0.490707
0.492651
0.494300
0.495633
0.496627
0.497256
0.497494
0.497312
0.496678
0.495559
0.493919
0.491718
0.488913
0.485461
0.481310
0.476411
0.470707
0.464141
0.456652
0.448178
0.438654
0.193067
0.194247
0.195526
0.196907
0.198392
0.199982
0.201678
0.203482
0.205395
0.207418
0.209550
0.211792
0.214143
0.216604
0.219172
0.221849
0.224631
0.227519
0.230510
0.233604
0.236797
0.240089
0.243478
0.246962
0.250537
0.254203
0.257956
0.261795
0.265717
0.269718
0.273798
0.277952
0.282179
0.286475
0.290837
0.295263
0.299749
0.304292
0.308889
0.313538
0.318233
0.322973
0.327753
0.332570
0.337421
0.342301
0.347207
0.352134
0.357080
0.362039
0.367007
0.371980
0.376953
0.381922
0.386882
0.391827
0.396753
0.401654
0.406525
0.411359
0.416151
0.420895
0.425583
0.430209
0.434767
0.439247
0.443643
0.447946
0.452148
0.456240
0.460211
0.464051
0.467751
0.471298
0.474680
0.477885
0.480898
0.483705
0.486290
0.488637
0.490727
0.492541
0.494059
0.495256
0.496110
0.496594
0.496678
0.496332
0.495523
0.494213
0.492363
0.489930
0.486866
0.483121
0.478642
0.473369
0.467241
0.460193
0.452159
0.443067
0.197531
0.198729
0.200015
0.201392
0.202862
0.204428
0.206092
0.207855
0.209719
0.211684
0.213753
0.215924
0.218198
0.220575
0.223054
0.225635
0.228317
0.231098
0.233978
0.236955
0.240028
0.243195
0.246454
0.249803
0.253241
0.256766
0.260375
0.264066
0.267837
0.271685
0.275609
0.279605
0.283671
0.287805
0.292004
0.296265
0.300585
0.304961
0.309391
0.313872
0.318400
0.322973
0.327586
0.332238
0.336924
0.341640
0.346385
0.351153
0.355941
0.360746
0.365563
0.370388
0.375216
0.380045
0.384869
0.389683
0.394483
0.399263
0.404019
0.408746
0.413436
0.418086
0.422688
0.427236
0.431724
0.436144
0.440490
0.444753
0.448926
0.452999
0.456965
0.460812
0.464532
0.468114
0.471545
0.474814
0.477908
0.480813
0.483514
0.485995
0.488239
0.490226
0.491938
0.493352
0.494444
0.495189
0.495559
0.495523
0.495047
0.494096
0.492628
0.490599
0.487963
0.484666
0.480652
0.475859
0.470222
0.463670
0.456132
0.447531
0.202046
0.203247
0.204525
0.205882
0.207323
0.208851
0.210468
0.212176
0.213977
0.215873
0.217865
0.219953
0.222138
0.224419
0.226797
0.229271
0.231841
0.234505
0.237262
0.240112
0.243053
0.246084
0.249203
0.252408
0.255699
0.259072
0.262526
0.266059
0.269669
0.273354
0.277112
0.280940
0.284836
0.288798
0.292824
0.296910
0.301055
0.305255
0.309509
0.313813
0.318164
0.322560
0.326998
0.331475
0.335987
0.340532
0.345106
0.349706
0.354329
0.358971
0.363628
0.368297
0.372973
0.377653
0.382333
0.387009
0.391675
0.396328
0.400963
0.405574
0.410157
0.414706
0.419216
0.423680
0.428093
0.432448
0.436739
0.440958
0.445097
0.449150
0.453107
0.456959
0.460698
0.464312
0.467793
0.471127
0.474304
0.477309
0.480129
0.482749
0.485152
0.487321
0.489237
0.490878
0.492223
0.493245
0.493919
0.494213
0.494096
0.493530
0.492475
0.490888
0.488719
0.485914
0.482414
0.478155
0.473065
0.467071
0.460092
0.452046
0.206612
0.207800
0.209053
0.210376
0.211772
0.213247
0.214802
0.216441
0.218166
0.219979
0.221881
0.223873
0.225956
0.228130
0.230395
0.232750
0.235196
0.237731
0.240355
0.243067
0.245866
0.248749
0.251717
0.254768
0.257900
0.261111
0.264400
0.267764
0.271204
0.274715
0.278297
0.281947
0.285663
0.289444
0.293286
0.297188
0.301148
0.305162
0.309230
0.313347
0.317513
0.321723
0.325976
0.330268
0.334598
0.338962
0.343357
0.347780
0.352228
0.356698
0.361187
0.365691
0.370206
0.374730
0.379258
0.383787
0.388312
0.392830
0.397336
0.401825
0.406293
0.410735
0.415146
0.419520
0.423853
0.428137
0.432367
0.436537
0.440639
0.444666
0.448611
0.452465
0.456220
0.459867
0.463395
0.466795
0.470054
0.473161
0.476103
0.478866
0.481435
0.483792
0.485920
0.487799
0.489408
0.490723
0.491718
0.492363
0.492628
0.492475
0.491866
0.490756
0.489096
0.486830
0.483897
0.480229
0.475750
0.470380
0.464031
0.456612
0.211228
0.212386
0.213598
0.214869
0.216205
0.217611
0.219089
0.220645
0.222279
0.223996
0.225795
0.227678
0.229646
0.231700
0.233840
0.236065
0.238375
0.240770
0.243249
0.245812
0.248456
0.251182
0.253988
0.256873
0.259836
0.262874
0.265987
0.269173
0.272431
0.275758
0.279154
0.282616
0.286142
0.289730
0.293380
0.297087
0.300852
0.304671
0.308542
0.312463
0.316433
0.320447
0.324506
0.328605
0.332742
0.336915
0.341121
0.345358
0.349623
0.353912
0.358223
0.362554
0.366900
0.371258
0.375626
0.380000
0.384376
0.388750
0.393119
0.397478
0.401824
0.406152
0.410457
0.414735
0.418980
0.423187
0.427351
0.431466
0.435525
0.439523
0.443451
0.447304
0.451072
0.454748
0.458322
0.461786
0.465128
0.468338
0.471404
0.474312
0.477050
0.479601
0.481949
0.484075
0.485960
0.487581
0.488913
0.489930
0.490599
0.490888
0.490756
0.490161
0.489053
0.487375
0.485064
0.482050
0.478251
0.473580
0.467939
0.461228
0.215896
0.217006
0.218158
0.219360
0.220619
0.221939
0.223325
0.224782
0.226311
0.227917
0.229599
0.231361
0.233202
0.235123
0.237125
0.239208
0.241371
0.243614
0.245936
0.248338
0.250817
0.253374
0.256007
0.258715
0.261498
0.264353
0.267279
0.270276
0.273341
0.276474
0.279673
0.282935
0.286261
0.289647
0.293093
0.296596
0.300155
0.303768
0.307433
0.311148
0.314911
0.318720
0.322574
0.326469
0.330405
0.334377
0.338385
0.342426
0.346498
0.350597
0.354722
0.358869
0.363036
0.367221
0.371420
0.375629
0.379847
0.384070
0.388294
0.392515
0.396730
0.400936
0.405128
0.409301
0.413452
0.417576
0.421667
0.425721
0.429732
0.433694
0.437601
0.441447
0.445225
0.448926
0.452544
0.456069
0.459493
0.462805
0.465995
0.469051
0.471961
0.474710
0.477284
0.479665
0.481836
0.483775
0.485461
0.486866
0.487963
0.488719
0.489096
0.489053
0.488540
0.487501
0.485872
0.483579
0.480536
0.476647
0.471806
0.465896
0.220615
0.221656
0.222730
0.223844
0.225007
0.226225
0.227503
0.228845
0.230255
0.231735
0.233288
0.234914
0.236615
0.238391
0.240243
0.242171
0.244175
0.246254
0.248408
0.250637
0.252940
0.255317
0.257765
0.260286
0.262877
0.265537
0.268266
0.271062
0.273925
0.276852
0.279843
0.282896
0.286010
0.289183
0.292415
0.295703
0.299045
0.302442
0.305890
0.309388
0.312935
0.316529
0.320167
0.323849
0.327572
0.331334
0.335134
0.338969
0.342838
0.346737
0.350665
0.354620
0.358599
0.362600
0.366621
0.370657
0.374708
0.378770
0.382840
0.386914
0.390991
0.395066
0.399136
0.403198
0.407247
0.411279
0.415291
0.419277
0.423233
0.427153
0.431034
0.434868
0.438649
0.442372
0.446030
0.449614
0.453116
0.456529
0.459843
0.463047
0.466130
0.469080
0.471884
0.474526
0.476991
0.479259
0.481310
0.483121
0.484666
0.485914
0.486830
0.487375
0.487501
0.487154
0.486268
0.484769
0.482566
0.479554
0.475615
0.470615
0.225385
0.226336
0.227310
0.228317
0.229366
0.230464
0.231616
0.232829
0.234104
0.235445
0.236854
0.238331
0.239879
0.241497
0.243186
0.244947
0.246779
0.248683
0.250657
0.252702
0.254817
0.257001
0.259254
0.261575
0.263964
0.266418
0.268938
0.271523
0.274171
0.276882
0.279654
0.282486
0.285378
0.288327
0.291334
0.294395
0.297512
0.300681
0.303901
0.307172
0.310492
0.313859
0.317273
0.320730
0.324230
0.327772
0.331353
0.334972
0.338627
0.342317
0.346038
0.349791
0.353572
0.357379
0.361211
0.365065
0.368939
0.372831
0.376737
0.380657
0.384585
0.388521
0.392461
0.396402
0.400341
0.404274
0.408198
0.412108
0.416002
0.419874
0.423721
0.427537
0.431317
0.435056
0.438747
0.442386
0.445964
0.449474
0.452909
0.456260
0.459516
0.462669
0.465705
0.468612
0.471377
0.473982
0.476411
0.478642
0.480652
0.482414
0.483897
0.485064
0.485872
0.486268
0.486190
0.485562
0.484291
0.482264
0.479347
0.475385
0.230206
0.231044
0.231895
0.232772
0.233687
0.234647
0.235658
0.236725
0.237850
0.239038
0.240288
0.241604
0.242985
0.244433
0.245947
0.247528
0.249177
0.250892
0.252675
0.254524
0.256438
0.258419
0.260465
0.262575
0.264749
0.266986
0.269286
0.271648
0.274071
0.276553
0.279095
0.281696
0.284354
0.287068
0.289838
0.292663
0.295541
0.298472
0.301454
0.304487
0.307569
0.310699
0.313876
0.317098
0.320365
0.323675
0.327027
0.330419
0.333851
0.337319
0.340824
0.344364
0.347936
0.351540
0.355174
0.358835
0.362522
0.366234
0.369967
0.373721
0.377493
0.381280
0.385080
0.388891
0.392711
0.396536
0.400363
0.404190
0.408013
0.411829
0.415634
0.419425
0.423197
0.426945
0.430665
0.434353
0.438001
0.441605
0.445157
0.448652
0.452080
0.455433
0.458703
0.461877
0.464945
0.467894
0.470707
0.473369
0.475859
0.478155
0.480229
0.482050
0.483579
0.484769
0.485562
0.485886
0.485646
0.484726
0.482974
0.480206
0.235078
0.235774
0.236477
0.237203
0.237964
0.238767
0.239619
0.240524
0.241486
0.242505
0.243584
0.244724
0.245926
0.247190
0.248517
0.249906
0.251359
0.252875
0.254453
0.256094
0.257797
0.259562
0.261388
0.263276
0.265224
0.267232
0.269300
0.271427
0.273613
0.275856
0.278157
0.280514
0.282927
0.285395
0.287918
0.290494
0.293123
0.295804
0.298537
0.301320
0.304152
0.307034
0.309963
0.312940
0.315962
0.319030
0.322141
0.325296
0.328492
0.331730
0.335007
0.338323
0.341676
0.345066
0.348490
0.351948
0.355438
0.358959
0.362509
0.366087
0.369691
0.373320
0.376971
0.380643
0.384333
0.388041
0.391762
0.395496
0.399240
0.402991
0.406747
0.410503
0.414259
0.418009
0.421751
0.425480
0.429192
0.432884
0.436549
0.440182
0.443778
0.447330
0.450830
0.454271
0.457644
0.460938
0.464141
0.467241
0.470222
0.473065
0.475750
0.478251
0.480536
0.482566
0.484291
0.485646
0.486545
0.486869
0.486454
0.485078
0.240001
0.240523
0.241049
0.241599
0.242185
0.242814
0.243490
0.244219
0.245001
0.245838
0.246732
0.247684
0.248693
0.249761
0.250888
0.252073
0.253318
0.254621
0.255983
0.257403
0.258883
0.260420
0.262015
0.263668
0.265379
0.267147
0.268971
0.270852
0.272788
0.274781
0.276828
0.278930
0.281086
0.283296
0.285560
0.287876
0.290244
0.292664
0.295136
0.297657
0.300230
0.302851
0.305522
0.308240
0.311007
0.313820
0.316680
0.319586
0.322536
0.325531
0.328569
0.331650
0.334773
0.337938
0.341142
0.344386
0.347668
0.350987
0.354344
0.357735
0.361161
0.364620
0.368111
0.371633
0.375185
0.378764
0.382370
0.386001
0.389656
0.393332
0.397029
0.400743
0.404473
0.408216
0.411970
0.415734
0.419502
0.423274
0.427044
0.430810
0.434568
0.438313
0.442041
0.445745
0.449420
0.453058
0.456652
0.460193
0.463670
0.467071
0.470380
0.473580
0.476647
0.479554
0.482264
0.484726
0.486869
0.488588
0.489719
0.490001
0.244975
0.245280
0.245598
0.245947
0.246338
0.246775
0.247261
0.247798
0.248387
0.249029
0.249724
0.250474
0.251279
0.252138
0.253051
0.254020
0.255044
0.256123
0.257256
0.258444
0.259688
0.260985
0.262338
0.263744
0.265205
0.266720
0.268289
0.269911
0.271587
0.273316
0.275098
0.276933
0.278821
0.280761
0.282753
0.284797
0.286893
0.289040
0.291238
0.293488
0.295787
0.298137
0.300537
0.302986
0.305485
0.308033
0.310630
0.313274
0.315967
0.318708
0.321496
0.324330
0.327211
0.330139
0.333111
0.336129
0.339192
0.342299
0.345450
0.348644
0.351880
0.355159
0.358479
0.361840
0.365241
0.368682
0.372162
0.375679
0.379234
0.382825
0.386452
0.390113
0.393807
0.397534
0.401291
0.405079
0.408894
0.412737
0.416604
0.420495
0.424406
0.428337
0.432285
0.436246
0.440217
0.444196
0.448178
0.452159
0.456132
0.460092
0.464031
0.467939
0.471806
0.475615
0.479347
0.482974
0.486454
0.489719
0.492647
0.494975
0.250000
0.250026
0.250102
0.250230
0.250408
0.250638
0.250918
0.251250
0.251632
0.252066
0.252551
0.253086
0.253673
0.254311
0.254999
0.255739
0.256530
0.257372
0.258264
0.259208
0.260203
0.261249
0.262346
0.263494
0.264692
0.265942
0.267243
0.268595
0.269998
0.271452
0.272957
0.274513
0.276120
0.277778
0.279487
0.281247
0.283058
0.284920
0.286833
0.288797
0.290812
0.292878
0.294995
0.297164
0.299383
0.301653
0.303974
0.306346
0.308770
0.311244
0.313769
0.316345
0.318973
0.321651
0.324380
0.327160
0.329992
0.332874
0.335808
0.338792
0.341827
0.344914
0.348051
0.351240
0.354479
0.357770
0.361111
0.364504
0.367947
0.371442
0.374987
0.378584
0.382231
0.385930
0.389680
0.393480
0.397332
0.401235
0.405188
0.409193
0.413249
0.417355
0.421513
0.425722
0.429982
0.434292
0.438654
0.443067
0.447531
0.452046
0.456612
0.461228
0.465896
0.470615
0.475385
0.480206
0.485078
0.490001
0.494975
0.500000