100 100
0.000000
0.000026
0.000102
0.000230
0.000408
0.000638
0.000918
0.001250
0.001632
0.002066
0.002551
0.003086
0.003673
0.004311
0.004999
0.005739
0.006530
0.007372
0.008264
0.009208
0.010203
0.011249
0.012346
0.013494
0.014692
0.015942
0.017243
0.018595
0.019998
0.021452
0.022957
0.024513
0.026120
0.027778
0.029487
0.031247
0.033058
0.034920
0.036833
0.038797
0.040812
0.042878
0.044995
0.047164
0.049383
0.051653
0.053974
0.056346
0.058770
0.061244
0.063769
0.066345
0.068973
0.071651
0.074380
0.077160
0.079992
0.082874
0.085808
0.088792
0.091827
0.094914
0.098051
0.101240
0.104479
0.107770
0.111111
0.114504
0.117947
0.121442
0.124987
0.128584
0.132231
0.135930
0.139680
0.143480
0.147332
0.151235
0.155188
0.159193
0.163249
0.167355
0.171513
0.175722
0.179982
0.184292
0.188654
0.193067
0.197531
0.202046
0.206612
0.211228
0.215896
0.220615
0.225385
0.230206
0.235078
0.240001
0.244975
0.250000
0.000026
0.000232
0.000438
0.000665
0.000922
0.001214
0.001544
0.001914
0.002326
0.002782
0.003281
0.003825
0.004414
0.005049
0.005730
0.006458
0.007232
0.008054
0.008923
0.009839
0.010803
0.011815
0.012876
0.013984
0.015141
0.016346
0.017600
0.018902
0.020254
0.021654
0.023103
0.024601
0.026148
0.027745
0.029391
0.031086
0.032831
0.034625
0.036468
0.038362
0.040305
0.042298
0.044340
0.046433
0.048575
0.050768
0.053010
0.055303
0.057646
0.060039
0.062483
0.064977
0.067521
0.070117
0.072763
0.075459
0.078207
0.081005
0.083855
0.086756
0.089708
0.092712
0.095767
0.098874
0.102033
0.105243
0.108507
0.111822
0.115190
0.118611
0.122085
0.125613
0.129194
0.132829
0.136518
0.140263
0.144062
0.147917
0.151828
0.155796
0.159821
0.163905
0.168047
0.172249
0.176512
0.180838
0.185227
0.189681
0.194202
0.198793
0.203456
0.208195
0.213014
0.217919
0.222917
0.228020
0.233242
0.238610
0.244171
0.250026
0.000102
0.000438
0.000755
0.001073
0.001404
0.001757
0.002136
0.002545
0.002989
0.003468
0.003984
0.004539
0.005134
0.005770
0.006447
0.007167
0.007929
0.008736
0.009586
0.010480
0.011419
0.012404
0.013433
0.014508
0.015629
0.016797
0.018010
0.019270
0.020577
0.021931
0.023332
0.024780
0.026275
0.027818
0.029409
0.031048
0.032734
0.034469
0.036252
0.038083
0.039962
0.041891
0.043867
0.045893
0.047968
0.050091
0.052264
0.054487
0.056758
0.059080
0.061451
0.063871
0.066342
0.068863
0.071435
0.074057
0.076729
0.079453
0.082228
0.085054
0.087931
0.090860
0.093842
0.096876
0.099962
0.103101
0.106294
0.109540
0.112840
0.116195
0.119605
0.123071
0.126593
0.130171
0.133807
0.137501
0.141254
0.145067
0.148942
0.152878
0.156878
0.160943
0.165074
0.169274
0.173544
0.177887
0.182305
0.186803
0.191383
0.196050
0.200811
0.205670
0.210637
0.215723
0.220941
0.226310
0.231858
0.237625
0.243673
0.250102
0.000230
0.000665
0.001073
0.001470
0.001868
0.002277
0.002704
0.003152
0.003627
0.004130
0.004665
0.005234
0.005837
0.006477
0.007154
0.007870
0.008625
0.009420
0.010256
0.011134
0.012053
0.013015
0.014019
0.015067
0.016159
0.017295
0.018475
0.019699
0.020969
0.022283
0.023643
0.025048
0.026500
0.027997
0.029540
0.031130
0.032766
0.034450
0.036180
0.037957
0.039782
0.041654
0.043573
0.045541
0.047556
0.049620
0.051732
0.053892
0.056101
0.058359
0.060667
0.063023
0.065429
0.067885
0.070390
0.072946
0.075552
0.078209
0.080918
0.083677
0.086488
0.089351
0.092267
0.095235
0.098257
0.101333
0.104462
0.107647
0.110887
0.114183
0.117535
0.120946
0.124414
0.127942
0.131531
0.135181
0.138893
0.142670
0.146512
0.150421
0.154400
0.158450
0.162573
0.166773
0.171053
0.175415
0.179864
0.184405
0.189043
0.193785
0.198639
0.203613
0.208721
0.213975
0.219396
0.225007
0.230841
0.236945
0.243379
0.250230
0.000408
0.000922
0.001404
0.001868
0.002326
0.002787
0.003257
0.003742
0.004248
0.004776
0.005331
0.005914
0.006528
0.007175
0.007855
0.008570
0.009321
0.010110
0.010936
0.011801
0.012706
0.013651
0.014636
0.015663
0.016731
0.017841
0.018994
0.020189
0.021428
0.022710
0.024035
0.025405
0.026820
0.028279
0.029782
0.031331
0.032925
0.034565
0.036250
0.037982
0.039760
0.041584
0.043454
0.045372
0.047337
0.049349
0.051408
0.053515
0.055670
0.057874
0.060125
0.062426
0.064775
0.067174
0.069622
0.072120
0.074668
0.077267
0.079917
0.082618
0.085370
0.088175
0.091033
0.093944
0.096908
0.099927
0.103001
0.106131
0.109317
0.112561
0.115863
0.119224
0.122646
0.126130
0.129676
0.133287
0.136963
0.140708
0.144522
0.148409
0.152369
0.156407
0.160525
0.164727
0.169017
0.173399
0.177878
0.182461
0.187154
0.191966
0.196906
0.201987
0.207222
0.212629
0.218229
0.224050
0.230128
0.236506
0.243243
0.250408
0.000638
0.001214
0.001757
0.002277
0.002787
0.003293
0.003803
0.004324
0.004858
0.005412
0.005987
0.006586
0.007213
0.007868
0.008553
0.009271
0.010022
0.010807
0.011628
0.012486
0.013380
0.014313
0.015284
0.016295
0.017345
0.018436
0.019567
0.020740
0.021954
0.023210
0.024509
0.025850
0.027235
0.028662
0.030134
0.031649
0.033208
0.034812
0.036461
0.038154
0.039893
0.041677
0.043507
0.045383
0.047305
0.049273
0.051288
0.053350
0.055459
0.057616
0.059821
0.062073
0.064374
0.066724
0.069123
0.071571
0.074069
0.076618
0.079217
0.081867
0.084569
0.087324
0.090131
0.092991
0.095906
0.098875
0.101900
0.104982
0.108121
0.111319
0.114576
0.117895
0.121275
0.124719
0.128228
0.131805
0.135450
0.139166
0.142956
0.146823
0.150768
0.154796
0.158910
0.163115
0.167415
0.171815
0.176322
0.180944
0.185687
0.190563
0.195581
0.200756
0.206104
0.211643
0.217397
0.223395
0.229671
0.236268
0.243238
0.250638
0.000918
0.001544
0.002136
0.002704
0.003257
0.003803
0.004350
0.004902
0.005464
0.006042
0.006637
0.007254
0.007894
0.008559
0.009253
0.009976
0.010730
0.011516
0.012335
0.013189
0.014078
0.015003
0.015965
0.016965
0.018003
0.019079
0.020195
0.021351
0.022547
0.023784
0.025062
0.026382
0.027743
0.029147
0.030593
0.032082
0.033614
0.035189
0.036808
0.038471
0.040179
0.041931
0.043728
0.045569
0.047456
0.049389
0.051368
0.053393
0.055464
0.057582
0.059747
0.061960
0.064221
0.066530
0.068887
0.071293
0.073749
0.076255
0.078811
0.081418
0.084076
0.086787
0.089551
0.092368
0.095240
0.098166
0.101149
0.104189
0.107287
0.110445
0.113663
0.116944
0.120288
0.123698
0.127174
0.130720
0.134338
0.138030
0.141798
0.145647
0.149579
0.153598
0.157709
0.161916
0.166225
0.170642
0.175174
0.179829
0.184617
0.189547
0.194633
0.199889
0.205332
0.210982
0.216864
0.223004
0.229438
0.236204
0.243348
0.250918
0.001250
0.001914
0.002545
0.003152
0.003742
0.004324
0.004902
0.005483
0.006071
0.006672
0.007287
0.007921
0.008575
0.009254
0.009957
0.010688
0.011447
0.012237
0.013058
0.013912
0.014800
0.015722
0.016680
0.017674
0.018704
0.019772
0.020879
0.022024
0.023208
0.024431
0.025695
0.026999
0.028344
0.029730
0.031158
0.032627
0.034139
0.035693
0.037290
0.038930
0.040614
0.042341
0.044112
0.045928
0.047788
0.049692
0.051642
0.053638
0.055679
0.057766
0.059900
0.062080
0.064308
0.066583
0.068907
0.071279
0.073699
0.076170
0.078690
0.081261
0.083883
0.086558
0.089285
0.092065
0.094900
0.097790
0.100737
0.103741
0.106804
0.109928
0.113112
0.116360
0.119672
0.123052
0.126500
0.130020
0.133613
0.137283
0.141032
0.144865
0.148785
0.152796
0.156903
0.161111
0.165427
0.169858
0.174410
0.179093
0.183917
0.188894
0.194035
0.199358
0.204878
0.210617
0.216599
0.222851
0.229404
0.236294
0.243562
0.251250
0.001632
0.002326
0.002989
0.003627
0.004248
0.004858
0.005464
0.006071
0.006684
0.007306
0.007941
0.008592
0.009262
0.009954
0.010669
0.011409
0.012177
0.012974
0.013800
0.014658
0.015548
0.016472
0.017430
0.018422
0.019451
0.020515
0.021617
0.022757
0.023934
0.025151
0.026406
0.027701
0.029036
0.030411
0.031827
0.033284
0.034782
0.036322
0.037904
0.039528
0.041195
0.042905
0.044658
0.046454
0.048294
0.050178
0.052107
0.054080
0.056099
0.058162
0.060272
0.062428
0.064630
0.066879
0.069176
0.071520
0.073913
0.076355
0.078847
0.081389
0.083982
0.086626
0.089323
0.092073
0.094878
0.097738
0.100654
0.103628
0.106661
0.109755
0.112911
0.116130
0.119416
0.122769
0.126192
0.129689
0.133260
0.136911
0.140643
0.144461
0.148369
0.152372
0.156474
0.160682
0.165003
0.169442
0.174010
0.178715
0.183567
0.188578
0.193763
0.199136
0.204716
0.210522
0.216579
0.222910
0.229548
0.236523
0.243872
0.251632
0.002066
0.002782
0.003468
0.004130
0.004776
0.005412
0.006042
0.006672
0.007306
0.007948
0.008602
0.009270
0.009956
0.010663
0.011391
0.012144
0.012922
0.013728
0.014563
0.015428
0.016325
0.017253
0.018215
0.019211
0.020242
0.021309
0.022411
0.023551
0.024728
0.025942
0.027195
0.028487
0.029818
0.031188
0.032599
0.034050
0.035541
0.037073
0.038647
0.040262
0.041919
0.043618
0.045360
0.047144
0.048972
0.050842
0.052757
0.054715
0.056718
0.058766
0.060858
0.062996
0.065180
0.067410
0.069687
0.072012
0.074384
0.076804
0.079274
0.081793
0.084363
0.086984
0.089657
0.092383
0.095163
0.097998
0.100890
0.103839
0.106847
0.109916
0.113048
0.116244
0.119506
0.122836
0.126238
0.129714
0.133266
0.136898
0.140615
0.144419
0.148315
0.152309
0.156405
0.160611
0.164932
0.169377
0.173953
0.178672
0.183543
0.188579
0.193794
0.199203
0.204824
0.210676
0.216781
0.223165
0.229855
0.236880
0.244273
0.252066
0.002551
0.003281
0.003984
0.004665
0.005331
0.005987
0.006637
0.007287
0.007941
0.008602
0.009273
0.009959
0.010662
0.011384
0.012127
0.012893
0.013684
0.014502
0.015349
0.016224
0.017130
0.018068
0.019038
0.020042
0.021080
0.022152
0.023261
0.024405
0.025587
0.026805
0.028061
0.029356
0.030689
0.032060
0.033472
0.034922
0.036413
0.037945
0.039516
0.041129
0.042783
0.044478
0.046216
0.047995
0.049816
0.051681
0.053588
0.055539
0.057533
0.059571
0.061653
0.063781
0.065953
0.068171
0.070435
0.072746
0.075103
0.077509
0.079963
0.082466
0.085019
0.087622
0.090277
0.092985
0.095746
0.098562
0.101434
0.104363
0.107352
0.110401
0.113512
0.116688
0.119930
0.123241
0.126624
0.130081
0.133616
0.137232
0.140933
0.144724
0.148608
0.152591
0.156680
0.160879
0.165197
0.169642
0.174222
0.178947
0.183828
0.188877
0.194108
0.199537
0.205181
0.211058
0.217190
0.223600
0.230313
0.237356
0.244759
0.252551
0.003086
0.003825
0.004539
0.005234
0.005914
0.006586
0.007254
0.007921
0.008592
0.009270
0.009959
0.010662
0.011381
0.012119
0.012878
0.013659
0.014466
0.015298
0.016158
0.017047
0.017966
0.018917
0.019899
0.020914
0.021963
0.023047
0.024166
0.025320
0.026511
0.027739
0.029003
0.030306
0.031646
0.033025
0.034443
0.035900
0.037397
0.038933
0.040510
0.042126
0.043783
0.045482
0.047221
0.049002
0.050824
0.052689
0.054595
0.056545
0.058537
0.060572
0.062651
0.064775
0.066942
0.069154
0.071412
0.073715
0.076065
0.078462
0.080906
0.083399
0.085941
0.088533
0.091176
0.093870
0.096618
0.099419
0.102277
0.105191
0.108164
0.111197
0.114292
0.117451
0.120677
0.123971
0.127337
0.130779
0.134298
0.137898
0.141584
0.145361
0.149232
0.153204
0.157281
0.161472
0.165783
0.170222
0.174798
0.179521
0.184402
0.189453
0.194688
0.200122
0.205771
0.211654
0.217790
0.224202
0.230911
0.237945
0.245327
0.253086
0.003673
0.004414
0.005134
0.005837
0.006528
0.007213
0.007894
0.008575
0.009262
0.009956
0.010662
0.011381
0.012117
0.012872
0.013647
0.014446
0.015268
0.016117
0.016994
0.017899
0.018834
0.019800
0.020799
0.021829
0.022894
0.023993
0.025126
0.026295
0.027500
0.028742
0.030021
0.031337
0.032690
0.034082
0.035512
0.036981
0.038490
0.040037
0.041624
0.043251
0.044917
0.046625
0.048372
0.050161
0.051991
0.053862
0.055774
0.057729
0.059726
0.061765
0.063847
0.065972
0.068141
0.070354
0.072611
0.074914
0.077262
0.079656
0.082097
0.084585
0.087122
0.089707
0.092343
0.095030
0.097769
0.100561
0.103408
0.106312
0.109273
0.112294
0.115376
0.118522
0.121734
0.125014
0.128366
0.131793
0.135297
0.138883
0.142555
0.146316
0.150173
0.154131
0.158196
0.162373
0.166672
0.171099
0.175665
0.180378
0.185249
0.190291
0.195517
0.200941
0.206579
0.212449
0.218569
0.224959
0.231642
0.238639
0.245974
0.253673
0.004311
0.005049
0.005770
0.006477
0.007175
0.007868
0.008559
0.009254
0.009954
0.010663
0.011384
0.012119
0.012872
0.013644
0.014437
0.015253
0.016094
0.016962
0.017857
0.018781
0.019735
0.020720
0.021738
0.022788
0.023871
0.024989
0.026142
0.027330
0.028554
0.029815
0.031112
0.032447
0.033819
0.035229
0.036677
0.038164
0.039689
0.041253
0.042857
0.044499
0.046182
0.047904
0.049667
0.051469
0.053312
0.055196
0.057121
0.059087
0.061094
0.063143
0.065234
0.067368
0.069545
0.071764
0.074027
0.076335
0.078686
0.081083
0.083526
0.086016
0.088552
0.091137
0.093771
0.096455
0.099190
0.101978
0.104819
0.107715
0.110669
0.113681
0.116754
0.119890
0.123090
0.126359
0.129698
0.133112
0.136602
0.140173
0.143830
0.147577
0.151418
0.155359
0.159407
0.163569
0.167850
0.172260
0.176808
0.181502
0.186354
0.191376
0.196580
0.201980
0.207592
0.213431
0.219515
0.225864
0.232496
0.239434
0.246698
0.254311
0.004999
0.005730
0.006447
0.007154
0.007855
0.008553
0.009253
0.009957
0.010669
0.011391
0.012127
0.012878
0.013647
0.014437
0.015248
0.016084
0.016945
0.017833
0.018749
0.019694
0.020670
0.021677
0.022717
0.023790
0.024896
0.026037
0.027213
0.028425
0.029673
0.030957
0.032277
0.033635
0.035031
0.036464
0.037936
0.039445
0.040993
0.042580
0.044205
0.045870
0.047574
0.049317
0.051099
0.052922
0.054784
0.056687
0.058630
0.060613
0.062637
0.064702
0.066808
0.068956
0.071146
0.073378
0.075653
0.077971
0.080332
0.082737
0.085188
0.087683
0.090225
0.092814
0.095451
0.098137
0.100872
0.103659
0.106499
0.109393
0.112342
0.115349
0.118415
0.121543
0.124735
0.127994
0.131322
0.134723
0.138200
0.141757
0.145398
0.149128
0.152952
0.156875
0.160903
0.165044
0.169303
0.173690
0.178212
0.182880
0.187704
0.192694
0.197865
0.203227
0.208797
0.214589
0.220620
0.226907
0.233469
0.240325
0.247495
0.254999
0.005739
0.006458
0.007167
0.007870
0.008570
0.009271
0.009976
0.010688
0.011409
0.012144
0.012893
0.013659
0.014446
0.015253
0.016084
0.016940
0.017822
0.018732
0.019670
0.020640
0.021640
0.022672
0.023737
0.024836
0.025969
0.027137
0.028340
0.029579
0.030854
0.032166
0.033515
0.034901
0.036325
0.037786
0.039286
0.040823
0.042399
0.044014
0.045667
0.047359
0.049089
0.050859
0.052668
0.054516
0.056403
0.058330
0.060297
0.062303
0.064350
0.066436
0.068563
0.070731
0.072940
0.075190
0.077481
0.079815
0.082191
0.084611
0.087073
0.089581
0.092133
0.094730
0.097375
0.100066
0.102807
0.105597
0.108439
0.111333
0.114282
0.117286
0.120349
0.123472
0.126657
0.129907
0.133226
0.136615
0.140079
0.143622
0.147247
0.150959
0.154763
0.158665
0.162670
0.166785
0.171017
0.175375
0.179865
0.184498
0.189284
0.194233
0.199358
0.204670
0.210184
0.215913
0.221874
0.228082
0.234555
0.241310
0.248365
0.255739
0.006530
0.007232
0.007929
0.008625
0.009321
0.010022
0.010730
0.011447
0.012177
0.012922
0.013684
0.014466
0.015268
0.016094
0.016945
0.017822
0.018726
0.019660
0.020623
0.021618
0.022645
0.023705
0.024798
0.025926
0.027089
0.028287
0.029521
0.030792
0.032099
0.033443
0.034824
0.036243
0.037699
0.039194
0.040726
0.042297
0.043906
0.045553
0.047239
0.048963
0.050726
0.052528
0.054368
0.056247
0.058165
0.060122
0.062117
0.064152
0.066227
0.068340
0.070494
0.072687
0.074920
0.077193
0.079507
0.081862
0.084258
0.086696
0.089176
0.091699
0.094266
0.096877
0.099533
0.102236
0.104985
0.107783
0.110630
0.113528
0.116479
0.119484
0.122545
0.125665
0.128845
0.132089
0.135398
0.138777
0.142228
0.145756
0.149364
0.153056
0.156839
0.160717
0.164695
0.168781
0.172981
0.177303
0.181754
0.186345
0.191084
0.195981
0.201049
0.206298
0.211743
0.217395
0.223270
0.229382
0.235748
0.242383
0.249305
0.256530
0.007372
0.008054
0.008736
0.009420
0.010110
0.010807
0.011516
0.012237
0.012974
0.013728
0.014502
0.015298
0.016117
0.016962
0.017833
0.018732
0.019660
0.020619
0.021609
0.022631
0.023687
0.024777
0.025902
0.027061
0.028257
0.029489
0.030757
0.032063
0.033405
0.034786
0.036203
0.037659
0.039153
0.040685
0.042255
0.043863
0.045510
0.047195
0.048919
0.050680
0.052481
0.054319
0.056196
0.058111
0.060065
0.062057
0.064087
0.066156
0.068263
0.070409
0.072594
0.074818
0.077080
0.079382
0.081723
0.084104
0.086525
0.088986
0.091489
0.094033
0.096619
0.099247
0.101919
0.104636
0.107398
0.110206
0.113063
0.115968
0.118924
0.121932
0.124994
0.128112
0.131289
0.134527
0.137829
0.141197
0.144635
0.148147
0.151737
0.155409
0.159168
0.163018
0.166967
0.171019
0.175181
0.179462
0.183868
0.188408
0.193091
0.197928
0.202928
0.208103
0.213465
0.219027
0.224801
0.230802
0.237045
0.243544
0.250314
0.257372
0.008264
0.008923
0.009586
0.010256
0.010936
0.011628
0.012335
0.013058
0.013800
0.014563
0.015349
0.016158
0.016994
0.017857
0.018749
0.019670
0.020623
0.021609
0.022627
0.023679
0.024766
0.025889
0.027047
0.028241
0.029473
0.030742
0.032048
0.033392
0.034774
0.036194
0.037652
0.039149
0.040684
0.042258
0.043870
0.045521
0.047210
0.048937
0.050703
0.052507
0.054350
0.056230
0.058149
0.060105
0.062099
0.064132
0.066202
0.068309
0.070455
0.072638
0.074859
0.077118
0.079415
0.081750
0.084123
0.086535
0.088985
0.091475
0.094004
0.096573
0.099182
0.101832
0.104524
0.107259
0.110037
0.112860
0.115728
0.118643
0.121606
0.124620
0.127685
0.130804
0.133979
0.137212
0.140507
0.143865
0.147290
0.150786
0.154357
0.158006
0.161738
0.165559
0.169473
0.173487
0.177608
0.181841
0.186195
0.190677
0.195296
0.200063
0.204985
0.210075
0.215343
0.220801
0.226461
0.232337
0.238441
0.244787
0.251391
0.258264
0.009208
0.009839
0.010480
0.011134
0.011801
0.012486
0.013189
0.013912
0.014658
0.015428
0.016224
0.017047
0.017899
0.018781
0.019694
0.020640
0.021618
0.022631
0.023679
0.024763
0.025883
0.027040
0.028234
0.029467
0.030737
0.032045
0.033392
0.034778
0.036203
0.037667
0.039169
0.040711
0.042292
0.043911
0.045570
0.047267
0.049003
0.050777
0.052590
0.054441
0.056330
0.058257
0.060222
0.062225
0.064264
0.066342
0.068456
0.070608
0.072796
0.075021
0.077284
0.079583
0.081919
0.084292
0.086701
0.089148
0.091633
0.094155
0.096714
0.099312
0.101949
0.104625
0.107340
0.110096
0.112894
0.115734
0.118617
0.121545
0.124518
0.127539
0.130610
0.133731
0.136905
0.140135
0.143422
0.146770
0.150182
0.153661
0.157211
0.160836
0.164539
0.168327
0.172204
0.176176
0.180249
0.184430
0.188725
0.193142
0.197690
0.202377
0.207212
0.212206
0.217369
0.222711
0.228245
0.233981
0.239933
0.246113
0.252534
0.259208
0.010203
0.010803
0.011419
0.012053
0.012706
0.013380
0.014078
0.014800
0.015548
0.016325
0.017130
0.017966
0.018834
0.019735
0.020670
0.021640
0.022645
0.023687
0.024766
0.025883
0.027038
0.028232
0.029465
0.030737
0.032048
0.033400
0.034791
0.036222
0.037692
0.039203
0.040754
0.042344
0.043974
0.045643
0.047352
0.049100
0.050887
0.052713
0.054577
0.056479
0.058419
0.060398
0.062413
0.064466
0.066556
0.068683
0.070846
0.073046
0.075282
0.077554
0.079862
0.082206
0.084585
0.087001
0.089451
0.091938
0.094460
0.097019
0.099613
0.102244
0.104912
0.107617
0.110359
0.113140
0.115960
0.118820
0.121721
0.124664
0.127650
0.130681
0.133758
0.136882
0.140057
0.143284
0.146565
0.149903
0.153301
0.156762
0.160290
0.163888
0.167561
0.171313
0.175149
0.179075
0.183096
0.187218
0.191448
0.195794
0.200263
0.204862
0.209601
0.214490
0.219536
0.224752
0.230147
0.235731
0.241518
0.247517
0.253742
0.260203
0.011249
0.011815
0.012404
0.013015
0.013651
0.014313
0.015003
0.015722
0.016472
0.017253
0.018068
0.018917
0.019800
0.020720
0.021677
0.022672
0.023705
0.024777
0.025889
0.027040
0.028232
0.029464
0.030738
0.032052
0.033407
0.034804
0.036242
0.037721
0.039241
0.040802
0.042404
0.044046
0.045729
0.047452
0.049215
0.051018
0.052860
0.054740
0.056660
0.058618
0.060614
0.062647
0.064718
0.066826
0.068970
0.071151
0.073368
0.075620
0.077908
0.080231
0.082589
0.084982
0.087409
0.089871
0.092367
0.094897
0.097462
0.100060
0.102693
0.105361
0.108063
0.110801
0.113573
0.116382
0.119228
0.122111
0.125032
0.127992
0.130993
0.134035
0.137120
0.140250
0.143426
0.146650
0.149925
0.153253
0.156637
0.160079
0.163584
0.167154
0.170793
0.174507
0.178299
0.182174
0.186138
0.190197
0.194357
0.198624
0.203006
0.207510
0.212145
0.216918
0.221839
0.226917
0.232162
0.237584
0.243193
0.248999
0.255014
0.261249
0.012346
0.012876
0.013433
0.014019
0.014636
0.015284
0.015965
0.016680
0.017430
0.018215
0.019038
0.019899
0.020799
0.021738
0.022717
0.023737
0.024798
0.025902
0.027047
0.028234
0.029465
0.030738
0.032054
0.033412
0.034814
0.036259
0.037746
0.039276
0.040848
0.042463
0.044119
0.045817
0.047556
0.049336
0.051157
0.053018
0.054918
0.056858
0.058837
0.060855
0.062910
0.065003
0.067133
0.069300
0.071503
0.073742
0.076016
0.078326
0.080670
0.083048
0.085460
0.087906
0.090385
0.092897
0.095442
0.098020
0.100630
0.103273
0.105948
0.108655
0.111396
0.114169
0.116975
0.119815
0.122689
0.125598
0.128541
0.131521
0.134538
0.137593
0.140688
0.143824
0.147002
0.150224
0.153493
0.156811
0.160180
0.163603
0.167083
0.170623
0.174227
0.177899
0.181643
0.185464
0.189367
0.193358
0.197441
0.201624
0.205912
0.210314
0.214835
0.219485
0.224271
0.229202
0.234287
0.239535
0.244954
0.250556
0.256350
0.262346
0.013494
0.013984
0.014508
0.015067
0.015663
0.016295
0.016965
0.017674
0.018422
0.019211
0.020042
0.020914
0.021829
0.022788
0.023790
0.024836
0.025926
0.027061
0.028241
0.029467
0.030737
0.032052
0.033412
0.034818
0.036268
0.037763
0.039302
0.040886
0.042513
0.044184
0.045898
0.047654
0.049453
0.051294
0.053176
0.055098
0.057061
0.059064
0.061106
0.063187
0.065305
0.067462
0.069655
0.071885
0.074150
0.076451
0.078787
0.081158
0.083562
0.085999
0.088469
0.090972
0.093507
0.096073
0.098671
0.101300
0.103959
0.106649
0.109370
0.112121
0.114903
0.117715
0.120557
0.123431
0.126336
0.129272
0.132241
0.135242
0.138277
0.141347
0.144453
0.147595
0.150777
0.153998
0.157261
0.160568
0.163921
0.167324
0.170777
0.174286
0.177852
0.181480
0.185173
0.188936
0.192774
0.196691
0.200693
0.204785
0.208974
0.213266
0.217667
0.222185
0.226828
0.231602
0.236517
0.241580
0.246801
0.252187
0.257748
0.263494
0.014692
0.015141
0.015629
0.016159
0.016731
0.017345
0.018003
0.018704
0.019451
0.020242
0.021080
0.021963
0.022894
0.023871
0.024896
0.025969
0.027089
0.028257
0.029473
0.030737
0.032048
0.033407
0.034814
0.036268
0.037769
0.039316
0.040910
0.042550
0.044235
0.045964
0.047739
0.049557
0.051418
0.053323
0.055269
0.057257
0.059286
0.061355
0.063463
0.065611
0.067796
0.070020
0.072280
0.074576
0.076908
0.079275
0.081676
0.084111
0.086579
0.089079
0.091611
0.094174
0.096768
0.099393
0.102047
0.104730
0.107443
0.110184
0.112953
0.115751
0.118577
0.121430
0.124312
0.127222
0.130160
0.133126
0.136122
0.139147
0.142202
0.145288
0.148406
0.151556
0.154741
0.157961
0.161219
0.164515
0.167852
0.171233
0.174659
0.178134
0.181660
0.185241
0.188881
0.192582
0.196351
0.200190
0.204105
0.208101
0.212184
0.216360
0.220633
0.225012
0.229503
0.234113
0.238849
0.243718
0.248730
0.253890
0.259208
0.264692
0.015942
0.016346
0.016797
0.017295
0.017841
0.018436
0.019079
0.019772
0.020515
0.021309
0.022152
0.023047
0.023993
0.024989
0.026037
0.027137
0.028287
0.029489
0.030742
0.032045
0.033400
0.034804
0.036259
0.037763
0.039316
0.040919
0.042569
0.044267
0.046012
0.047803
0.049641
0.051523
0.053450
0.055421
0.057435
0.059491
0.061589
0.063728
0.065906
0.068124
0.070380
0.072674
0.075004
0.077371
0.079773
0.082209
0.084679
0.087182
0.089717
0.092284
0.094881
0.097508
0.100165
0.102851
0.105564
0.108306
0.111074
0.113869
0.116690
0.119538
0.122410
0.125308
0.128232
0.131180
0.134154
0.137153
0.140177
0.143227
0.146304
0.149407
0.152538
0.155698
0.158887
0.162106
0.165358
0.168643
0.171963
0.175321
0.178719
0.182158
0.185642
0.189174
0.192757
0.196394
0.200089
0.203846
0.207670
0.211565
0.215536
0.219589
0.223729
0.227961
0.232293
0.236729
0.241278
0.245945
0.250738
0.255664
0.260729
0.265942
0.017243
0.017600
0.018010
0.018475
0.018994
0.019567
0.020195
0.020879
0.021617
0.022411
0.023261
0.024166
0.025126
0.026142
0.027213
0.028340
0.029521
0.030757
0.032048
0.033392
0.034791
0.036242
0.037746
0.039302
0.040910
0.042569
0.044278
0.046037
0.047844
0.049700
0.051603
0.053552
0.055548
0.057588
0.059672
0.061800
0.063970
0.066181
0.068432
0.070723
0.073053
0.075421
0.077825
0.080265
0.082740
0.085249
0.087791
0.090366
0.092972
0.095608
0.098274
0.100969
0.103691
0.106441
0.109218
0.112020
0.114847
0.117699
0.120575
0.123475
0.126397
0.129342
0.132309
0.135299
0.138310
0.141343
0.144398
0.147476
0.150575
0.153697
0.156842
0.160011
0.163205
0.166424
0.169670
0.172944
0.176247
0.179581
0.182949
0.186351
0.189791
0.193271
0.196794
0.200363
0.203981
0.207652
0.211380
0.215169
0.219024
0.222948
0.226947
0.231027
0.235192
0.239449
0.243802
0.248259
0.252825
0.257507
0.262311
0.267243
0.018595
0.018902
0.019270
0.019699
0.020189
0.020740
0.021351
0.022024
0.022757
0.023551
0.024405
0.025320
0.026295
0.027330
0.028425
0.029579
0.030792
0.032063
0.033392
0.034778
0.036222
0.037721
0.039276
0.040886
0.042550
0.044267
0.046037
0.047858
0.049730
0.051652
0.053623
0.055642
0.057709
0.059821
0.061978
0.064180
0.066424
0.068711
0.071039
0.073406
0.075813
0.078257
0.080738
0.083255
0.085806
0.088391
0.091009
0.093658
0.096337
0.099047
0.101784
0.104549
0.107341
0.110158
0.113001
0.115867
0.118756
0.121668
0.124601
0.127555
0.130530
0.133524
0.136538
0.139570
0.142621
0.145691
0.148778
0.151884
0.155007
0.158149
0.161310
0.164489
0.167688
0.170907
0.174147
0.177409
0.180694
0.184004
0.187340
0.190704
0.194098
0.197524
0.200985
0.204482
0.208020
0.211602
0.215230
0.218908
0.222640
0.226431
0.230284
0.234205
0.238197
0.242266
0.246417
0.250656
0.254988
0.259417
0.263951
0.268595
0.019998
0.020254
0.020577
0.020969
0.021428
0.021954
0.022547
0.023208
0.023934
0.024728
0.025587
0.026511
0.027500
0.028554
0.029673
0.030854
0.032099
0.033405
0.034774
0.036203
0.037692
0.039241
0.040848
0.042513
0.044235
0.046012
0.047844
0.049730
0.051669
0.053659
0.055701
0.057792
0.059931
0.062118
0.064351
0.066629
0.068951
0.071316
0.073723
0.076169
0.078655
0.081179
0.083740
0.086337
0.088967
0.091631
0.094327
0.097054
0.099810
0.102595
0.105407
0.108246
0.111109
0.113997
0.116908
0.119840
0.122794
0.125768
0.128761
0.131773
0.134802
0.137848
0.140910
0.143987
0.147080
0.150187
0.153309
0.156444
0.159593
0.162756
0.165932
0.169123
0.172327
0.175546
0.178780
0.182030
0.185297
0.188581
0.191885
0.195209
0.198555
0.201925
0.205321
0.208745
0.212200
0.215688
0.219212
0.222775
0.226381
0.230032
0.233734
0.237490
0.241303
0.245179
0.249121
0.253135
0.257224
0.261395
0.265651
0.269998
0.021452
0.021654
0.021931
0.022283
0.022710
0.023210
0.023784
0.024431
0.025151
0.025942
0.026805
0.027739
0.028742
0.029815
0.030957
0.032166
0.033443
0.034786
0.036194
0.037667
0.039203
0.040802
0.042463
0.044184
0.045964
0.047803
0.049700
0.051652
0.053659
0.055721
0.057834
0.059999
0.062214
0.064478
0.066789
0.069146
0.071548
0.073994
0.076481
0.079010
0.081578
0.084185
0.086828
0.089506
0.092219
0.094965
0.097742
0.100549
0.103385
0.106248
0.109137
0.112052
0.114990
0.117951
0.120933
0.123935
0.126955
0.129994
0.133049
0.136120
0.139206
0.142306
0.145418
0.148543
0.151679
0.154826
0.157983
0.161149
0.164325
0.167509
0.170703
0.173905
0.177115
0.180334
0.183562
0.186800
0.190048
0.193306
0.196576
0.199859
0.203155
0.206467
0.209796
0.213144
0.216512
0.219903
0.223320
0.226764
0.230239
0.233747
0.237293
0.240878
0.244507
0.248183
0.251910
0.255693
0.259534
0.263438
0.267409
0.271452
0.022957
0.023103
0.023332
0.023643
0.024035
0.024509
0.025062
0.025695
0.026406
0.027195
0.028061
0.029003
0.030021
0.031112
0.032277
0.033515
0.034824
0.036203
0.037652
0.039169
0.040754
0.042404
0.044119
0.045898
0.047739
0.049641
0.051603
0.053623
0.055701
0.057834
0.060022
0.062263
0.064555
0.066898
0.069289
0.071727
0.074212
0.076741
0.079312
0.081925
0.084578
0.087269
0.089997
0.092761
0.095558
0.098388
0.101248
0.104138
0.107056
0.110001
0.112970
0.115963
0.118979
0.122015
0.125070
0.128144
0.131234
0.134339
0.137459
0.140592
0.143737
0.146892
0.150057
0.153230
0.156411
0.159599
0.162793
0.165991
0.169195
0.172402
0.175613
0.178827
0.182044
0.185263
0.188486
0.191711
0.194939
0.198170
0.201405
0.204646
0.207891
0.211143
0.214403
0.217671
0.220951
0.224242
0.227548
0.230869
0.234210
0.237571
0.240955
0.244365
0.247805
0.251276
0.254782
0.258327
0.261913
0.265545
0.269225
0.272957
0.024513
0.024601
0.024780
0.025048
0.025405
0.025850
0.026382
0.026999
0.027701
0.028487
0.029356
0.030306
0.031337
0.032447
0.033635
0.034901
0.036243
0.037659
0.039149
0.040711
0.042344
0.044046
0.045817
0.047654
0.049557
0.051523
0.053552
0.055642
0.057792
0.059999
0.062263
0.064581
0.066953
0.069376
0.071850
0.074372
0.076941
0.079555
0.082212
0.084912
0.087651
0.090430
0.093245
0.096096
0.098980
0.101896
0.104843
0.107819
0.110821
0.113849
0.116901
0.119975
0.123069
0.126183
0.129314
0.132462
0.135623
0.138798
0.141984
0.145181
0.148386
0.151599
0.154818
0.158041
0.161269
0.164499
0.167731
0.170963
0.174196
0.177427
0.180656
0.183882
0.187106
0.190326
0.193542
0.196754
0.199962
0.203166
0.206366
0.209562
0.212755
0.215946
0.219134
0.222322
0.225510
0.228699
0.231890
0.235086
0.238288
0.241497
0.244716
0.247947
0.251192
0.254454
0.257734
0.261036
0.264362
0.267715
0.271098
0.274513
0.026120
0.026148
0.026275
0.026500
0.026820
0.027235
0.027743
0.028344
0.029036
0.029818
0.030689
0.031646
0.032690
0.033819
0.035031
0.036325
0.037699
0.039153
0.040684
0.042292
0.043974
0.045729
0.047556
0.049453
0.051418
0.053450
0.055548
0.057709
0.059931
0.062214
0.064555
0.066953
0.069406
0.071912
0.074469
0.077077
0.079732
0.082433
0.085178
0.087967
0.090795
0.093663
0.096568
0.099508
0.102481
0.105486
0.108521
0.111584
0.114674
0.117787
0.120924
0.124081
0.127257
0.130450
0.133660
0.136883
0.140118
0.143364
0.146618
0.149880
0.153148
0.156420
0.159694
0.162970
0.166246
0.169520
0.172791
0.176058
0.179320
0.182575
0.185823
0.189063
0.192294
0.195514
0.198725
0.201924
0.205111
0.208287
0.211451
0.214602
0.217741
0.220869
0.223984
0.227089
0.230183
0.233267
0.236342
0.239408
0.242468
0.245523
0.248573
0.251621
0.254667
0.257714
0.260764
0.263818
0.266879
0.269948
0.273027
0.276120
0.027778
0.027745
0.027818
0.027997
0.028279
0.028662
0.029147
0.029730
0.030411
0.031188
0.032060
0.033025
0.034082
0.035229
0.036464
0.037786
0.039194
0.040685
0.042258
0.043911
0.045643
0.047452
0.049336
0.051294
0.053323
0.055421
0.057588
0.059821
0.062118
0.064478
0.066898
0.069376
0.071912
0.074502
0.077145
0.079840
0.082583
0.085373
0.088208
0.091087
0.094007
0.096966
0.099962
0.102993
0.106058
0.109154
0.112279
0.115432
0.118610
0.121811
0.125034
0.128276
0.131536
0.134811
0.138100
0.141401
0.144712
0.148030
0.151355
0.154684
0.158016
0.161349
0.164680
0.168009
0.171334
0.174653
0.177965
0.181267
0.184560
0.187841
0.191108
0.194362
0.197600
0.200822
0.204026
0.207212
0.210378
0.213525
0.216652
0.219758
0.222842
0.225905
0.228946
0.231966
0.234964
0.237940
0.240896
0.243831
0.246747
0.249643
0.252521
0.255381
0.258225
0.261054
0.263868
0.266670
0.269461
0.272241
0.275013
0.277778
0.029487
0.029391
0.029409
0.029540
0.029782
0.030134
0.030593
0.031158
0.031827
0.032599
0.033472
0.034443
0.035512
0.036677
0.037936
0.039286
0.040726
0.042255
0.043870
0.045570
0.047352
0.049215
0.051157
0.053176
0.055269
0.057435
0.059672
0.061978
0.064351
0.066789
0.069289
0.071850
0.074469
0.077145
0.079876
0.082659
0.085491
0.088372
0.091299
0.094270
0.097282
0.100334
0.103424
0.106548
0.109706
0.112895
0.116112
0.119356
0.122625
0.125916
0.129227
0.132556
0.135901
0.139260
0.142631
0.146011
0.149399
0.152792
0.156188
0.159586
0.162984
0.166379
0.169769
0.173152
0.176528
0.179893
0.183246
0.186585
0.189909
0.193216
0.196504
0.199771
0.203017
0.206240
0.209438
0.212611
0.215757
0.218874
0.221963
0.225022
0.228051
0.231048
0.234013
0.236946
0.239847
0.242714
0.245548
0.248350
0.251118
0.253853
0.256555
0.259225
0.261863
0.264470
0.267046
0.269591
0.272108
0.274595
0.277054
0.279487
0.031247
0.031086
0.031048
0.031130
0.031331
0.031649
0.032082
0.032627
0.033284
0.034050
0.034922
0.035900
0.036981
0.038164
0.039445
0.040823
0.042297
0.043863
0.045521
0.047267
0.049100
0.051018
0.053018
0.055098
0.057257
0.059491
0.061800
0.064180
0.066629
0.069146
0.071727
0.074372
0.077077
0.079840
0.082659
0.085531
0.088455
0.091428
0.094448
0.097513
0.100619
0.103766
0.106950
0.110169
0.113422
0.116705
0.120016
0.123353
0.126714
0.130096
0.133497
0.136915
0.140347
0.143791
0.147245
0.150706
0.154173
0.157642
0.161112
0.164580
0.168044
0.171503
0.174953
0.178392
0.181819
0.185232
0.188627
0.192004
0.195360
0.198693
0.202002
0.205284
0.208538
0.211762
0.214955
0.218114
0.221239
0.224327
0.227378
0.230389
0.233361
0.236292
0.239180
0.242025
0.244826
0.247583
0.250294
0.252958
0.255577
0.258148
0.260672
0.263149
0.265578
0.267960
0.270293
0.272579
0.274817
0.277008
0.279151
0.281247
0.033058
0.032831
0.032734
0.032766
0.032925
0.033208
0.033614
0.034139
0.034782
0.035541
0.036413
0.037397
0.038490
0.039689
0.040993
0.042399
0.043906
0.045510
0.047210
0.049003
0.050887
0.052860
0.054918
0.057061
0.059286
0.061589
0.063970
0.066424
0.068951
0.071548
0.074212
0.076941
0.079732
0.082583
0.085491
0.088455
0.091472
0.094538
0.097652
0.100812
0.104014
0.107257
0.110537
0.113853
0.117201
0.120580
0.123986
0.127418
0.130872
0.134347
0.137840
0.141348
0.144868
0.148399
0.151938
0.155482
0.159028
0.162575
0.166119
0.169659
0.173192
0.176715
0.180226
0.183722
0.187202
0.190663
0.194102
0.197517
0.200906
0.204266
0.207596
0.210894
0.214156
0.217382
0.220569
0.223715
0.226818
0.229876
0.232888
0.235852
0.238767
0.241630
0.244440
0.247196
0.249897
0.252540
0.255126
0.257653
0.260120
0.262525
0.264869
0.267150
0.269367
0.271520
0.273609
0.275632
0.277589
0.279479
0.281302
0.283058
0.034920
0.034625
0.034469
0.034450
0.034565
0.034812
0.035189
0.035693
0.036322
0.037073
0.037945
0.038933
0.040037
0.041253
0.042580
0.044014
0.045553
0.047195
0.048937
0.050777
0.052713
0.054740
0.056858
0.059064
0.061355
0.063728
0.066181
0.068711
0.071316
0.073994
0.076741
0.079555
0.082433
0.085373
0.088372
0.091428
0.094538
0.097699
0.100909
0.104165
0.107464
0.110803
0.114181
0.117594
0.121040
0.124516
0.128019
0.131547
0.135096
0.138665
0.142251
0.145850
0.149460
0.153079
0.156704
0.160331
0.163959
0.167584
0.171205
0.174817
0.178419
0.182008
0.185581
0.189136
0.192669
0.196179
0.199662
0.203116
0.206539
0.209928
0.213280
0.216593
0.219864
0.223092
0.226273
0.229405
0.232487
0.235516
0.238489
0.241405
0.244261
0.247056
0.249787
0.252453
0.255052
0.257582
0.260041
0.262428
0.264742
0.266979
0.269141
0.271224
0.273227
0.275150
0.276990
0.278747
0.280420
0.282007
0.283508
0.284920
0.036833
0.036468
0.036252
0.036180
0.036250
0.036461
0.036808
0.037290
0.037904
0.038647
0.039516
0.040510
0.041624
0.042857
0.044205
0.045667
0.047239
0.048919
0.050703
0.052590
0.054577
0.056660
0.058837
0.061106
0.063463
0.065906
0.068432
0.071039
0.073723
0.076481
0.079312
0.082212
0.085178
0.088208
0.091299
0.094448
0.097652
0.100909
0.104215
0.107568
0.110965
0.114403
0.117879
0.121391
0.124935
0.128509
0.132110
0.135734
0.139380
0.143044
0.146724
0.150416
0.154117
0.157825
0.161537
0.165249
0.168959
0.172665
0.176362
0.180048
0.183721
0.187376
0.191013
0.194626
0.198214
0.201774
0.205302
0.208796
0.212253
0.215670
0.219045
0.222374
0.225655
0.228884
0.232060
0.235180
0.238240
0.241238
0.244173
0.247040
0.249838
0.252564
0.255216
0.257791
0.260287
0.262702
0.265034
0.267280
0.269438
0.271507
0.273484
0.275367
0.277155
0.278845
0.280435
0.281924
0.283311
0.284592
0.285767
0.286833
0.038797
0.038362
0.038083
0.037957
0.037982
0.038154
0.038471
0.038930
0.039528
0.040262
0.041129
0.042126
0.043251
0.044499
0.045870
0.047359
0.048963
0.050680
0.052507
0.054441
0.056479
0.058618
0.060855
0.063187
0.065611
0.068124
0.070723
0.073406
0.076169
0.079010
0.081925
0.084912
0.087967
0.091087
0.094270
0.097513
0.100812
0.104165
0.107568
0.111019
0.114514
0.118051
0.121627
0.125238
0.128882
0.132555
0.136254
0.139977
0.143720
0.147480
0.151255
0.155040
0.158833
0.162631
0.166431
0.170230
0.174023
0.177809
0.181584
0.185346
0.189089
0.192813
0.196513
0.200186
0.203830
0.207440
0.211014
0.214549
0.218041
0.221488
0.224885
0.228231
0.231521
0.234753
0.237924
0.241031
0.244070
0.247038
0.249933
0.252752
0.255491
0.258148
0.260720
0.263203
0.265596
0.267896
0.270099
0.272203
0.274206
0.276104
0.277895
0.279577
0.281147
0.282603
0.283942
0.285161
0.286259
0.287232
0.288079
0.288797
0.040812
0.040305
0.039962
0.039782
0.039760
0.039893
0.040179
0.040614
0.041195
0.041919
0.042783
0.043783
0.044917
0.046182
0.047574
0.049089
0.050726
0.052481
0.054350
0.056330
0.058419
0.060614
0.062910
0.065305
0.067796
0.070380
0.073053
0.075813
0.078655
0.081578
0.084578
0.087651
0.090795
0.094007
0.097282
0.100619
0.104014
0.107464
0.110965
0.114514
0.118109
0.121746
0.125422
0.129133
0.132877
0.136650
0.140449
0.144270
0.148111
0.151968
0.155838
0.159718
0.163604
0.167493
0.171382
0.175267
0.179145
0.183013
0.186867
0.190703
0.194519
0.198311
0.202076
0.205810
0.209510
0.213171
0.216792
0.220368
0.223896
0.227372
0.230793
0.234156
0.237456
0.240691
0.243857
0.246951
0.249969
0.252908
0.255764
0.258534
0.261214
0.263802
0.266293
0.268685
0.270975
0.273158
0.275232
0.277193
0.279039
0.280766
0.282371
0.283850
0.285202
0.286422
0.287507
0.288455
0.289263
0.289927
0.290444
0.290812
0.042878
0.042298
0.041891
0.041654
0.041584
0.041677
0.041931
0.042341
0.042905
0.043618
0.044478
0.045482
0.046625
0.047904
0.049317
0.050859
0.052528
0.054319
0.056230
0.058257
0.060398
0.062647
0.065003
0.067462
0.070020
0.072674
0.075421
0.078257
0.081179
0.084185
0.087269
0.090430
0.093663
0.096966
0.100334
0.103766
0.107257
0.110803
0.114403
0.118051
0.121746
0.125483
0.129259
0.133071
0.136916
0.140789
0.144688
0.148609
0.152549
0.156504
0.160470
0.164445
0.168424
0.172405
0.176383
0.180356
0.184319
0.188269
0.192202
0.196115
0.200004
0.203865
0.207695
0.211490
0.215247
0.218961
0.222629
0.226246
0.229810
0.233317
0.236762
0.240142
0.243453
0.246692
0.249854
0.252935
0.255932
0.258841
0.261658
0.264380
0.267001
0.269520
0.271931
0.274231
0.276417
0.278483
0.280428
0.282246
0.283935
0.285489
0.286907
0.288183
0.289315
0.290299
0.291130
0.291806
0.292322
0.292675
0.292862
0.292878
0.044995
0.044340
0.043867
0.043573
0.043454
0.043507
0.043728
0.044112
0.044658
0.045360
0.046216
0.047221
0.048372
0.049667
0.051099
0.052668
0.054368
0.056196
0.058149
0.060222
0.062413
0.064718
0.067133
0.069655
0.072280
0.075004
0.077825
0.080738
0.083740
0.086828
0.089997
0.093245
0.096568
0.099962
0.103424
0.106950
0.110537
0.114181
0.117879
0.121627
0.125422
0.129259
0.133137
0.137050
0.140995
0.144969
0.148969
0.152989
0.157028
0.161081
0.165144
0.169215
0.173288
0.177361
0.181430
0.185490
0.189539
0.193571
0.197585
0.201574
0.205537
0.209468
0.213364
0.217221
0.221035
0.224801
0.228517
0.232177
0.235778
0.239315
0.242785
0.246183
0.249506
0.252748
0.255906
0.258975
0.261952
0.264832
0.267610
0.270283
0.272847
0.275296
0.277627
0.279835
0.281917
0.283867
0.285682
0.287357
0.288888
0.290270
0.291500
0.292573
0.293485
0.294231
0.294808
0.295211
0.295435
0.295477
0.295332
0.294995
0.047164
0.046433
0.045893
0.045541
0.045372
0.045383
0.045569
0.045928
0.046454
0.047144
0.047995
0.049002
0.050161
0.051469
0.052922
0.054516
0.056247
0.058111
0.060105
0.062225
0.064466
0.066826
0.069300
0.071885
0.074576
0.077371
0.080265
0.083255
0.086337
0.089506
0.092761
0.096096
0.099508
0.102993
0.106548
0.110169
0.113853
0.117594
0.121391
0.125238
0.129133
0.133071
0.137050
0.141064
0.145111
0.149186
0.153286
0.157407
0.161545
0.165696
0.169857
0.174023
0.178191
0.182356
0.186515
0.190664
0.194798
0.198914
0.203008
0.207075
0.211111
0.215113
0.219076
0.222995
0.226866
0.230686
0.234450
0.238153
0.241791
0.245360
0.248855
0.252272
0.255606
0.258852
0.262007
0.265065
0.268022
0.270873
0.273613
0.276238
0.278744
0.281124
0.283375
0.285492
0.287470
0.289304
0.290989
0.292521
0.293894
0.295105
0.296147
0.297017
0.297708
0.298217
0.298539
0.298668
0.298600
0.298330
0.297853
0.297164
0.049383
0.048575
0.047968
0.047556
0.047337
0.047305
0.047456
0.047788
0.048294
0.048972
0.049816
0.050824
0.051991
0.053312
0.054784
0.056403
0.058165
0.060065
0.062099
0.064264
0.066556
0.068970
0.071503
0.074150
0.076908
0.079773
0.082740
0.085806
0.088967
0.092219
0.095558
0.098980
0.102481
0.106058
0.109706
0.113422
0.117201
0.121040
0.124935
0.128882
0.132877
0.136916
0.140995
0.145111
0.149259
0.153435
0.157636
0.161857
0.166094
0.170344
0.174602
0.178864
0.183126
0.187384
0.191634
0.195871
0.200092
0.204292
0.208466
0.212611
0.216722
0.220794
0.224823
0.228805
0.232735
0.236609
0.240421
0.244168
0.247844
0.251445
0.254965
0.258401
0.261747
0.264999
0.268151
0.271198
0.274135
0.276958
0.279661
0.282239
0.284686
0.286999
0.289170
0.291196
0.293071
0.294789
0.296345
0.297734
0.298951
0.299989
0.300844
0.301510
0.301982
0.302254
0.302321
0.302177
0.301816
0.301234
0.300425
0.299383
0.051653
0.050768
0.050091
0.049620
0.049349
0.049273
0.049389
0.049692
0.050178
0.050842
0.051681
0.052689
0.053862
0.055196
0.056687
0.058330
0.060122
0.062057
0.064132
0.066342
0.068683
0.071151
0.073742
0.076451
0.079275
0.082209
0.085249
0.088391
0.091631
0.094965
0.098388
0.101896
0.105486
0.109154
0.112895
0.116705
0.120580
0.124516
0.128509
0.132555
0.136650
0.140789
0.144969
0.149186
0.153435
0.157712
0.162013
0.166334
0.170671
0.175019
0.179375
0.183733
0.188089
0.192440
0.196781
0.201107
0.205414
0.209697
0.213953
0.218175
0.222361
0.226504
0.230601
0.234646
0.238634
0.242562
0.246424
0.250214
0.253929
0.257562
0.261109
0.264564
0.267923
0.271180
0.274330
0.277366
0.280285
0.283080
0.285746
0.288278
0.290668
0.292913
0.295006
0.296942
0.298714
0.300317
0.301745
0.302992
0.304052
0.304919
0.305587
0.306051
0.306303
0.306339
0.306151
0.305734
0.305082
0.304189
0.303048
0.301653
0.053974
0.053010
0.052264
0.051732
0.051408
0.051288
0.051368
0.051642
0.052107
0.052757
0.053588
0.054595
0.055774
0.057121
0.058630
0.060297
0.062117
0.064087
0.066202
0.068456
0.070846
0.073368
0.076016
0.078787
0.081676
0.084679
0.087791
0.091009
0.094327
0.097742
0.101248
0.104843
0.108521
0.112279
0.116112
0.120016
0.123986
0.128019
0.132110
0.136254
0.140449
0.144688
0.148969
0.153286
0.157636
0.162013
0.166415
0.170836
0.175271
0.179718
0.184170
0.188624
0.193075
0.197519
0.201950
0.206365
0.210758
0.215125
0.219462
0.223762
0.228022
0.232237
0.236401
0.240509
0.244557
0.248539
0.252450
0.256285
0.260038
0.263704
0.267278
0.270754
0.274126
0.277389
0.280537
0.283565
0.286465
0.289234
0.291864
0.294349
0.296684
0.298862
0.300877
0.302723
0.304394
0.305883
0.307184
0.308289
0.309194
0.309891
0.310374
0.310635
0.310670
0.310469
0.310028
0.309340
0.308397
0.307193
0.305721
0.303974
0.056346
0.055303
0.054487
0.053892
0.053515
0.053350
0.053393
0.053638
0.054080
0.054715
0.055539
0.056545
0.057729
0.059087
0.060613
0.062303
0.064152
0.066156
0.068309
0.070608
0.073046
0.075620
0.078326
0.081158
0.084111
0.087182
0.090366
0.093658
0.097054
0.100549
0.104138
0.107819
0.111584
0.115432
0.119356
0.123353
0.127418
0.131547
0.135734
0.139977
0.144270
0.148609
0.152989
0.157407
0.161857
0.166334
0.170836
0.175356
0.179890
0.184434
0.188983
0.193533
0.198078
0.202614
0.207136
0.211639
0.216118
0.220569
0.224986
0.229365
0.233700
0.237985
0.242217
0.246389
0.250496
0.254533
0.258494
0.262373
0.266166
0.269865
0.273466
0.276963
0.280349
0.283619
0.286767
0.289785
0.292669
0.295411
0.298006
0.300447
0.302727
0.304839
0.306778
0.308536
0.310106
0.311482
0.312656
0.313622
0.314373
0.314901
0.315199
0.315260
0.315078
0.314643
0.313950
0.312991
0.311759
0.310245
0.308444
0.306346
0.058770
0.057646
0.056758
0.056101
0.055670
0.055459
0.055464
0.055679
0.056099
0.056718
0.057533
0.058537
0.059726
0.061094
0.062637
0.064350
0.066227
0.068263
0.070455
0.072796
0.075282
0.077908
0.080670
0.083562
0.086579
0.089717
0.092972
0.096337
0.099810
0.103385
0.107056
0.110821
0.114674
0.118610
0.122625
0.126714
0.130872
0.135096
0.139380
0.143720
0.148111
0.152549
0.157028
0.161545
0.166094
0.170671
0.175271
0.179890
0.184522
0.189164
0.193809
0.198453
0.203092
0.207720
0.212332
0.216923
0.221488
0.226023
0.230521
0.234977
0.239386
0.243743
0.248042
0.252278
0.256445
0.260536
0.264547
0.268472
0.272304
0.276038
0.279667
0.283185
0.286586
0.289863
0.293011
0.296021
0.298889
0.301606
0.304167
0.306564
0.308790
0.310839
0.312702
0.314373
0.315844
0.317109
0.318158
0.318986
0.319584
0.319945
0.320060
0.319923
0.319525
0.318858
0.317914
0.316687
0.315166
0.313345
0.311216
0.308770
0.061244
0.060039
0.059080
0.058359
0.057874
0.057616
0.057582
0.057766
0.058162
0.058766
0.059571
0.060572
0.061765
0.063143
0.064702
0.066436
0.068340
0.070409
0.072638
0.075021
0.077554
0.080231
0.083048
0.085999
0.089079
0.092284
0.095608
0.099047
0.102595
0.106248
0.110001
0.113849
0.117787
0.121811
0.125916
0.130096
0.134347
0.138665
0.143044
0.147480
0.151968
0.156504
0.161081
0.165696
0.170344
0.175019
0.179718
0.184434
0.189164
0.193901
0.198642
0.203380
0.208112
0.212831
0.217533
0.222212
0.226862
0.231480
0.236058
0.240592
0.245076
0.249504
0.253870
0.258169
0.262395
0.266542
0.270604
0.274574
0.278446
0.282214
0.285871
0.289411
0.292828
0.296114
0.299262
0.302266
0.305118
0.307812
0.310340
0.312695
0.314869
0.316854
0.318644
0.320229
0.321603
0.322758
0.323685
0.324376
0.324823
0.325019
0.324953
0.324619
0.324008
0.323111
0.321919
0.320424
0.318618
0.316492
0.314037
0.311244
0.063769
0.062483
0.061451
0.060667
0.060125
0.059821
0.059747
0.059900
0.060272
0.060858
0.061653
0.062651
0.063847
0.065234
0.066808
0.068563
0.070494
0.072594
0.074859
0.077284
0.079862
0.082589
0.085460
0.088469
0.091611
0.094881
0.098274
0.101784
0.105407
0.109137
0.112970
0.116901
0.120924
0.125034
0.129227
0.133497
0.137840
0.142251
0.146724
0.151255
0.155838
0.160470
0.165144
0.169857
0.174602
0.179375
0.184170
0.188983
0.193809
0.198642
0.203477
0.208309
0.213132
0.217942
0.222733
0.227498
0.232234
0.236934
0.241592
0.246203
0.250761
0.255260
0.259694
0.264056
0.268342
0.272544
0.276656
0.280671
0.284584
0.288387
0.292073
0.295636
0.299069
0.302364
0.305514
0.308512
0.311351
0.314022
0.316518
0.318832
0.320955
0.322879
0.324597
0.326099
0.327378
0.328424
0.329231
0.329787
0.330086
0.330118
0.329875
0.329346
0.328524
0.327399
0.325962
0.324203
0.322114
0.319684
0.316906
0.313769
0.066345
0.064977
0.063871
0.063023
0.062426
0.062073
0.061960
0.062080
0.062428
0.062996
0.063781
0.064775
0.065972
0.067368
0.068956
0.070731
0.072687
0.074818
0.077118
0.079583
0.082206
0.084982
0.087906
0.090972
0.094174
0.097508
0.100969
0.104549
0.108246
0.112052
0.115963
0.119975
0.124081
0.128276
0.132556
0.136915
0.141348
0.145850
0.150416
0.155040
0.159718
0.164445
0.169215
0.174023
0.178864
0.183733
0.188624
0.193533
0.198453
0.203380
0.208309
0.213233
0.218148
0.223047
0.227925
0.232777
0.237597
0.242378
0.247116
0.251803
0.256435
0.261004
0.265505
0.269931
0.274276
0.278533
0.282696
0.286757
0.290711
0.294549
0.298265
0.301851
0.305301
0.308606
0.311759
0.314753
0.317578
0.320229
0.322695
0.324969
0.327043
0.328908
0.330555
0.331976
0.333162
0.334103
0.334790
0.335215
0.335368
0.335240
0.334821
0.334101
0.333070
0.331720
0.330040
0.328020
0.325651
0.322922
0.319823
0.316345
0.068973
0.067521
0.066342
0.065429
0.064775
0.064374
0.064221
0.064308
0.064630
0.065180
0.065953
0.066942
0.068141
0.069545
0.071146
0.072940
0.074920
0.077080
0.079415
0.081919
0.084585
0.087409
0.090385
0.093507
0.096768
0.100165
0.103691
0.107341
0.111109
0.114990
0.118979
0.123069
0.127257
0.131536
0.135901
0.140347
0.144868
0.149460
0.154117
0.158833
0.163604
0.168424
0.173288
0.178191
0.183126
0.188089
0.193075
0.198078
0.203092
0.208112
0.213132
0.218148
0.223152
0.228140
0.233105
0.238042
0.242945
0.247807
0.252623
0.257387
0.262091
0.266731
0.271298
0.275787
0.280192
0.284504
0.288717
0.292825
0.296819
0.300693
0.304439
0.308049
0.311517
0.314833
0.317990
0.320980
0.323794
0.326425
0.328863
0.331100
0.333126
0.334934
0.336513
0.337855
0.338949
0.339787
0.340359
0.340655
0.340665
0.340379
0.339787
0.338879
0.337644
0.336072
0.334152
0.331875
0.329229
0.326203
0.322788
0.318973
0.071651
0.070117
0.068863
0.067885
0.067174
0.066724
0.066530
0.066583
0.066879
0.067410
0.068171
0.069154
0.070354
0.071764
0.073378
0.075190
0.077193
0.079382
0.081750
0.084292
0.087001
0.089871
0.092897
0.096073
0.099393
0.102851
0.106441
0.110158
0.113997
0.117951
0.122015
0.126183
0.130450
0.134811
0.139260
0.143791
0.148399
0.153079
0.157825
0.162631
0.167493
0.172405
0.177361
0.182356
0.187384
0.192440
0.197519
0.202614
0.207720
0.212831
0.217942
0.223047
0.228140
0.233215
0.238265
0.243286
0.248271
0.253214
0.258107
0.262946
0.267723
0.272432
0.277065
0.281617
0.286080
0.290447
0.294711
0.298865
0.302901
0.306811
0.310587
0.314223
0.317709
0.321037
0.324199
0.327187
0.329991
0.332604
0.335015
0.337216
0.339198
0.340950
0.342464
0.343729
0.344735
0.345473
0.345932
0.346102
0.345972
0.345532
0.344770
0.343677
0.342241
0.340451
0.338296
0.335764
0.332845
0.329528
0.325800
0.321651
0.074380
0.072763
0.071435
0.070390
0.069622
0.069123
0.068887
0.068907
0.069176
0.069687
0.070435
0.071412
0.072611
0.074027
0.075653
0.077481
0.079507
0.081723
0.084123
0.086701
0.089451
0.092367
0.095442
0.098671
0.102047
0.105564
0.109218
0.113001
0.116908
0.120933
0.125070
0.129314
0.133660
0.138100
0.142631
0.147245
0.151938
0.156704
0.161537
0.166431
0.171382
0.176383
0.181430
0.186515
0.191634
0.196781
0.201950
0.207136
0.212332
0.217533
0.222733
0.227925
0.233105
0.238265
0.243401
0.248504
0.253570
0.258591
0.263561
0.268474
0.273322
0.278100
0.282799
0.287413
0.291935
0.296357
0.300671
0.304871
0.308948
0.312895
0.316703
0.320363
0.323869
0.327210
0.330379
0.333366
0.336162
0.338758
0.341145
0.343312
0.345251
0.346950
0.348401
0.349592
0.350513
0.351154
0.351503
0.351550
0.351284
0.350693
0.349766
0.348492
0.346859
0.344855
0.342468
0.339687
0.336500
0.332894
0.328858
0.324380
0.077160
0.075459
0.074057
0.072946
0.072120
0.071571
0.071293
0.071279
0.071520
0.072012
0.072746
0.073715
0.074914
0.076335
0.077971
0.079815
0.081862
0.084104
0.086535
0.089148
0.091938
0.094897
0.098020
0.101300
0.104730
0.108306
0.112020
0.115867
0.119840
0.123935
0.128144
0.132462
0.136883
0.141401
0.146011
0.150706
0.155482
0.160331
0.165249
0.170230
0.175267
0.180356
0.185490
0.190664
0.195871
0.201107
0.206365
0.211639
0.216923
0.222212
0.227498
0.232777
0.238042
0.243286
0.248504
0.253689
0.258834
0.263932
0.268978
0.273964
0.278883
0.283728
0.288492
0.293168
0.297748
0.302224
0.306589
0.310835
0.314954
0.318937
0.322777
0.326464
0.329990
0.333345
0.336521
0.339509
0.342298
0.344880
0.347244
0.349380
0.351278
0.352927
0.354318
0.355438
0.356277
0.356824
0.357067
0.356995
0.356597
0.355859
0.354771
0.353320
0.351494
0.349280
0.346667
0.343641
0.340190
0.336302
0.331963
0.327160
0.079992
0.078207
0.076729
0.075552
0.074668
0.074069
0.073749
0.073699
0.073913
0.074384
0.075103
0.076065
0.077262
0.078686
0.080332
0.082191
0.084258
0.086525
0.088985
0.091633
0.094460
0.097462
0.100630
0.103959
0.107443
0.111074
0.114847
0.118756
0.122794
0.126955
0.131234
0.135623
0.140118
0.144712
0.149399
0.154173
0.159028
0.163959
0.168959
0.174023
0.179145
0.184319
0.189539
0.194798
0.200092
0.205414
0.210758
0.216118
0.221488
0.226862
0.232234
0.237597
0.242945
0.248271
0.253570
0.258834
0.264056
0.269231
0.274350
0.279408
0.284396
0.289308
0.294136
0.298873
0.303511
0.308041
0.312457
0.316749
0.320910
0.324930
0.328802
0.332516
0.336063
0.339434
0.342619
0.345608
0.348393
0.350962
0.353305
0.355412
0.357273
0.358875
0.360208
0.361260
0.362021
0.362477
0.362618
0.362431
0.361904
0.361025
0.359780
0.358157
0.356143
0.353725
0.350890
0.347624
0.343915
0.339749
0.335112
0.329992
0.082874
0.081005
0.079453
0.078209
0.077267
0.076618
0.076255
0.076170
0.076355
0.076804
0.077509
0.078462
0.079656
0.081083
0.082737
0.084611
0.086696
0.088986
0.091475
0.094155
0.097019
0.100060
0.103273
0.106649
0.110184
0.113869
0.117699
0.121668
0.125768
0.129994
0.134339
0.138798
0.143364
0.148030
0.152792
0.157642
0.162575
0.167584
0.172665
0.177809
0.183013
0.188269
0.193571
0.198914
0.204292
0.209697
0.215125
0.220569
0.226023
0.231480
0.236934
0.242378
0.247807
0.253214
0.258591
0.263932
0.269231
0.274480
0.279672
0.284800
0.289856
0.294834
0.299725
0.304522
0.309216
0.313800
0.318266
0.322604
0.326807
0.330865
0.334769
0.338511
0.342080
0.345467
0.348663
0.351656
0.354437
0.356996
0.359321
0.361402
0.363227
0.364785
0.366064
0.367052
0.367738
0.368108
0.368151
0.367853
0.367203
0.366185
0.364789
0.362999
0.360802
0.358185
0.355134
0.351635
0.347673
0.343236
0.338307
0.332874
0.085808
0.083855
0.082228
0.080918
0.079917
0.079217
0.078811
0.078690
0.078847
0.079274
0.079963
0.080906
0.082097
0.083526
0.085188
0.087073
0.089176
0.091489
0.094004
0.096714
0.099613
0.102693
0.105948
0.109370
0.112953
0.116690
0.120575
0.124601
0.128761
0.133049
0.137459
0.141984
0.146618
0.151355
0.156188
0.161112
0.166119
0.171205
0.176362
0.181584
0.186867
0.192202
0.197585
0.203008
0.208466
0.213953
0.219462
0.224986
0.230521
0.236058
0.241592
0.247116
0.252623
0.258107
0.263561
0.268978
0.274350
0.279672
0.284934
0.290131
0.295254
0.300296
0.305249
0.310105
0.314856
0.319493
0.324008
0.328393
0.332637
0.336733
0.340671
0.344440
0.348033
0.351438
0.354645
0.357644
0.360424
0.362974
0.365284
0.367340
0.369133
0.370650
0.371878
0.372806
0.373421
0.373710
0.373659
0.373255
0.372486
0.371336
0.369793
0.367842
0.365469
0.362659
0.359398
0.355671
0.351463
0.346760
0.341546
0.335808
0.088792
0.086756
0.085054
0.083677
0.082618
0.081867
0.081418
0.081261
0.081389
0.081793
0.082466
0.083399
0.084585
0.086016
0.087683
0.089581
0.091699
0.094033
0.096573
0.099312
0.102244
0.105361
0.108655
0.112121
0.115751
0.119538
0.123475
0.127555
0.131773
0.136120
0.140592
0.145181
0.149880
0.154684
0.159586
0.164580
0.169659
0.174817
0.180048
0.185346
0.190703
0.196115
0.201574
0.207075
0.212611
0.218175
0.223762
0.229365
0.234977
0.240592
0.246203
0.251803
0.257387
0.262946
0.268474
0.273964
0.279408
0.284800
0.290131
0.295395
0.300583
0.305688
0.310702
0.315616
0.320422
0.325112
0.329676
0.334106
0.338392
0.342526
0.346497
0.350296
0.353912
0.357336
0.360557
0.363563
0.366344
0.368888
0.371184
0.373220
0.374984
0.376463
0.377645
0.378516
0.379064
0.379275
0.379136
0.378632
0.377749
0.376473
0.374789
0.372682
0.370138
0.367142
0.363677
0.359729
0.355282
0.350321
0.344829
0.338792
0.091827
0.089708
0.087931
0.086488
0.085370
0.084569
0.084076
0.083883
0.083982
0.084363
0.085019
0.085941
0.087122
0.088552
0.090225
0.092133
0.094266
0.096619
0.099182
0.101949
0.104912
0.108063
0.111396
0.114903
0.118577
0.122410
0.126397
0.130530
0.134802
0.139206
0.143737
0.148386
0.153148
0.158016
0.162984
0.168044
0.173192
0.178419
0.183721
0.189089
0.194519
0.200004
0.205537
0.211111
0.216722
0.222361
0.228022
0.233700
0.239386
0.245076
0.250761
0.256435
0.262091
0.267723
0.273322
0.278883
0.284396
0.289856
0.295254
0.300583
0.305835
0.311001
0.316074
0.321045
0.325905
0.330647
0.335259
0.339735
0.344063
0.348235
0.352240
0.356069
0.359710
0.363154
0.366389
0.369404
0.372188
0.374729
0.377015
0.379033
0.380771
0.382216
0.383355
0.384174
0.384660
0.384799
0.384576
0.383976
0.382985
0.381589
0.379770
0.377515
0.374807
0.371631
0.367970
0.363808
0.359130
0.353918
0.348156
0.341827
0.094914
0.092712
0.090860
0.089351
0.088175
0.087324
0.086787
0.086558
0.086626
0.086984
0.087622
0.088533
0.089707
0.091137
0.092814
0.094730
0.096877
0.099247
0.101832
0.104625
0.107617
0.110801
0.114169
0.117715
0.121430
0.125308
0.129342
0.133524
0.137848
0.142306
0.146892
0.151599
0.156420
0.161349
0.166379
0.171503
0.176715
0.182008
0.187376
0.192813
0.198311
0.203865
0.209468
0.215113
0.220794
0.226504
0.232237
0.237985
0.243743
0.249504
0.255260
0.261004
0.266731
0.272432
0.278100
0.283728
0.289308
0.294834
0.300296
0.305688
0.311001
0.316227
0.321358
0.326384
0.331298
0.336090
0.340750
0.345271
0.349641
0.353851
0.357890
0.361749
0.365417
0.368882
0.372133
0.375159
0.377949
0.380488
0.382766
0.384770
0.386486
0.387901
0.389001
0.389773
0.390202
0.390273
0.389972
0.389282
0.388190
0.386679
0.384733
0.382336
0.379471
0.376123
0.372273
0.367906
0.363003
0.357549
0.351525
0.344914
0.098051
0.095767
0.093842
0.092267
0.091033
0.090131
0.089551
0.089285
0.089323
0.089657
0.090277
0.091176
0.092343
0.093771
0.095451
0.097375
0.099533
0.101919
0.104524
0.107340
0.110359
0.113573
0.116975
0.120557
0.124312
0.128232
0.132309
0.136538
0.140910
0.145418
0.150057
0.154818
0.159694
0.164680
0.169769
0.174953
0.180226
0.185581
0.191013
0.196513
0.202076
0.207695
0.213364
0.219076
0.224823
0.230601
0.236401
0.242217
0.248042
0.253870
0.259694
0.265505
0.271298
0.277065
0.282799
0.288492
0.294136
0.299725
0.305249
0.310702
0.316074
0.321358
0.326544
0.331625
0.336590
0.341432
0.346140
0.350704
0.355116
0.359364
0.363438
0.367328
0.371023
0.374511
0.377780
0.380819
0.383615
0.386157
0.388430
0.390423
0.392120
0.393509
0.394576
0.395304
0.395681
0.395690
0.395317
0.394544
0.393357
0.391739
0.389672
0.387140
0.384127
0.380614
0.376584
0.372019
0.366901
0.361213
0.354935
0.348051
0.101240
0.098874
0.096876
0.095235
0.093944
0.092991
0.092368
0.092065
0.092073
0.092383
0.092985
0.093870
0.095030
0.096455
0.098137
0.100066
0.102236
0.104636
0.107259
0.110096
0.113140
0.116382
0.119815
0.123431
0.127222
0.131180
0.135299
0.139570
0.143987
0.148543
0.153230
0.158041
0.162970
0.168009
0.173152
0.178392
0.183722
0.189136
0.194626
0.200186
0.205810
0.211490
0.217221
0.222995
0.228805
0.234646
0.240509
0.246389
0.252278
0.258169
0.264056
0.269931
0.275787
0.281617
0.287413
0.293168
0.298873
0.304522
0.310105
0.315616
0.321045
0.326384
0.331625
0.336758
0.341774
0.346663
0.351418
0.356026
0.360479
0.364765
0.368875
0.372796
0.376519
0.380030
0.383319
0.386373
0.389179
0.391725
0.393997
0.395982
0.397665
0.399032
0.400069
0.400760
0.401090
0.401044
0.400604
0.399755
0.398480
0.396761
0.394581
0.391924
0.388769
0.385100
0.380898
0.376145
0.370821
0.364909
0.358388
0.351240
0.104479
0.102033
0.099962
0.098257
0.096908
0.095906
0.095240
0.094900
0.094878
0.095163
0.095746
0.096618
0.097769
0.099190
0.100872
0.102807
0.104985
0.107398
0.110037
0.112894
0.115960
0.119228
0.122689
0.126336
0.130160
0.134154
0.138310
0.142621
0.147080
0.151679
0.156411
0.161269
0.166246
0.171334
0.176528
0.181819
0.187202
0.192669
0.198214
0.203830
0.209510
0.215247
0.221035
0.226866
0.232735
0.238634
0.244557
0.250496
0.256445
0.262395
0.268342
0.274276
0.280192
0.286080
0.291935
0.297748
0.303511
0.309216
0.314856
0.320422
0.325905
0.331298
0.336590
0.341774
0.346839
0.351776
0.356575
0.361226
0.365720
0.370044
0.374189
0.378143
0.381894
0.385431
0.388741
0.391812
0.394630
0.397183
0.399457
0.401438
0.403111
0.404461
0.405473
0.406132
0.406421
0.406325
0.405826
0.404907
0.403551
0.401740
0.399456
0.396680
0.393394
0.389578
0.385214
0.380282
0.374762
0.368635
0.361881
0.354479
0.107770
0.105243
0.103101
0.101333
0.099927
0.098875
0.098166
0.097790
0.097738
0.097998
0.098562
0.099419
0.100561
0.101978
0.103659
0.105597
0.107783
0.110206
0.112860
0.115734
0.118820
0.122111
0.125598
0.129272
0.133126
0.137153
0.141343
0.145691
0.150187
0.154826
0.159599
0.164499
0.169520
0.174653
0.179893
0.185232
0.190663
0.196179
0.201774
0.207440
0.213171
0.218961
0.224801
0.230686
0.236609
0.242562
0.248539
0.254533
0.260536
0.266542
0.272544
0.278533
0.284504
0.290447
0.296357
0.302224
0.308041
0.313800
0.319493
0.325112
0.330647
0.336090
0.341432
0.346663
0.351776
0.356758
0.361602
0.366295
0.370829
0.375191
0.379371
0.383358
0.387139
0.390702
0.394035
0.397125
0.399958
0.402522
0.404801
0.406781
0.408448
0.409786
0.410779
0.411411
0.411666
0.411526
0.410975
0.409994
0.408565
0.406670
0.404290
0.401405
0.397996
0.394044
0.389527
0.384426
0.378721
0.372390
0.365413
0.357770
0.111111
0.108507
0.106294
0.104462
0.103001
0.101900
0.101149
0.100737
0.100654
0.100890
0.101434
0.102277
0.103408
0.104819
0.106499
0.108439
0.110630
0.113063
0.115728
0.118617
0.121721
0.125032
0.128541
0.132241
0.136122
0.140177
0.144398
0.148778
0.153309
0.157983
0.162793
0.167731
0.172791
0.177965
0.183246
0.188627
0.194102
0.199662
0.205302
0.211014
0.216792
0.222629
0.228517
0.234450
0.240421
0.246424
0.252450
0.258494
0.264547
0.270604
0.276656
0.282696
0.288717
0.294711
0.300671
0.306589
0.312457
0.318266
0.324008
0.329676
0.335259
0.340750
0.346140
0.351418
0.356575
0.361602
0.366488
0.371222
0.375795
0.380195
0.384411
0.388431
0.392242
0.395833
0.399191
0.402302
0.405153
0.407729
0.410017
0.412001
0.413666
0.414997
0.415976
0.416588
0.416814
0.416638
0.416042
0.415007
0.413514
0.411543
0.409076
0.406092
0.402571
0.398492
0.393834
0.388576
0.382696
0.376173
0.368986
0.361111
0.114504
0.111822
0.109540
0.107647
0.106131
0.104982
0.104189
0.103741
0.103628
0.103839
0.104363
0.105191
0.106312
0.107715
0.109393
0.111333
0.113528
0.115968
0.118643
0.121545
0.124664
0.127992
0.131521
0.135242
0.139147
0.143227
0.147476
0.151884
0.156444
0.161149
0.165991
0.170963
0.176058
0.181267
0.186585
0.192004
0.197517
0.203116
0.208796
0.214549
0.220368
0.226246
0.232177
0.238153
0.244168
0.250214
0.256285
0.262373
0.268472
0.274574
0.280671
0.286757
0.292825
0.298865
0.304871
0.310835
0.316749
0.322604
0.328393
0.334106
0.339735
0.345271
0.350704
0.356026
0.361226
0.366295
0.371222
0.375997
0.380609
0.385046
0.389297
0.393350
0.397193
0.400813
0.404197
0.407332
0.410202
0.412795
0.415096
0.417088
0.418756
0.420084
0.421055
0.421652
0.421858
0.421653
0.421020
0.419938
0.418390
0.416354
0.413809
0.410737
0.407113
0.402919
0.398131
0.392727
0.386685
0.379982
0.372596
0.364504
0.117947
0.115190
0.112840
0.110887
0.109317
0.108121
0.107287
0.106804
0.106661
0.106847
0.107352
0.108164
0.109273
0.110669
0.112342
0.114282
0.116479
0.118924
0.121606
0.124518
0.127650
0.130993
0.134538
0.138277
0.142202
0.146304
0.150575
0.155007
0.159593
0.164325
0.169195
0.174196
0.179320
0.184560
0.189909
0.195360
0.200906
0.206539
0.212253
0.218041
0.223896
0.229810
0.235778
0.241791
0.247844
0.253929
0.260038
0.266166
0.272304
0.278446
0.284584
0.290711
0.296819
0.302901
0.308948
0.314954
0.320910
0.326807
0.332637
0.338392
0.344063
0.349641
0.355116
0.360479
0.365720
0.370829
0.375795
0.380609
0.385258
0.389732
0.394018
0.398105
0.401980
0.405631
0.409043
0.412202
0.415096
0.417709
0.420025
0.422029
0.423706
0.425037
0.426006
0.426595
0.426787
0.426561
0.425899
0.424780
0.423185
0.421093
0.418482
0.415331
0.411618
0.407319
0.402413
0.396876
0.390684
0.383815
0.376244
0.367947
0.121442
0.118611
0.116195
0.114183
0.112561
0.111319
0.110445
0.109928
0.109755
0.109916
0.110401
0.111197
0.112294
0.113681
0.115349
0.117286
0.119484
0.121932
0.124620
0.127539
0.130681
0.134035
0.137593
0.141347
0.145288
0.149407
0.153697
0.158149
0.162756
0.167509
0.172402
0.177427
0.182575
0.187841
0.193216
0.198693
0.204266
0.209928
0.215670
0.221488
0.227372
0.233317
0.239315
0.245360
0.251445
0.257562
0.263704
0.269865
0.276038
0.282214
0.288387
0.294549
0.300693
0.306811
0.312895
0.318937
0.324930
0.330865
0.336733
0.342526
0.348235
0.353851
0.359364
0.364765
0.370044
0.375191
0.380195
0.385046
0.389732
0.394241
0.398563
0.402684
0.406592
0.410273
0.413715
0.416903
0.419822
0.422457
0.424794
0.426815
0.428504
0.429844
0.430818
0.431406
0.431590
0.431351
0.430669
0.429523
0.427892
0.425754
0.423088
0.419870
0.416078
0.411689
0.406677
0.401020
0.394693
0.387670
0.379928
0.371442
0.124987
0.122085
0.119605
0.117535
0.115863
0.114576
0.113663
0.113112
0.112911
0.113048
0.113512
0.114292
0.115376
0.116754
0.118415
0.120349
0.122545
0.124994
0.127685
0.130610
0.133758
0.137120
0.140688
0.144453
0.148406
0.152538
0.156842
0.161310
0.165932
0.170703
0.175613
0.180656
0.185823
0.191108
0.196504
0.202002
0.207596
0.213280
0.219045
0.224885
0.230793
0.236762
0.242785
0.248855
0.254965
0.261109
0.267278
0.273466
0.279667
0.285871
0.292073
0.298265
0.304439
0.310587
0.316703
0.322777
0.328802
0.334769
0.340671
0.346497
0.352240
0.357890
0.363438
0.368875
0.374189
0.379371
0.384411
0.389297
0.394018
0.398563
0.402919
0.407074
0.411016
0.414730
0.418203
0.421420
0.424367
0.427029
0.429389
0.431432
0.433139
0.434494
0.435478
0.436073
0.436258
0.436015
0.435322
0.434158
0.432501
0.430329
0.427618
0.424346
0.420489
0.416021
0.410918
0.405155
0.398707
0.391547
0.383649
0.374987
0.128584
0.125613
0.123071
0.120946
0.119224
0.117895
0.116944
0.116360
0.116130
0.116244
0.116688
0.117451
0.118522
0.119890
0.121543
0.123472
0.125665
0.128112
0.130804
0.133731
0.136882
0.140250
0.143824
0.147595
0.151556
0.155698
0.160011
0.164489
0.169123
0.173905
0.178827
0.183882
0.189063
0.194362
0.199771
0.205284
0.210894
0.216593
0.222374
0.228231
0.234156
0.240142
0.246183
0.252272
0.258401
0.264564
0.270754
0.276963
0.283185
0.289411
0.295636
0.301851
0.308049
0.314223
0.320363
0.326464
0.332516
0.338511
0.344440
0.350296
0.356069
0.361749
0.367328
0.372796
0.378143
0.383358
0.388431
0.393350
0.398105
0.402684
0.407074
0.411264
0.415239
0.418986
0.422492
0.425741
0.428720
0.431411
0.433800
0.435868
0.437599
0.438975
0.439976
0.440585
0.440779
0.440540
0.439846
0.438674
0.437002
0.434807
0.432066
0.428752
0.424843
0.420311
0.415132
0.409278
0.402724
0.395441
0.387404
0.378584
0.132231
0.129194
0.126593
0.124414
0.122646
0.121275
0.120288
0.119672
0.119416
0.119506
0.119930
0.120677
0.121734
0.123090
0.124735
0.126657
0.128845
0.131289
0.133979
0.136905
0.140057
0.143426
0.147002
0.150777
0.154741
0.158887
0.163205
0.167688
0.172327
0.177115
0.182044
0.187106
0.192294
0.197600
0.203017
0.208538
0.214156
0.219864
0.225655
0.231521
0.237456
0.243453
0.249506
0.255606
0.261747
0.267923
0.274126
0.280349
0.286586
0.292828
0.299069
0.305301
0.311517
0.317709
0.323869
0.329990
0.336063
0.342080
0.348033
0.353912
0.359710
0.365417
0.371023
0.376519
0.381894
0.387139
0.392242
0.397193
0.401980
0.406592
0.411016
0.415239
0.419248
0.423030
0.426570
0.429854
0.432866
0.435590
0.438011
0.440110
0.441870
0.443273
0.444299
0.444929
0.445141
0.444916
0.444230
0.443062
0.441387
0.439182
0.436421
0.433080
0.429133
0.424553
0.419312
0.413384
0.406740
0.399352
0.391192
0.382231
0.135930
0.132829
0.130171
0.127942
0.126130
0.124719
0.123698
0.123052
0.122769
0.122836
0.123241
0.123971
0.125014
0.126359
0.127994
0.129907
0.132089
0.134527
0.137212
0.140135
0.143284
0.146650
0.150224
0.153998
0.157961
0.162106
0.166424
0.170907
0.175546
0.180334
0.185263
0.190326
0.195514
0.200822
0.206240
0.211762
0.217382
0.223092
0.228884
0.234753
0.240691
0.246692
0.252748
0.258852
0.264999
0.271180
0.277389
0.283619
0.289863
0.296114
0.302364
0.308606
0.314833
0.321037
0.327210
0.333345
0.339434
0.345467
0.351438
0.357336
0.363154
0.368882
0.374511
0.380030
0.385431
0.390702
0.395833
0.400813
0.405631
0.410273
0.414730
0.418986
0.423030
0.426847
0.430423
0.433743
0.436791
0.439552
0.442009
0.444144
0.445939
0.447375
0.448433
0.449092
0.449332
0.449130
0.448464
0.447310
0.445644
0.443441
0.440676
0.437323
0.433353
0.428739
0.423454
0.417468
0.410753
0.403278
0.395013
0.385930
0.139680
0.136518
0.133807
0.131531
0.129676
0.128228
0.127174
0.126500
0.126192
0.126238
0.126624
0.127337
0.128366
0.129698
0.131322
0.133226
0.135398
0.137829
0.140507
0.143422
0.146565
0.149925
0.153493
0.157261
0.161219
0.165358
0.169670
0.174147
0.178780
0.183562
0.188486
0.193542
0.198725
0.204026
0.209438
0.214955
0.220569
0.226273
0.232060
0.237924
0.243857
0.249854
0.255906
0.262007
0.268151
0.274330
0.280537
0.286767
0.293011
0.299262
0.305514
0.311759
0.317990
0.324199
0.330379
0.336521
0.342619
0.348663
0.354645
0.360557
0.366389
0.372133
0.377780
0.383319
0.388741
0.394035
0.399191
0.404197
0.409043
0.413715
0.418203
0.422492
0.426570
0.430423
0.434036
0.437394
0.440481
0.443282
0.445779
0.447955
0.449791
0.451267
0.452364
0.453062
0.453337
0.453169
0.452533
0.451406
0.449762
0.447576
0.444821
0.441470
0.437494
0.432864
0.427552
0.421527
0.414758
0.407215
0.398866
0.389680
0.143480
0.140263
0.137501
0.135181
0.133287
0.131805
0.130720
0.130020
0.129689
0.129714
0.130081
0.130779
0.131793
0.133112
0.134723
0.136615
0.138777
0.141197
0.143865
0.146770
0.149903
0.153253
0.156811
0.160568
0.164515
0.168643
0.172944
0.177409
0.182030
0.186800
0.191711
0.196754
0.201924
0.207212
0.212611
0.218114
0.223715
0.229405
0.235180
0.241031
0.246951
0.252935
0.258975
0.265065
0.271198
0.277366
0.283565
0.289785
0.296021
0.302266
0.308512
0.314753
0.320980
0.327187
0.333366
0.339509
0.345608
0.351656
0.357644
0.363563
0.369404
0.375159
0.380819
0.386373
0.391812
0.397125
0.402302
0.407332
0.412202
0.416903
0.421420
0.425741
0.429854
0.433743
0.437394
0.440792
0.443921
0.446766
0.449307
0.451529
0.453411
0.454934
0.456078
0.456822
0.457144
0.457020
0.456426
0.455338
0.453730
0.451575
0.448845
0.445512
0.441547
0.436920
0.431599
0.425554
0.418752
0.411161
0.402748
0.393480
0.147332
0.144062
0.141254
0.138893
0.136963
0.135450
0.134338
0.133613
0.133260
0.133266
0.133616
0.134298
0.135297
0.136602
0.138200
0.140079
0.142228
0.144635
0.147290
0.150182
0.153301
0.156637
0.160180
0.163921
0.167852
0.171963
0.176247
0.180694
0.185297
0.190048
0.194939
0.199962
0.205111
0.210378
0.215757
0.221239
0.226818
0.232487
0.238240
0.244070
0.249969
0.255932
0.261952
0.268022
0.274135
0.280285
0.286465
0.292669
0.298889
0.305118
0.311351
0.317578
0.323794
0.329991
0.336162
0.342298
0.348393
0.354437
0.360424
0.366344
0.372188
0.377949
0.383615
0.389179
0.394630
0.399958
0.405153
0.410202
0.415096
0.419822
0.424367
0.428720
0.432866
0.436791
0.440481
0.443921
0.447095
0.449986
0.452576
0.454849
0.456783
0.458361
0.459560
0.460359
0.460736
0.460668
0.460128
0.459092
0.457534
0.455425
0.452737
0.449440
0.445504
0.440898
0.435589
0.429544
0.422730
0.415113
0.406659
0.397332
0.151235
0.147917
0.145067
0.142670
0.140708
0.139166
0.138030
0.137283
0.136911
0.136898
0.137232
0.137898
0.138883
0.140173
0.141757
0.143622
0.145756
0.148147
0.150786
0.153661
0.156762
0.160079
0.163603
0.167324
0.171233
0.175321
0.179581
0.184004
0.188581
0.193306
0.198170
0.203166
0.208287
0.213525
0.218874
0.224327
0.229876
0.235516
0.241238
0.247038
0.252908
0.258841
0.264832
0.270873
0.276958
0.283080
0.289234
0.295411
0.301606
0.307812
0.314022
0.320229
0.326425
0.332604
0.338758
0.344880
0.350962
0.356996
0.362974
0.368888
0.374729
0.380488
0.386157
0.391725
0.397183
0.402522
0.407729
0.412795
0.417709
0.422457
0.427029
0.431411
0.435590
0.439552
0.443282
0.446766
0.449986
0.452927
0.455570
0.457898
0.459891
0.461530
0.462792
0.463656
0.464099
0.464097
0.463624
0.462655
0.461161
0.459114
0.456485
0.453243
0.449355
0.444790
0.439514
0.433492
0.426689
0.419069
0.410597
0.401235
0.155188
0.151828
0.148942
0.146512
0.144522
0.142956
0.141798
0.141032
0.140643
0.140615
0.140933
0.141584
0.142555
0.143830
0.145398
0.147247
0.149364
0.151737
0.154357
0.157211
0.160290
0.163584
0.167083
0.170777
0.174659
0.178719
0.182949
0.187340
0.191885
0.196576
0.201405
0.206366
0.211451
0.216652
0.221963
0.227378
0.232888
0.238489
0.244173
0.249933
0.255764
0.261658
0.267610
0.273613
0.279661
0.285746
0.291864
0.298006
0.304167
0.310340
0.316518
0.322695
0.328863
0.335015
0.341145
0.347244
0.353305
0.359321
0.365284
0.371184
0.377015
0.382766
0.388430
0.393997
0.399457
0.404801
0.410017
0.415096
0.420025
0.424794
0.429389
0.433800
0.438011
0.442009
0.445779
0.449307
0.452576
0.455570
0.458270
0.460659
0.462717
0.464424
0.465757
0.466696
0.467216
0.467292
0.466899
0.466010
0.464597
0.462629
0.460077
0.456908
0.453090
0.448587
0.443366
0.437390
0.430622
0.423025
0.414559
0.405188
0.159193
0.155796
0.152878
0.150421
0.148409
0.146823
0.145647
0.144865
0.144461
0.144419
0.144724
0.145361
0.146316
0.147577
0.149128
0.150959
0.153056
0.155409
0.158006
0.160836
0.163888
0.167154
0.170623
0.174286
0.178134
0.182158
0.186351
0.190704
0.195209
0.199859
0.204646
0.209562
0.214602
0.219758
0.225022
0.230389
0.235852
0.241405
0.247040
0.252752
0.258534
0.264380
0.270283
0.276238
0.282239
0.288278
0.294349
0.300447
0.306564
0.312695
0.318832
0.324969
0.331100
0.337216
0.343312
0.349380
0.355412
0.361402
0.367340
0.373220
0.379033
0.384770
0.390423
0.395982
0.401438
0.406781
0.412001
0.417088
0.422029
0.426815
0.431432
0.435868
0.440110
0.444144
0.447955
0.451529
0.454849
0.457898
0.460659
0.463114
0.465243
0.467024
0.468438
0.469460
0.470067
0.470235
0.469935
0.469142
0.467825
0.465954
0.463498
0.460423
0.456695
0.452279
0.447137
0.441232
0.434525
0.426976
0.418546
0.409193
0.163249
0.159821
0.156878
0.154400
0.152369
0.150768
0.149579
0.148785
0.148369
0.148315
0.148608
0.149232
0.150173
0.151418
0.152952
0.154763
0.156839
0.159168
0.161738
0.164539
0.167561
0.170793
0.174227
0.177852
0.181660
0.185642
0.189791
0.194098
0.198555
0.203155
0.207891
0.212755
0.217741
0.222842
0.228051
0.233361
0.238767
0.244261
0.249838
0.255491
0.261214
0.267001
0.272847
0.278744
0.284686
0.290668
0.296684
0.302727
0.308790
0.314869
0.320955
0.327043
0.333126
0.339198
0.345251
0.351278
0.357273
0.363227
0.369133
0.374984
0.380771
0.386486
0.392120
0.397665
0.403111
0.408448
0.413666
0.418756
0.423706
0.428504
0.433139
0.437599
0.441870
0.445939
0.449791
0.453411
0.456783
0.459891
0.462717
0.465243
0.467448
0.469312
0.470814
0.471930
0.472636
0.472906
0.472715
0.472032
0.470829
0.469073
0.466733
0.463774
0.460160
0.455854
0.450817
0.445010
0.438392
0.430920
0.422554
0.413249
0.167355
0.163905
0.160943
0.158450
0.156407
0.154796
0.153598
0.152796
0.152372
0.152309
0.152591
0.153204
0.154131
0.155359
0.156875
0.158665
0.160717
0.163018
0.165559
0.168327
0.171313
0.174507
0.177899
0.181480
0.185241
0.189174
0.193271
0.197524
0.201925
0.206467
0.211143
0.215946
0.220869
0.225905
0.231048
0.236292
0.241630
0.247056
0.252564
0.258148
0.263802
0.269520
0.275296
0.281124
0.286999
0.292913
0.298862
0.304839
0.310839
0.316854
0.322879
0.328908
0.334934
0.340950
0.346950
0.352927
0.358875
0.364785
0.370650
0.376463
0.382216
0.387901
0.393509
0.399032
0.404461
0.409786
0.414997
0.420084
0.425037
0.429844
0.434494
0.438975
0.443273
0.447375
0.451267
0.454934
0.458361
0.461530
0.464424
0.467024
0.469312
0.471266
0.472864
0.474084
0.474900
0.475287
0.475217
0.474662
0.473590
0.471970
0.469767
0.466946
0.463470
0.459300
0.454396
0.448715
0.442215
0.434852
0.426581
0.417355
0.171513
0.168047
0.165074
0.162573
0.160525
0.158910
0.157709
0.156903
0.156474
0.156405
0.156680
0.157281
0.158196
0.159407
0.160903
0.162670
0.164695
0.166967
0.169473
0.172204
0.175149
0.178299
0.181643
0.185173
0.188881
0.192757
0.196794
0.200985
0.205321
0.209796
0.214403
0.219134
0.223984
0.228946
0.234013
0.239180
0.244440
0.249787
0.255216
0.260720
0.266293
0.271931
0.277627
0.283375
0.289170
0.295006
0.300877
0.306778
0.312702
0.318644
0.324597
0.330555
0.336513
0.342464
0.348401
0.354318
0.360208
0.366064
0.371878
0.377645
0.383355
0.389001
0.394576
0.400069
0.405473
0.410779
0.415976
0.421055
0.426006
0.430818
0.435478
0.439976
0.444299
0.448433
0.452364
0.456078
0.459560
0.462792
0.465757
0.468438
0.470814
0.472864
0.474568
0.475901
0.476839
0.477355
0.477422
0.477011
0.476089
0.474624
0.472581
0.469923
0.466611
0.462605
0.457862
0.452338
0.445989
0.438767
0.430624
0.421513
0.175722
0.172249
0.169274
0.166773
0.164727
0.163115
0.161916
0.161111
0.160682
0.160611
0.160879
0.161472
0.162373
0.163569
0.165044
0.166785
0.168781
0.171019
0.173487
0.176176
0.179075
0.182174
0.185464
0.188936
0.192582
0.196394
0.200363
0.204482
0.208745
0.213144
0.217671
0.222322
0.227089
0.231966
0.236946
0.242025
0.247196
0.252453
0.257791
0.263203
0.268685
0.274231
0.279835
0.285492
0.291196
0.296942
0.302723
0.308536
0.314373
0.320229
0.326099
0.331976
0.337855
0.343729
0.349592
0.355438
0.361260
0.367052
0.372806
0.378516
0.384174
0.389773
0.395304
0.400760
0.406132
0.411411
0.416588
0.421652
0.426595
0.431406
0.436073
0.440585
0.444929
0.449092
0.453062
0.456822
0.460359
0.463656
0.466696
0.469460
0.471930
0.474084
0.475901
0.477357
0.478429
0.479088
0.479307
0.479057
0.478304
0.477016
0.475156
0.472686
0.469565
0.465752
0.461202
0.455869
0.449704
0.442658
0.434682
0.425722
0.179982
0.176512
0.173544
0.171053
0.169017
0.167415
0.166225
0.165427
0.165003
0.164932
0.165197
0.165783
0.166672
0.167850
0.169303
0.171017
0.172981
0.175181
0.177608
0.180249
0.183096
0.186138
0.189367
0.192774
0.196351
0.200089
0.203981
0.208020
0.212200
0.216512
0.220951
0.225510
0.230183
0.234964
0.239847
0.244826
0.249897
0.255052
0.260287
0.265596
0.270975
0.276417
0.281917
0.287470
0.293071
0.298714
0.304394
0.310106
0.315844
0.321603
0.327378
0.333162
0.338949
0.344735
0.350513
0.356277
0.362021
0.367738
0.373421
0.379064
0.384660
0.390202
0.395681
0.401090
0.406421
0.411666
0.416814
0.421858
0.426787
0.431590
0.436258
0.440779
0.445141
0.449332
0.453337
0.457144
0.460736
0.464099
0.467216
0.470067
0.472636
0.474900
0.476839
0.478429
0.479645
0.480461
0.480848
0.480776
0.480212
0.479123
0.477470
0.475215
0.472315
0.468726
0.464402
0.459295
0.453352
0.446522
0.438750
0.429982
0.184292
0.180838
0.177887
0.175415
0.173399
0.171815
0.170642
0.169858
0.169442
0.169377
0.169642
0.170222
0.171099
0.172260
0.173690
0.175375
0.177303
0.179462
0.181841
0.184430
0.187218
0.190197
0.193358
0.196691
0.200190
0.203846
0.207652
0.211602
0.215688
0.219903
0.224242
0.228699
0.233267
0.237940
0.242714
0.247583
0.252540
0.257582
0.262702
0.267896
0.273158
0.278483
0.283867
0.289304
0.294789
0.300317
0.305883
0.311482
0.317109
0.322758
0.328424
0.334103
0.339787
0.345473
0.351154
0.356824
0.362477
0.368108
0.373710
0.379275
0.384799
0.390273
0.395690
0.401044
0.406325
0.411526
0.416638
0.421653
0.426561
0.431351
0.436015
0.440540
0.444916
0.449130
0.453169
0.457020
0.460668
0.464097
0.467292
0.470235
0.472906
0.475287
0.477355
0.479088
0.480461
0.481446
0.482017
0.482142
0.481788
0.480920
0.479500
0.477488
0.474839
0.471509
0.467447
0.462603
0.456922
0.450349
0.442825
0.434292
0.188654
0.185227
0.182305
0.179864
0.177878
0.176322
0.175174
0.174410
0.174010
0.173953
0.174222
0.174798
0.175665
0.176808
0.178212
0.179865
0.181754
0.183868
0.186195
0.188725
0.191448
0.194357
0.197441
0.200693
0.204105
0.207670
0.211380
0.215230
0.219212
0.223320
0.227548
0.231890
0.236342
0.240896
0.245548
0.250294
0.255126
0.260041
0.265034
0.270099
0.275232
0.280428
0.285682
0.290989
0.296345
0.301745
0.307184
0.312656
0.318158
0.323685
0.329231
0.334790
0.340359
0.345932
0.351503
0.357067
0.362618
0.368151
0.373659
0.379136
0.384576
0.389972
0.395317
0.400604
0.405826
0.410975
0.416042
0.421020
0.425899
0.430669
0.435322
0.439846
0.444230
0.448464
0.452533
0.456426
0.460128
0.463624
0.466899
0.469935
0.472715
0.475217
0.477422
0.479307
0.480848
0.482017
0.482787
0.483127
0.483004
0.482381
0.481221
0.479481
0.477116
0.474079
0.470318
0.465779
0.460404
0.454133
0.446904
0.438654
0.193067
0.189681
0.186803
0.184405
0.182461
0.180944
0.179829
0.179093
0.178715
0.178672
0.178947
0.179521
0.180378
0.181502
0.182880
0.184498
0.186345
0.188408
0.190677
0.193142
0.195794
0.198624
0.201624
0.204785
0.208101
0.211565
0.215169
0.218908
0.222775
0.226764
0.230869
0.235086
0.239408
0.243831
0.248350
0.252958
0.257653
0.262428
0.267280
0.272203
0.277193
0.282246
0.287357
0.292521
0.297734
0.302992
0.308289
0.313622
0.318986
0.324376
0.329787
0.335215
0.340655
0.346102
0.351550
0.356995
0.362431
0.367853
0.373255
0.378632
0.383976
0.389282
0.394544
0.399755
0.404907
0.409994
0.415007
0.419938
0.424780
0.429523
0.434158
0.438674
0.443062
0.447310
0.451406
0.455338
0.459092
0.462655
0.466010
0.469142
0.472032
0.474662
0.477011
0.479057
0.480776
0.482142
0.483127
0.483700
0.483829
0.483476
0.482602
0.481166
0.479120
0.476414
0.472995
0.468805
0.463783
0.457864
0.450982
0.443067
0.197531
0.194202
0.191383
0.189043
0.187154
0.185687
0.184617
0.183917
0.183567
0.183543
0.183828
0.184402
0.185249
0.186354
0.187704
0.189284
0.191084
0.193091
0.195296
0.197690
0.200263
0.203006
0.205912
0.208974
0.212184
0.215536
0.219024
0.222640
0.226381
0.230239
0.234210
0.238288
0.242468
0.246747
0.251118
0.255577
0.260120
0.264742
0.269438
0.274206
0.279039
0.283935
0.288888
0.293894
0.298951
0.304052
0.309194
0.314373
0.319584
0.324823
0.330086
0.335368
0.340665
0.345972
0.351284
0.356597
0.361904
0.367203
0.372486
0.377749
0.382985
0.388190
0.393357
0.398480
0.403551
0.408565
0.413514
0.418390
0.423185
0.427892
0.432501
0.437002
0.441387
0.445644
0.449762
0.453730
0.457534
0.461161
0.464597
0.467825
0.470829
0.473590
0.476089
0.478304
0.480212
0.481788
0.483004
0.483829
0.484230
0.484172
0.483614
0.482513
0.480821
0.478487
0.475454
0.471662
0.467044
0.461531
0.455052
0.447531
0.202046
0.198793
0.196050
0.193785
0.191966
0.190563
0.189547
0.188894
0.188578
0.188579
0.188877
0.189453
0.190291
0.191376
0.192694
0.194233
0.195981
0.197928
0.200063
0.202377
0.204862
0.207510
0.210314
0.213266
0.216360
0.219589
0.222948
0.226431
0.230032
0.233747
0.237571
0.241497
0.245523
0.249643
0.253853
0.258148
0.262525
0.266979
0.271507
0.276104
0.280766
0.285489
0.290270
0.295105
0.299989
0.304919
0.309891
0.314901
0.319945
0.325019
0.330118
0.335240
0.340379
0.345532
0.350693
0.355859
0.361025
0.366185
0.371336
0.376473
0.381589
0.386679
0.391739
0.396761
0.401740
0.406670
0.411543
0.416354
0.421093
0.425754
0.430329
0.434807
0.439182
0.443441
0.447576
0.451575
0.455425
0.459114
0.462629
0.465954
0.469073
0.471970
0.474624
0.477016
0.479123
0.480920
0.482381
0.483476
0.484172
0.484433
0.484220
0.483488
0.482189
0.480269
0.477670
0.474326
0.470169
0.465123
0.459110
0.452046
0.206612
0.203456
0.200811
0.198639
0.196906
0.195581
0.194633
0.194035
0.193763
0.193794
0.194108
0.194688
0.195517
0.196580
0.197865
0.199358
0.201049
0.202928
0.204985
0.207212
0.209601
0.212145
0.214835
0.217667
0.220633
0.223729
0.226947
0.230284
0.233734
0.237293
0.240955
0.244716
0.248573
0.252521
0.256555
0.260672
0.264869
0.269141
0.273484
0.277895
0.282371
0.286907
0.291500
0.296147
0.300844
0.305587
0.310374
0.315199
0.320060
0.324953
0.329875
0.334821
0.339787
0.344770
0.349766
0.354771
0.359780
0.364789
0.369793
0.374789
0.379770
0.384733
0.389672
0.394581
0.399456
0.404290
0.409076
0.413809
0.418482
0.423088
0.427618
0.432066
0.436421
0.440676
0.444821
0.448845
0.452737
0.456485
0.460077
0.463498
0.466733
0.469767
0.472581
0.475156
0.477470
0.479500
0.481221
0.482602
0.483614
0.484220
0.484380
0.484052
0.483185
0.481724
0.479609
0.476772
0.473137
0.468624
0.463146
0.456612
0.211228
0.208195
0.205670
0.203613
0.201987
0.200756
0.199889
0.199358
0.199136
0.199203
0.199537
0.200122
0.200941
0.201980
0.203227
0.204670
0.206298
0.208103
0.210075
0.212206
0.214490
0.216918
0.219485
0.222185
0.225012
0.227961
0.231027
0.234205
0.237490
0.240878
0.244365
0.247947
0.251621
0.255381
0.259225
0.263149
0.267150
0.271224
0.275367
0.279577
0.283850
0.288183
0.292573
0.297017
0.301510
0.306051
0.310635
0.315260
0.319923
0.324619
0.329346
0.334101
0.338879
0.343677
0.348492
0.353320
0.358157
0.362999
0.367842
0.372682
0.377515
0.382336
0.387140
0.391924
0.396680
0.401405
0.406092
0.410737
0.415331
0.419870
0.424346
0.428752
0.433080
0.437323
0.441470
0.445512
0.449440
0.453243
0.456908
0.460423
0.463774
0.466946
0.469923
0.472686
0.475215
0.477488
0.479481
0.481166
0.482513
0.483488
0.484052
0.484161
0.483767
0.482813
0.481237
0.478966
0.475922
0.472016
0.467152
0.461228
0.215896
0.213014
0.210637
0.208721
0.207222
0.206104
0.205332
0.204878
0.204716
0.204824
0.205181
0.205771
0.206579
0.207592
0.208797
0.210184
0.211743
0.213465
0.215343
0.217369
0.219536
0.221839
0.224271
0.226828
0.229503
0.232293
0.235192
0.238197
0.241303
0.244507
0.247805
0.251192
0.254667
0.258225
0.261863
0.265578
0.269367
0.273227
0.277155
0.281147
0.285202
0.289315
0.293485
0.297708
0.301982
0.306303
0.310670
0.315078
0.319525
0.324008
0.328524
0.333070
0.337644
0.342241
0.346859
0.351494
0.356143
0.360802
0.365469
0.370138
0.374807
0.379471
0.384127
0.388769
0.393394
0.397996
0.402571
0.407113
0.411618
0.416078
0.420489
0.424843
0.429133
0.433353
0.437494
0.441547
0.445504
0.449355
0.453090
0.456695
0.460160
0.463470
0.466611
0.469565
0.472315
0.474839
0.477116
0.479120
0.480821
0.482189
0.483185
0.483767
0.483887
0.483489
0.482509
0.480872
0.478493
0.475277
0.471116
0.465896
0.220615
0.217919
0.215723
0.213975
0.212629
0.211643
0.210982
0.210617
0.210522
0.210676
0.211058
0.211654
0.212449
0.213431
0.214589
0.215913
0.217395
0.219027
0.220801
0.222711
0.224752
0.226917
0.229202
0.231602
0.234113
0.236729
0.239449
0.242266
0.245179
0.248183
0.251276
0.254454
0.257714
0.261054
0.264470
0.267960
0.271520
0.275150
0.278845
0.282603
0.286422
0.290299
0.294231
0.298217
0.302254
0.306339
0.310469
0.314643
0.318858
0.323111
0.327399
0.331720
0.336072
0.340451
0.344855
0.349280
0.353725
0.358185
0.362659
0.367142
0.371631
0.376123
0.380614
0.385100
0.389578
0.394044
0.398492
0.402919
0.407319
0.411689
0.416021
0.420311
0.424553
0.428739
0.432864
0.436920
0.440898
0.444790
0.448587
0.452279
0.455854
0.459300
0.462605
0.465752
0.468726
0.471509
0.474079
0.476414
0.478487
0.480269
0.481724
0.482813
0.483489
0.483697
0.483373
0.482441
0.480810
0.478378
0.475024
0.470615
0.225385
0.222917
0.220941
0.219396
0.218229
0.217397
0.216864
0.216599
0.216579
0.216781
0.217190
0.217790
0.218569
0.219515
0.220620
0.221874
0.223270
0.224801
0.226461
0.228245
0.230147
0.232162
0.234287
0.236517
0.238849
0.241278
0.243802
0.246417
0.249121
0.251910
0.254782
0.257734
0.260764
0.263868
0.267046
0.270293
0.273609
0.276990
0.280435
0.283942
0.287507
0.291130
0.294808
0.298539
0.302321
0.306151
0.310028
0.313950
0.317914
0.321919
0.325962
0.330040
0.334152
0.338296
0.342468
0.346667
0.350890
0.355134
0.359398
0.363677
0.367970
0.372273
0.376584
0.380898
0.385214
0.389527
0.393834
0.398131
0.402413
0.406677
0.410918
0.415132
0.419312
0.423454
0.427552
0.431599
0.435589
0.439514
0.443366
0.447137
0.450817
0.454396
0.457862
0.461202
0.464402
0.467447
0.470318
0.472995
0.475454
0.477670
0.479609
0.481237
0.482509
0.483373
0.483767
0.483615
0.482824
0.481282
0.478854
0.475385
0.230206
0.228020
0.226310
0.225007
0.224050
0.223395
0.223004
0.222851
0.222910
0.223165
0.223600
0.224202
0.224959
0.225864
0.226907
0.228082
0.229382
0.230802
0.232337
0.233981
0.235731
0.237584
0.239535
0.241580
0.243718
0.245945
0.248259
0.250656
0.253135
0.255693
0.258327
0.261036
0.263818
0.266670
0.269591
0.272579
0.275632
0.278747
0.281924
0.285161
0.288455
0.291806
0.295211
0.298668
0.302177
0.305734
0.309340
0.312991
0.316687
0.320424
0.324203
0.328020
0.331875
0.335764
0.339687
0.343641
0.347624
0.351635
0.355671
0.359729
0.363808
0.367906
0.372019
0.376145
0.380282
0.384426
0.388576
0.392727
0.396876
0.401020
0.405155
0.409278
0.413384
0.417468
0.421527
0.425554
0.429544
0.433492
0.437390
0.441232
0.445010
0.448715
0.452338
0.455869
0.459295
0.462603
0.465779
0.468805
0.471662
0.474326
0.476772
0.478966
0.480872
0.482441
0.483615
0.484322
0.484470
0.483938
0.482579
0.480206
0.235078
0.233242
0.231858
0.230841
0.230128
0.229671
0.229438
0.229404
0.229548
0.229855
0.230313
0.230911
0.231642
0.232496
0.233469
0.234555
0.235748
0.237045
0.238441
0.239933
0.241518
0.243193
0.244954
0.246801
0.248730
0.250738
0.252825
0.254988
0.257224
0.259534
0.261913
0.264362
0.266879
0.269461
0.272108
0.274817
0.277589
0.280420
0.283311
0.286259
0.289263
0.292322
0.295435
0.298600
0.301816
0.305082
0.308397
0.311759
0.315166
0.318618
0.322114
0.325651
0.329229
0.332845
0.336500
0.340190
0.343915
0.347673
0.351463
0.355282
0.359130
0.363003
0.366901
0.370821
0.374762
0.378721
0.382696
0.386685
0.390684
0.394693
0.398707
0.402724
0.406740
0.410753
0.414758
0.418752
0.422730
0.426689
0.430622
0.434525
0.438392
0.442215
0.445989
0.449704
0.453352
0.456922
0.460404
0.463783
0.467044
0.470169
0.473137
0.475922
0.478493
0.480810
0.482824
0.484470
0.485660
0.486277
0.486157
0.485078
0.240001
0.238610
0.237625
0.236945
0.236506
0.236268
0.236204
0.236294
0.236523
0.236880
0.237356
0.237945
0.238639
0.239434
0.240325
0.241310
0.242383
0.243544
0.244787
0.246113
0.247517
0.248999
0.250556
0.252187
0.253890
0.255664
0.257507
0.259417
0.261395
0.263438
0.265545
0.267715
0.269948
0.272241
0.274595
0.277008
0.279479
0.282007
0.284592
0.287232
0.289927
0.292675
0.295477
0.298330
0.301234
0.304189
0.307193
0.310245
0.313345
0.316492
0.319684
0.322922
0.326203
0.329528
0.332894
0.336302
0.339749
0.343236
0.346760
0.350321
0.353918
0.357549
0.361213
0.364909
0.368635
0.372390
0.376173
0.379982
0.383815
0.387670
0.391547
0.395441
0.399352
0.403278
0.407215
0.411161
0.415113
0.419069
0.423025
0.426976
0.430920
0.434852
0.438767
0.442658
0.446522
0.450349
0.454133
0.457864
0.461531
0.465123
0.468624
0.472016
0.475277
0.478378
0.481282
0.483938
0.486277
0.488193
0.489521
0.490001
0.244975
0.244171
0.243673
0.243379
0.243243
0.243238
0.243348
0.243562
0.243872
0.244273
0.244759
0.245327
0.245974
0.246698
0.247495
0.248365
0.249305
0.250314
0.251391
0.252534
0.253742
0.255014
0.256350
0.257748
0.259208
0.260729
0.262311
0.263951
0.265651
0.267409
0.269225
0.271098
0.273027
0.275013
0.277054
0.279151
0.281302
0.283508
0.285767
0.288079
0.290444
0.292862
0.295332
0.297853
0.300425
0.303048
0.305721
0.308444
0.311216
0.314037
0.316906
0.319823
0.322788
0.325800
0.328858
0.331963
0.335112
0.338307
0.341546
0.344829
0.348156
0.351525
0.354935
0.358388
0.361881
0.365413
0.368986
0.372596
0.376244
0.379928
0.383649
0.387404
0.391192
0.395013
0.398866
0.402748
0.406659
0.410597
0.414559
0.418546
0.422554
0.426581
0.430624
0.434682
0.438750
0.442825
0.446904
0.450982
0.455052
0.459110
0.463146
0.467152
0.471116
0.475024
0.478854
0.482579
0.486157
0.489521
0.492548
0.494975
0.250000
0.250026
0.250102
0.250230
0.250408
0.250638
0.250918
0.251250
0.251632
0.252066
0.252551
0.253086
0.253673
0.254311
0.254999
0.255739
0.256530
0.257372
0.258264
0.259208
0.260203
0.261249
0.262346
0.263494
0.264692
0.265942
0.267243
0.268595
0.269998
0.271452
0.272957
0.274513
0.276120
0.277778
0.279487
0.281247
0.283058
0.284920
0.286833
0.288797
0.290812
0.292878
0.294995
0.297164
0.299383
0.301653
0.303974
0.306346
0.308770
0.311244
0.313769
0.316345
0.318973
0.321651
0.324380
0.327160
0.329992
0.332874
0.335808
0.338792
0.341827
0.344914
0.348051
0.351240
0.354479
0.357770
0.361111
0.364504
0.367947
0.371442
0.374987
0.378584
0.382231
0.385930
0.389680
0.393480
0.397332
0.401235
0.405188
0.409193
0.413249
0.417355
0.421513
0.425722
0.429982
0.434292
0.438654
0.443067
0.447531
0.452046
0.456612
0.461228
0.465896
0.470615
0.475385
0.480206
0.485078
0.490001
0.494975
0.500000