100 100
0.499999
0.499999
0.500056
0.500227
0.500512
0.500910
0.501423
0.502050
0.502790
0.503645
0.504613
0.505695
0.506891
0.508201
0.509625
0.511163
0.512815
0.514581
0.516460
0.518453
0.520560
0.522780
0.525115
0.527562
0.530124
0.532798
0.535586
0.538488
0.541502
0.544629
0.547869
0.551222
0.554687
0.558265
0.561954
0.565755
0.569668
0.573692
0.577827
0.582072
0.586428
0.590893
0.595468
0.600151
0.604943
0.609843
0.614850
0.619963
0.625182
0.630507
0.635936
0.641469
0.647104
0.652842
0.658681
0.664620
0.670657
0.676793
0.683026
0.689354
0.695776
0.702292
0.708899
0.715597
0.722383
0.729257
0.736216
0.743260
0.750385
0.757591
0.764876
0.772237
0.779673
0.787182
0.794761
0.802409
0.810123
0.817902
0.825742
0.833641
0.841597
0.849607
0.857670
0.865781
0.873940
0.882142
0.890385
0.898667
0.906985
0.915335
0.923716
0.932123
0.940555
0.949007
0.957478
0.965964
0.974463
0.982970
0.991483
1.000000
0.499999
0.499999
0.500056
0.500227
0.500512
0.500910
0.501423
0.502050
0.502790
0.503645
0.504613
0.505695
0.506891
0.508201
0.509625
0.511163
0.512815
0.514581
0.516460
0.518453
0.520560
0.522780
0.525115
0.527562
0.530124
0.532798
0.535586
0.538488
0.541502
0.544629
0.547869
0.551222
0.554687
0.558265
0.561954
0.565755
0.569668
0.573692
0.577827
0.582072
0.586428
0.590893
0.595468
0.600151
0.604943
0.609843
0.614850
0.619963
0.625182
0.630507
0.635936
0.641469
0.647104
0.652842
0.658681
0.664620
0.670657
0.676793
0.683026
0.689354
0.695776
0.702292
0.708899
0.715597
0.722383
0.729257
0.736216
0.743260
0.750385
0.757591
0.764876
0.772237
0.779673
0.787182
0.794761
0.802409
0.810123
0.817902
0.825742
0.833641
0.841597
0.849607
0.857670
0.865781
0.873940
0.882142
0.890385
0.898667
0.906985
0.915335
0.923716
0.932123
0.940555
0.949007
0.957478
0.965964
0.974463
0.982970
0.991483
1.000000
0.499942
0.499942
0.499999
0.500170
0.500455
0.500853
0.501366
0.501993
0.502733
0.503588
0.504556
0.505638
0.506834
0.508145
0.509569
0.511106
0.512758
0.514524
0.516403
0.518396
0.520503
0.522724
0.525058
0.527506
0.530067
0.532742
0.535530
0.538431
0.541445
0.544573
0.547813
0.551166
0.554631
0.558209
0.561898
0.565700
0.569612
0.573637
0.577772
0.582017
0.586373
0.590838
0.595413
0.600097
0.604889
0.609789
0.614796
0.619910
0.625130
0.630455
0.635884
0.641417
0.647053
0.652792
0.658631
0.664570
0.670608
0.676745
0.682978
0.689307
0.695730
0.702246
0.708854
0.715553
0.722340
0.729214
0.736174
0.743218
0.750345
0.757552
0.764837
0.772200
0.779637
0.787147
0.794727
0.802376
0.810091
0.817871
0.825712
0.833612
0.841570
0.849581
0.857645
0.865758
0.873918
0.882121
0.890366
0.898649
0.906969
0.915320
0.923702
0.932111
0.940544
0.948998
0.957471
0.965958
0.974458
0.982967
0.991482
1.000000
0.499771
0.499771
0.499828
0.499999
0.500284
0.500682
0.501195
0.501822
0.502562
0.503417
0.504385
0.505467
0.506664
0.507974
0.509398
0.510936
0.512587
0.514353
0.516232
0.518226
0.520333
0.522553
0.524887
0.527335
0.529897
0.532572
0.535360
0.538261
0.541276
0.544404
0.547644
0.550997
0.554463
0.558041
0.561730
0.565532
0.569446
0.573470
0.577606
0.581852
0.586208
0.590674
0.595250
0.599935
0.604727
0.609628
0.614636
0.619751
0.624972
0.630298
0.635729
0.641263
0.646900
0.652640
0.658481
0.664421
0.670461
0.676600
0.682834
0.689165
0.695590
0.702109
0.708719
0.715419
0.722209
0.729086
0.736048
0.743095
0.750224
0.757434
0.764722
0.772087
0.779528
0.787041
0.794624
0.802277
0.809995
0.817778
0.825623
0.833527
0.841488
0.849504
0.857571
0.865688
0.873852
0.882059
0.890308
0.898596
0.906919
0.915275
0.923662
0.932075
0.940512
0.948971
0.957448
0.965940
0.974444
0.982958
0.991477
1.000000
0.499486
0.499486
0.499543
0.499714
0.499999
0.500398
0.500910
0.501537
0.502277
0.503132
0.504100
0.505183
0.506379
0.507689
0.509113
0.510651
0.512303
0.514068
0.515948
0.517941
0.520048
0.522269
0.524604
0.527052
0.529613
0.532288
0.535077
0.537979
0.540994
0.544121
0.547362
0.550716
0.554182
0.557760
0.561451
0.565253
0.569168
0.573193
0.577329
0.581576
0.585934
0.590401
0.594978
0.599664
0.604458
0.609360
0.614370
0.619486
0.624709
0.630037
0.635469
0.641006
0.646645
0.652387
0.658230
0.664174
0.670216
0.676357
0.682595
0.688929
0.695358
0.701879
0.708493
0.715197
0.721991
0.728871
0.735838
0.742889
0.750023
0.757237
0.764530
0.771900
0.779346
0.786864
0.794453
0.802111
0.809835
0.817624
0.825474
0.833385
0.841352
0.849374
0.857448
0.865571
0.873742
0.881956
0.890212
0.898507
0.906837
0.915200
0.923594
0.932015
0.940459
0.948926
0.957410
0.965910
0.974422
0.982943
0.991470
1.000000
0.499087
0.499087
0.499144
0.499315
0.499600
0.499999
0.500512
0.501138
0.501879
0.502733
0.503702
0.504784
0.505980
0.507290
0.508714
0.510252
0.511904
0.513670
0.515550
0.517543
0.519650
0.521871
0.524206
0.526654
0.529216
0.531892
0.534680
0.537583
0.540598
0.543727
0.546968
0.550322
0.553789
0.557368
0.561060
0.564863
0.568778
0.572805
0.576942
0.581191
0.585549
0.590018
0.594597
0.599284
0.604080
0.608985
0.613996
0.619115
0.624340
0.629671
0.635106
0.640645
0.646288
0.652033
0.657880
0.663827
0.669873
0.676018
0.682260
0.688598
0.695031
0.701558
0.708177
0.714886
0.721685
0.728571
0.735544
0.742601
0.749741
0.756961
0.764261
0.771638
0.779091
0.786616
0.794213
0.801878
0.809611
0.817408
0.825267
0.833185
0.841161
0.849192
0.857275
0.865408
0.873588
0.881812
0.890077
0.898382
0.906722
0.915095
0.923499
0.931930
0.940385
0.948862
0.957357
0.965867
0.974390
0.982921
0.991459
1.000000
0.498575
0.498575
0.498632
0.498803
0.499088
0.499486
0.499999
0.500626
0.501366
0.502221
0.503189
0.504271
0.505468
0.506778
0.508202
0.509740
0.511392
0.513158
0.515038
0.517031
0.519139
0.521360
0.523695
0.526143
0.528706
0.531382
0.534171
0.537074
0.540089
0.543219
0.546461
0.549816
0.553284
0.556864
0.560556
0.564361
0.568277
0.572305
0.576444
0.580694
0.585055
0.589526
0.594106
0.598796
0.603595
0.608502
0.613516
0.618638
0.623866
0.629200
0.634639
0.640182
0.645828
0.651578
0.657429
0.663380
0.669432
0.675582
0.681829
0.688173
0.694612
0.701144
0.707770
0.714486
0.721291
0.728185
0.735165
0.742230
0.749378
0.756607
0.763915
0.771301
0.778762
0.786297
0.793904
0.801579
0.809322
0.817129
0.824999
0.832928
0.840916
0.848958
0.857053
0.865197
0.873389
0.881625
0.889904
0.898221
0.906574
0.914960
0.923377
0.931821
0.940290
0.948780
0.957288
0.965812
0.974348
0.982894
0.991445
1.000000
0.497948
0.497948
0.498005
0.498176
0.498461
0.498860
0.499372
0.499999
0.500739
0.501594
0.502562
0.503645
0.504841
0.506151
0.507576
0.509114
0.510766
0.512532
0.514412
0.516405
0.518513
0.520735
0.523070
0.525519
0.528082
0.530758
0.533548
0.536451
0.539468
0.542598
0.545841
0.549197
0.552666
0.556247
0.559941
0.563747
0.567665
0.571695
0.575836
0.580088
0.584451
0.588924
0.593507
0.598199
0.603001
0.607911
0.612929
0.618054
0.623286
0.628624
0.634067
0.639615
0.645266
0.651021
0.656877
0.662834
0.668891
0.675048
0.681302
0.687652
0.694098
0.700639
0.707271
0.713996
0.720810
0.727712
0.734701
0.741776
0.748933
0.756172
0.763491
0.770888
0.778361
0.785907
0.793525
0.801213
0.808968
0.816788
0.824671
0.832614
0.840615
0.848671
0.856780
0.864939
0.873146
0.881397
0.889691
0.898023
0.906392
0.914795
0.923227
0.931688
0.940173
0.948679
0.957204
0.965745
0.974298
0.982860
0.991428
1.000000
0.497208
0.497208
0.497265
0.497436
0.497720
0.498119
0.498632
0.499258
0.499999
0.500853
0.501822
0.502904
0.504101
0.505411
0.506835
0.508373
0.510026
0.511792
0.513672
0.515666
0.517774
0.519996
0.522331
0.524781
0.527344
0.530021
0.532811
0.535715
0.538733
0.541864
0.545108
0.548465
0.551935
0.555518
0.559213
0.563021
0.566941
0.570973
0.575116
0.579370
0.583736
0.588212
0.592798
0.597493
0.602298
0.607212
0.612234
0.617363
0.622600
0.627943
0.633391
0.638944
0.644601
0.650361
0.656224
0.662188
0.668252
0.674416
0.680678
0.687036
0.693491
0.700040
0.706682
0.713416
0.720240
0.727153
0.734153
0.741238
0.748407
0.755659
0.762990
0.770400
0.777885
0.785445
0.793078
0.800780
0.808550
0.816385
0.824283
0.832242
0.840259
0.848332
0.856458
0.864634
0.872858
0.881128
0.889439
0.897790
0.906177
0.914598
0.923050
0.931530
0.940034
0.948560
0.957105
0.965665
0.974238
0.982820
0.991408
1.000000
0.496353
0.496353
0.496410
0.496581
0.496866
0.497265
0.497777
0.498404
0.499144
0.499999
0.500967
0.502050
0.503246
0.504557
0.505981
0.507519
0.509172
0.510938
0.512818
0.514812
0.516921
0.519143
0.521479
0.523929
0.526492
0.529170
0.531961
0.534866
0.537885
0.541016
0.544262
0.547620
0.551092
0.554676
0.558373
0.562183
0.566105
0.570139
0.574285
0.578542
0.582910
0.587389
0.591979
0.596678
0.601487
0.606405
0.611432
0.616566
0.621807
0.627156
0.632610
0.638169
0.643833
0.649600
0.655470
0.661442
0.667514
0.673686
0.679957
0.686325
0.692789
0.699348
0.706001
0.712746
0.719581
0.726506
0.733519
0.740617
0.747800
0.755065
0.762410
0.769835
0.777336
0.784912
0.792560
0.800279
0.808065
0.815918
0.823834
0.831812
0.839848
0.847940
0.856085
0.864281
0.872526
0.880815
0.889148
0.897520
0.905929
0.914372
0.922845
0.931347
0.939874
0.948423
0.956990
0.965573
0.974169
0.982774
0.991385
1.000000
0.495385
0.495385
0.495442
0.495613
0.495898
0.496296
0.496809
0.497436
0.498176
0.499031
0.499999
0.501081
0.502278
0.503588
0.505013
0.506551
0.508203
0.509970
0.511850
0.513845
0.515953
0.518176
0.520512
0.522963
0.525527
0.528205
0.530997
0.533903
0.536923
0.540056
0.543302
0.546662
0.550135
0.553722
0.557421
0.561233
0.565157
0.569194
0.573342
0.577603
0.581974
0.586457
0.591050
0.595754
0.600567
0.605490
0.610521
0.615661
0.620909
0.626263
0.631724
0.637290
0.642961
0.648736
0.654614
0.660594
0.666676
0.672857
0.679138
0.685517
0.691992
0.698563
0.705227
0.711985
0.718833
0.725772
0.732798
0.739911
0.747109
0.754390
0.761752
0.769193
0.776711
0.784305
0.791972
0.799709
0.807515
0.815388
0.823325
0.831323
0.839380
0.847494
0.855661
0.863880
0.872147
0.880461
0.888817
0.897213
0.905646
0.914114
0.922613
0.931140
0.939692
0.948266
0.956859
0.965468
0.974090
0.982721
0.991359
1.000000
0.494303
0.494303
0.494360
0.494531
0.494815
0.495214
0.495727
0.496353
0.497094
0.497948
0.498917
0.499999
0.501195
0.502506
0.503930
0.505469
0.507121
0.508888
0.510769
0.512763
0.514872
0.517095
0.519432
0.521883
0.524448
0.527127
0.529920
0.532827
0.535847
0.538982
0.542230
0.545591
0.549066
0.552654
0.556356
0.560170
0.564097
0.568136
0.572288
0.576552
0.580927
0.585414
0.590011
0.594719
0.599538
0.604466
0.609503
0.614649
0.619903
0.625264
0.630732
0.636306
0.641985
0.647769
0.653656
0.659646
0.665738
0.671930
0.678222
0.684612
0.691100
0.697683
0.704361
0.711133
0.717996
0.724950
0.731992
0.739121
0.746336
0.753634
0.761014
0.768474
0.776012
0.783625
0.791313
0.799071
0.806899
0.814794
0.822753
0.830775
0.838856
0.846994
0.855186
0.863430
0.871724
0.880063
0.888446
0.896869
0.905329
0.913825
0.922352
0.930907
0.939488
0.948091
0.956713
0.965351
0.974002
0.982663
0.991330
1.000000
0.493107
0.493107
0.493163
0.493334
0.493619
0.494018
0.494530
0.495157
0.495897
0.496752
0.497720
0.498803
0.499999
0.501309
0.502734
0.504273
0.505925
0.507692
0.509573
0.511568
0.513677
0.515900
0.518238
0.520689
0.523255
0.525935
0.528729
0.531637
0.534658
0.537794
0.541044
0.544407
0.547884
0.551474
0.555178
0.558994
0.562924
0.566967
0.571122
0.575389
0.579768
0.584259
0.588862
0.593575
0.598399
0.603333
0.608376
0.613528
0.618789
0.624158
0.629634
0.635217
0.640905
0.646698
0.652595
0.658596
0.664699
0.670903
0.677207
0.683610
0.690111
0.696709
0.703402
0.710189
0.717068
0.724038
0.731098
0.738246
0.745479
0.752797
0.760197
0.767677
0.775237
0.782872
0.790582
0.798364
0.806216
0.814135
0.822120
0.830167
0.838275
0.846440
0.854660
0.862932
0.871253
0.879622
0.888034
0.896487
0.904978
0.913504
0.922062
0.930649
0.939261
0.947896
0.956550
0.965221
0.973904
0.982597
0.991297
1.000000
0.491796
0.491796
0.491853
0.492024
0.492309
0.492708
0.493220
0.493847
0.494587
0.495441
0.496410
0.497492
0.498689
0.499999
0.501424
0.502962
0.504615
0.506382
0.508263
0.510258
0.512368
0.514591
0.516929
0.519382
0.521948
0.524629
0.527423
0.530332
0.533355
0.536492
0.539744
0.543109
0.546588
0.550180
0.553886
0.557706
0.561639
0.565685
0.569843
0.574115
0.578498
0.582994
0.587601
0.592320
0.597150
0.602090
0.607140
0.612300
0.617568
0.622945
0.628430
0.634022
0.639720
0.645523
0.651432
0.657444
0.663559
0.669775
0.676093
0.682510
0.689026
0.695640
0.702349
0.709152
0.716049
0.723038
0.730117
0.737284
0.744538
0.751877
0.759299
0.766802
0.774385
0.782045
0.789779
0.797587
0.805465
0.813412
0.821424
0.829499
0.837636
0.845830
0.854081
0.862384
0.870737
0.879137
0.887582
0.896068
0.904592
0.913152
0.921744
0.930365
0.939012
0.947682
0.956371
0.965077
0.973797
0.982526
0.991261
1.000000
0.490372
0.490372
0.490429
0.490600
0.490885
0.491284
0.491796
0.492422
0.493163
0.494017
0.494985
0.496068
0.497264
0.498575
0.499999
0.501538
0.503191
0.504958
0.506839
0.508834
0.510944
0.513168
0.515507
0.517959
0.520527
0.523208
0.526004
0.528914
0.531938
0.535077
0.538330
0.541697
0.545178
0.548773
0.552482
0.556304
0.560240
0.564290
0.568452
0.572728
0.577116
0.581617
0.586230
0.590954
0.595790
0.600737
0.605794
0.610962
0.616239
0.621624
0.627118
0.632720
0.638429
0.644244
0.650164
0.656188
0.662317
0.668547
0.674880
0.681312
0.687844
0.694474
0.701201
0.708023
0.714939
0.721947
0.729047
0.736236
0.743512
0.750874
0.758320
0.765848
0.773456
0.781142
0.788904
0.796739
0.804646
0.812622
0.820664
0.828771
0.836939
0.845166
0.853449
0.861785
0.870173
0.878608
0.887088
0.895610
0.904170
0.912767
0.921396
0.930055
0.938740
0.947448
0.956176
0.964921
0.973679
0.982447
0.991222
1.000000
0.488835
0.488835
0.488892
0.489062
0.489347
0.489746
0.490258
0.490884
0.491625
0.492479
0.493447
0.494529
0.495726
0.497036
0.498460
0.499999
0.501652
0.503419
0.505300
0.507296
0.509406
0.511631
0.513970
0.516423
0.518991
0.521673
0.524470
0.527381
0.530407
0.533547
0.536802
0.540171
0.543654
0.547252
0.550963
0.554789
0.558728
0.562782
0.566948
0.571228
0.575622
0.580128
0.584746
0.589477
0.594319
0.599274
0.604339
0.609514
0.614800
0.620195
0.625700
0.631312
0.637032
0.642859
0.648792
0.654830
0.660972
0.667218
0.673566
0.680015
0.686564
0.693212
0.699958
0.706799
0.713736
0.720766
0.727888
0.735100
0.742400
0.749787
0.757259
0.764813
0.772449
0.780163
0.787955
0.795820
0.803758
0.811766
0.819841
0.827981
0.836183
0.844445
0.852764
0.861137
0.869561
0.878034
0.886552
0.895113
0.903713
0.912349
0.921019
0.929719
0.938445
0.947195
0.955965
0.964751
0.973552
0.982362
0.991179
1.000000
0.487183
0.487183
0.487240
0.487411
0.487695
0.488094
0.488606
0.489232
0.489972
0.490826
0.491795
0.492877
0.494073
0.495383
0.496808
0.498346
0.499999
0.501766
0.503648
0.505644
0.507754
0.509979
0.512318
0.514772
0.517341
0.520024
0.522822
0.525734
0.528761
0.531903
0.535160
0.538531
0.542016
0.545616
0.549331
0.553160
0.557103
0.561160
0.565331
0.569616
0.574014
0.578526
0.583150
0.587888
0.592737
0.597699
0.602772
0.607957
0.613252
0.618657
0.624172
0.629796
0.635528
0.641368
0.647314
0.653367
0.659524
0.665786
0.672150
0.678617
0.685185
0.691852
0.698618
0.705481
0.712440
0.719493
0.726638
0.733875
0.741201
0.748615
0.756115
0.763698
0.771363
0.779108
0.786931
0.794829
0.802800
0.810842
0.818952
0.827128
0.835367
0.843667
0.852024
0.860436
0.868901
0.877414
0.885974
0.894576
0.903219
0.911899
0.920612
0.929356
0.938126
0.946921
0.955736
0.964568
0.973414
0.982270
0.991133
1.000000
0.485417
0.485417
0.485474
0.485645
0.485930
0.486328
0.486840
0.487466
0.488206
0.489060
0.490028
0.491110
0.492306
0.493616
0.495041
0.496579
0.498232
0.499999
0.501881
0.503877
0.505987
0.508212
0.510552
0.513007
0.515576
0.518260
0.521059
0.523972
0.527001
0.530144
0.533403
0.536776
0.540264
0.543867
0.547584
0.551416
0.555363
0.559424
0.563600
0.567890
0.572293
0.576811
0.581442
0.586186
0.591043
0.596013
0.601095
0.606289
0.611594
0.617010
0.622536
0.628172
0.633917
0.639770
0.645731
0.651799
0.657972
0.664251
0.670633
0.677119
0.683706
0.690394
0.697182
0.704067
0.711049
0.718127
0.725298
0.732561
0.739915
0.747357
0.754887
0.762501
0.770198
0.777975
0.785832
0.793765
0.801772
0.809850
0.817998
0.826213
0.834491
0.842831
0.851230
0.859684
0.868191
0.876748
0.885352
0.894000
0.902689
0.911414
0.920175
0.928965
0.937784
0.946627
0.955490
0.964371
0.973266
0.982172
0.991084
1.000000
0.483538
0.483538
0.483595
0.483766
0.484050
0.484448
0.484960
0.485586
0.486326
0.487180
0.488148
0.489229
0.490425
0.491735
0.493159
0.494698
0.496350
0.498118
0.499999
0.501995
0.504106
0.506331
0.508671
0.511126
0.513696
0.516381
0.519181
0.522096
0.525126
0.528271
0.531531
0.534906
0.538396
0.542002
0.545723
0.549558
0.553509
0.557574
0.561755
0.566050
0.570459
0.574982
0.579620
0.584372
0.589237
0.594215
0.599306
0.604509
0.609825
0.615252
0.620790
0.626439
0.632197
0.638065
0.644041
0.650125
0.656315
0.662612
0.669013
0.675518
0.682127
0.688836
0.695647
0.702556
0.709564
0.716667
0.723865
0.731157
0.738540
0.746013
0.753574
0.761221
0.768951
0.776764
0.784656
0.792626
0.800671
0.808789
0.816977
0.825233
0.833554
0.841937
0.850380
0.858879
0.867432
0.876036
0.884687
0.893383
0.902121
0.910896
0.919706
0.928548
0.937417
0.946312
0.955227
0.964161
0.973108
0.982066
0.991031
1.000000
0.481545
0.481545
0.481602
0.481772
0.482057
0.482455
0.482967
0.483593
0.484332
0.485186
0.486153
0.487235
0.488430
0.489740
0.491164
0.492702
0.494355
0.496121
0.498003
0.499999
0.502110
0.504336
0.506676
0.509131
0.511702
0.514387
0.517188
0.520104
0.523135
0.526282
0.529544
0.532921
0.536414
0.540022
0.543746
0.547585
0.551540
0.555610
0.559795
0.564095
0.568510
0.573040
0.577685
0.582444
0.587317
0.592304
0.597404
0.602618
0.607944
0.613383
0.618934
0.624596
0.630369
0.636251
0.642243
0.648344
0.654552
0.660868
0.667289
0.673815
0.680445
0.687178
0.694013
0.700948
0.707981
0.715113
0.722340
0.729661
0.737076
0.744581
0.752175
0.759856
0.767623
0.775473
0.783403
0.791413
0.799498
0.807658
0.815889
0.824188
0.832554
0.840983
0.849473
0.858020
0.866622
0.875276
0.883978
0.892725
0.901515
0.910343
0.919206
0.928102
0.937026
0.945976
0.954947
0.963936
0.972939
0.981953
0.990975
1.000000
0.479438
0.479438
0.479495
0.479666
0.479950
0.480348
0.480859
0.481485
0.482224
0.483078
0.484045
0.485126
0.486321
0.487630
0.489054
0.490592
0.492244
0.494011
0.495892
0.497888
0.499999
0.502225
0.504565
0.507021
0.509592
0.512278
0.515080
0.517997
0.521030
0.524178
0.527441
0.530821
0.534316
0.537927
0.541654
0.545497
0.549456
0.553530
0.557720
0.562025
0.566447
0.570983
0.575635
0.580401
0.585283
0.590279
0.595389
0.600614
0.605952
0.611403
0.616966
0.622642
0.628430
0.634328
0.640337
0.646455
0.652682
0.659018
0.665460
0.672008
0.678662
0.685419
0.692279
0.699240
0.706302
0.713462
0.720720
0.728073
0.735520
0.743059
0.750689
0.758407
0.766212
0.774101
0.782072
0.790123
0.798251
0.806455
0.814731
0.823078
0.831491
0.839969
0.848509
0.857107
0.865761
0.874467
0.883223
0.892025
0.900870
0.909754
0.918675
0.927628
0.936610
0.945618
0.954648
0.963696
0.972759
0.981833
0.990915
1.000000
0.477218
0.477218
0.477274
0.477445
0.477729
0.478127
0.478638
0.479264
0.480003
0.480855
0.481822
0.482903
0.484098
0.485407
0.486830
0.488367
0.490019
0.491786
0.493667
0.495663
0.497773
0.499999
0.502340
0.504796
0.507367
0.510054
0.512856
0.515774
0.518808
0.521958
0.525223
0.528605
0.532103
0.535717
0.539447
0.543293
0.547256
0.551334
0.555529
0.559840
0.564268
0.568811
0.573470
0.578244
0.583135
0.588140
0.593261
0.598496
0.603846
0.609309
0.614887
0.620577
0.626380
0.632295
0.638321
0.644458
0.650705
0.657061
0.663525
0.670096
0.676774
0.683556
0.690443
0.697433
0.704524
0.711715
0.719004
0.726390
0.733872
0.741448
0.749115
0.756871
0.764716
0.772646
0.780660
0.788755
0.796929
0.805180
0.813504
0.821900
0.830364
0.838893
0.847485
0.856138
0.864846
0.873609
0.882422
0.891282
0.900185
0.909129
0.918110
0.927124
0.936168
0.945238
0.954331
0.963442
0.972568
0.981706
0.990851
1.000000
0.474883
0.474883
0.474940
0.475111
0.475395
0.475792
0.476303
0.476928
0.477667
0.478519
0.479486
0.480566
0.481760
0.483069
0.484492
0.486029
0.487680
0.489446
0.491327
0.493322
0.495433
0.497658
0.499999
0.502455
0.505027
0.507714
0.510517
0.513436
0.516471
0.519622
0.522889
0.526273
0.529773
0.533390
0.537123
0.540973
0.544939
0.549023
0.553223
0.557539
0.561973
0.566523
0.571189
0.575972
0.580871
0.585886
0.591017
0.596264
0.601626
0.607102
0.612694
0.618399
0.624218
0.630150
0.636194
0.642351
0.648618
0.654995
0.661482
0.668078
0.674781
0.681590
0.688505
0.695524
0.702645
0.709868
0.717191
0.724613
0.732131
0.739744
0.747450
0.755248
0.763135
0.771109
0.779168
0.787309
0.795531
0.803831
0.812206
0.820653
0.829170
0.837754
0.846403
0.855112
0.863879
0.872700
0.881574
0.890495
0.899461
0.908468
0.917512
0.926591
0.935700
0.944836
0.953995
0.963173
0.972366
0.981571
0.990783
1.000000
0.472436
0.472436
0.472492
0.472663
0.472946
0.473344
0.473855
0.474479
0.475218
0.476069
0.477035
0.478115
0.479309
0.480617
0.482039
0.483575
0.485226
0.486992
0.488872
0.490867
0.492977
0.495202
0.497543
0.499999
0.502571
0.505259
0.508062
0.510982
0.514018
0.517170
0.520439
0.523824
0.527327
0.530946
0.534682
0.538536
0.542506
0.546594
0.550799
0.555121
0.559561
0.564118
0.568792
0.573583
0.578492
0.583517
0.588658
0.593916
0.599291
0.604781
0.610387
0.616108
0.621943
0.627893
0.633956
0.640132
0.646421
0.652821
0.659331
0.665952
0.672681
0.679519
0.686463
0.693512
0.700666
0.707922
0.715280
0.722738
0.730294
0.737947
0.745695
0.753535
0.761466
0.769486
0.777592
0.785783
0.794055
0.802406
0.810835
0.819337
0.827910
0.836552
0.845259
0.854028
0.862856
0.871741
0.880677
0.889663
0.898695
0.907768
0.916880
0.926027
0.935205
0.944411
0.953639
0.962888
0.972152
0.981428
0.990712
1.000000
0.469874
0.469874
0.469931
0.470101
0.470385
0.470782
0.471292
0.471917
0.472654
0.473506
0.474471
0.475550
0.476743
0.478050
0.479472
0.481007
0.482658
0.484422
0.486302
0.488297
0.490406
0.492631
0.494971
0.497427
0.499999
0.502687
0.505491
0.508411
0.511448
0.514601
0.517872
0.521259
0.524764
0.528385
0.532125
0.535981
0.539956
0.544048
0.548258
0.552586
0.557032
0.561596
0.566278
0.571078
0.575995
0.581030
0.586183
0.591453
0.596840
0.602344
0.607965
0.613701
0.619554
0.625522
0.631605
0.637801
0.644112
0.650535
0.657071
0.663717
0.670474
0.677340
0.684315
0.691396
0.698583
0.705875
0.713269
0.720766
0.728362
0.736056
0.743846
0.751731
0.759709
0.767777
0.775933
0.784174
0.792499
0.800905
0.809390
0.817949
0.826582
0.835284
0.844053
0.852885
0.861778
0.870728
0.879732
0.888786
0.897887
0.907030
0.916214
0.925432
0.934683
0.943962
0.953265
0.962587
0.971926
0.981278
0.990637
1.000000
0.467200
0.467200
0.467256
0.467426
0.467710
0.468107
0.468617
0.469240
0.469977
0.470828
0.471793
0.472871
0.474063
0.475370
0.476790
0.478325
0.479974
0.481738
0.483617
0.485611
0.487720
0.489944
0.492284
0.494740
0.497311
0.499999
0.502803
0.505724
0.508762
0.511916
0.515188
0.518577
0.522083
0.525707
0.529449
0.533310
0.537288
0.541385
0.545600
0.549933
0.554386
0.558956
0.563646
0.568454
0.573381
0.578426
0.583590
0.588872
0.594272
0.599791
0.605426
0.611180
0.617050
0.623036
0.629139
0.635357
0.641690
0.648138
0.654699
0.661372
0.668157
0.675054
0.682060
0.689174
0.696396
0.703724
0.711157
0.718693
0.726331
0.734068
0.741904
0.749835
0.757861
0.765979
0.774187
0.782483
0.790863
0.799326
0.807869
0.816489
0.825183
0.833949
0.842783
0.851682
0.860643
0.869662
0.878736
0.887862
0.897036
0.906253
0.915511
0.924806
0.934133
0.943489
0.952870
0.962271
0.971689
0.981119
0.990557
1.000000
0.464412
0.464412
0.464468
0.464638
0.464921
0.465318
0.465827
0.466450
0.467187
0.468037
0.469001
0.470078
0.471270
0.472575
0.473994
0.475528
0.477177
0.478940
0.480817
0.482810
0.484918
0.487142
0.489481
0.491936
0.494508
0.497195
0.499999
0.502920
0.505958
0.509113
0.512386
0.515776
0.519285
0.522911
0.526656
0.530520
0.534502
0.538603
0.542823
0.547162
0.551620
0.556198
0.560895
0.565712
0.570648
0.575704
0.580879
0.586173
0.591587
0.597120
0.602771
0.608541
0.614429
0.620435
0.626558
0.632798
0.639155
0.645627
0.652214
0.658915
0.665730
0.672657
0.679696
0.686845
0.694103
0.701469
0.708941
0.716519
0.724200
0.731982
0.739865
0.747845
0.755922
0.764092
0.772354
0.780706
0.789144
0.797667
0.806271
0.814955
0.823714
0.832546
0.841448
0.850417
0.859449
0.868541
0.877689
0.886890
0.896140
0.905436
0.914772
0.924147
0.933554
0.942992
0.952454
0.961938
0.971438
0.980952
0.990474
1.000000
0.461511
0.461511
0.461567
0.461737
0.462020
0.462416
0.462925
0.463547
0.464283
0.465132
0.466095
0.467171
0.468362
0.469666
0.471084
0.472617
0.474264
0.476026
0.477903
0.479894
0.482001
0.484224
0.486562
0.489017
0.491587
0.494274
0.497078
0.499999
0.503037
0.506193
0.509467
0.512858
0.516368
0.519997
0.523744
0.527611
0.531596
0.535701
0.539926
0.544271
0.548735
0.553320
0.558025
0.562850
0.567796
0.572862
0.578049
0.583355
0.588782
0.594330
0.599997
0.605784
0.611690
0.617716
0.623860
0.630123
0.636503
0.643001
0.649615
0.656345
0.663190
0.670150
0.677222
0.684407
0.691702
0.699107
0.706621
0.714241
0.721967
0.729796
0.737727
0.745759
0.753888
0.762113
0.770432
0.778842
0.787341
0.795926
0.804595
0.813344
0.822171
0.831073
0.840047
0.849089
0.858195
0.867363
0.876589
0.885869
0.895200
0.904577
0.913996
0.923454
0.932946
0.942469
0.952017
0.961588
0.971175
0.980776
0.990386
1.000000
0.458496
0.458496
0.458553
0.458722
0.459005
0.459400
0.459909
0.460530
0.461265
0.462114
0.463076
0.464151
0.465340
0.466643
0.468060
0.469591
0.471237
0.472997
0.474873
0.476863
0.478969
0.481190
0.483527
0.485981
0.488551
0.491237
0.494040
0.496961
0.499999
0.503155
0.506430
0.509822
0.513334
0.516964
0.520714
0.524583
0.528572
0.532681
0.536910
0.541260
0.545731
0.550322
0.555035
0.559868
0.564823
0.569900
0.575098
0.580417
0.585858
0.591420
0.597103
0.602907
0.608832
0.614878
0.621044
0.627329
0.633734
0.640258
0.646900
0.653660
0.660536
0.667529
0.674636
0.681857
0.689191
0.696637
0.704193
0.711858
0.719631
0.727509
0.735490
0.743574
0.751759
0.760041
0.768418
0.776889
0.785451
0.794102
0.802837
0.811656
0.820554
0.829529
0.838577
0.847695
0.856880
0.866128
0.875435
0.884798
0.894213
0.903675
0.913181
0.922727
0.932308
0.941920
0.951559
0.961220
0.970899
0.980592
0.990294
1.000000
0.455369
0.455369
0.455425
0.455595
0.455877
0.456272
0.456780
0.457401
0.458135
0.458982
0.459942
0.461017
0.462204
0.463506
0.464921
0.466451
0.468095
0.469854
0.471728
0.473717
0.475821
0.478041
0.480376
0.482828
0.485397
0.488083
0.490885
0.493805
0.496843
0.499999
0.503274
0.506667
0.510180
0.513811
0.517563
0.521435
0.525427
0.529540
0.533773
0.538128
0.542605
0.547203
0.551923
0.556765
0.561729
0.566816
0.572026
0.577357
0.582812
0.588389
0.594088
0.599910
0.605854
0.611920
0.618108
0.624417
0.630847
0.637398
0.644068
0.650858
0.657766
0.664793
0.671936
0.679195
0.686569
0.694057
0.701657
0.709368
0.717188
0.725117
0.733151
0.741290
0.749531
0.757872
0.766311
0.774846
0.783474
0.792192
0.800998
0.809888
0.818860
0.827911
0.837037
0.846236
0.855502
0.864833
0.874226
0.883675
0.893178
0.902730
0.912327
0.921964
0.931638
0.941344
0.951078
0.960834
0.970610
0.980399
0.990197
1.000000
0.452129
0.452129
0.452185
0.452354
0.452636
0.453030
0.453537
0.454158
0.454891
0.455737
0.456696
0.457769
0.458955
0.460255
0.461669
0.463197
0.464839
0.466596
0.468468
0.470455
0.472557
0.474775
0.477109
0.479560
0.482127
0.484811
0.487612
0.490532
0.493569
0.496725
0.499999
0.503393
0.506906
0.510539
0.514293
0.518167
0.522162
0.526278
0.530516
0.534875
0.539357
0.543962
0.548689
0.553540
0.558513
0.563610
0.568831
0.574175
0.579643
0.585235
0.590951
0.596790
0.602753
0.608840
0.615050
0.621383
0.627839
0.634417
0.641117
0.647937
0.654879
0.661940
0.669120
0.676418
0.683833
0.691364
0.699010
0.706768
0.714639
0.722619
0.730708
0.738903
0.747204
0.755606
0.764109
0.772710
0.781406
0.790194
0.799073
0.808038
0.817088
0.826218
0.835426
0.844707
0.854059
0.863478
0.872959
0.882499
0.892094
0.901740
0.911431
0.921165
0.930937
0.940741
0.950574
0.960430
0.970306
0.980196
0.990096
1.000000
0.448776
0.448776
0.448833
0.449001
0.449282
0.449676
0.450182
0.450802
0.451533
0.452378
0.453336
0.454407
0.455592
0.456890
0.458302
0.459828
0.461468
0.463223
0.465092
0.467077
0.469177
0.471393
0.473726
0.476174
0.478739
0.481422
0.484222
0.487140
0.490176
0.493331
0.496606
0.499999
0.503513
0.507147
0.510902
0.514777
0.518775
0.522894
0.527136
0.531500
0.535987
0.540598
0.545332
0.550191
0.555173
0.560280
0.565512
0.570869
0.576351
0.581958
0.587690
0.593547
0.599530
0.605637
0.611870
0.618227
0.624709
0.631314
0.638044
0.644896
0.651871
0.658968
0.666186
0.673524
0.680981
0.688557
0.696249
0.704057
0.711979
0.720013
0.728158
0.736412
0.744773
0.753240
0.761809
0.770478
0.779245
0.788107
0.797061
0.806105
0.815235
0.824448
0.833740
0.843109
0.852550
0.862059
0.871633
0.881268
0.890960
0.900703
0.910494
0.920329
0.930202
0.940109
0.950046
0.960007
0.969988
0.979984
0.989989
1.000000
0.445311
0.445311
0.445367
0.445536
0.445816
0.446209
0.446715
0.447333
0.448063
0.448907
0.449863
0.450932
0.452115
0.453411
0.454821
0.456344
0.457982
0.459735
0.461602
0.463584
0.465682
0.467896
0.470226
0.472672
0.475235
0.477916
0.480714
0.483630
0.486665
0.489819
0.493092
0.496486
0.499999
0.503634
0.507389
0.511267
0.515266
0.519388
0.523633
0.528002
0.532494
0.537111
0.541852
0.546718
0.551709
0.556826
0.562069
0.567438
0.572933
0.578555
0.584303
0.590179
0.596181
0.602309
0.608564
0.614946
0.621454
0.628088
0.634848
0.641733
0.648742
0.655875
0.663132
0.670511
0.678012
0.685633
0.693373
0.701231
0.709206
0.717296
0.725499
0.733814
0.742239
0.750771
0.759408
0.768148
0.776989
0.785927
0.794960
0.804085
0.813299
0.822598
0.831978
0.841438
0.850972
0.860576
0.870247
0.879981
0.889773
0.899619
0.909514
0.919454
0.929434
0.939449
0.949494
0.959564
0.969655
0.979762
0.989878
1.000000
0.441734
0.441734
0.441790
0.441958
0.442238
0.442630
0.443135
0.443751
0.444481
0.445322
0.446277
0.447344
0.448524
0.449818
0.451226
0.452747
0.454382
0.456132
0.457996
0.459976
0.462071
0.464282
0.466609
0.469053
0.471613
0.474291
0.477087
0.480002
0.483035
0.486187
0.489459
0.492852
0.496365
0.499999
0.503755
0.507634
0.511635
0.515759
0.520007
0.524380
0.528876
0.533498
0.538246
0.543119
0.548119
0.553246
0.558499
0.563880
0.569389
0.575026
0.580791
0.586684
0.592705
0.598855
0.605133
0.611539
0.618074
0.624737
0.631527
0.638444
0.645489
0.652659
0.659955
0.667376
0.674921
0.682589
0.690379
0.698289
0.706318
0.714465
0.722729
0.731106
0.739596
0.748196
0.756904
0.765718
0.774635
0.783652
0.792767
0.801976
0.811277
0.820666
0.830138
0.839692
0.849323
0.859026
0.868799
0.878635
0.888532
0.898485
0.908489
0.918539
0.928630
0.938757
0.948916
0.959101
0.969307
0.979529
0.989762
1.000000
0.438044
0.438044
0.438100
0.438268
0.438547
0.438939
0.439442
0.440058
0.440785
0.441625
0.442578
0.443643
0.444821
0.446112
0.447517
0.449035
0.450668
0.452414
0.454276
0.456252
0.458344
0.460552
0.462876
0.465316
0.467874
0.470549
0.473342
0.476254
0.479285
0.482436
0.485706
0.489097
0.492609
0.496243
0.499999
0.503878
0.507881
0.512007
0.516257
0.520633
0.525134
0.529761
0.534514
0.539395
0.544403
0.549538
0.554803
0.560195
0.565717
0.571368
0.577149
0.583060
0.589101
0.595272
0.601573
0.608004
0.614566
0.621257
0.628079
0.635029
0.642109
0.649318
0.656654
0.664118
0.671708
0.679424
0.687264
0.695228
0.703313
0.711519
0.719844
0.728286
0.736843
0.745514
0.754295
0.763185
0.772181
0.781280
0.790480
0.799777
0.809168
0.818649
0.828218
0.837870
0.847601
0.857408
0.867285
0.877230
0.887236
0.897301
0.907417
0.917582
0.927790
0.938035
0.948312
0.958617
0.968944
0.979287
0.989641
1.000000
0.434243
0.434243
0.434299
0.434466
0.434745
0.435135
0.435638
0.436251
0.436977
0.437815
0.438766
0.439829
0.441004
0.442293
0.443694
0.445210
0.446839
0.448582
0.450440
0.452413
0.454501
0.456706
0.459026
0.461463
0.464017
0.466689
0.469479
0.472388
0.475416
0.478564
0.481832
0.485221
0.488732
0.492365
0.496120
0.499999
0.504002
0.508130
0.512382
0.516760
0.521265
0.525897
0.530656
0.535543
0.540558
0.545703
0.550977
0.556381
0.561916
0.567581
0.573378
0.579306
0.585366
0.591558
0.597883
0.604339
0.610927
0.617648
0.624501
0.631485
0.638601
0.645848
0.653225
0.660733
0.668369
0.676134
0.684026
0.692044
0.700187
0.708454
0.716842
0.725350
0.733977
0.742720
0.751577
0.760546
0.769624
0.778808
0.788095
0.797483
0.806967
0.816546
0.826214
0.835968
0.845804
0.855718
0.865705
0.875762
0.885883
0.896063
0.906298
0.916583
0.926912
0.937280
0.947681
0.958111
0.968563
0.979033
0.989514
1.000000
0.430330
0.430330
0.430386
0.430553
0.430831
0.431220
0.431721
0.432334
0.433058
0.433893
0.434841
0.435902
0.437074
0.438360
0.439758
0.441270
0.442896
0.444635
0.446490
0.448459
0.450543
0.452743
0.455059
0.457492
0.460043
0.462711
0.465497
0.468402
0.471427
0.474572
0.477837
0.481224
0.484733
0.488364
0.492118
0.495997
0.499999
0.504127
0.508381
0.512762
0.517269
0.521905
0.526669
0.531562
0.536584
0.541737
0.547021
0.552437
0.557984
0.563663
0.569476
0.575421
0.581500
0.587713
0.594060
0.600541
0.607157
0.613907
0.620791
0.627810
0.634962
0.642248
0.649667
0.657219
0.664902
0.672717
0.680662
0.688736
0.696938
0.705266
0.713720
0.722297
0.730995
0.739813
0.748748
0.757798
0.766960
0.776232
0.785610
0.795092
0.804674
0.814352
0.824124
0.833984
0.843929
0.853955
0.864056
0.874230
0.884470
0.894771
0.905130
0.915539
0.925995
0.936491
0.947022
0.957582
0.968166
0.978768
0.989381
1.000000
0.426306
0.426306
0.426362
0.426528
0.426805
0.427194
0.427693
0.428304
0.429026
0.429859
0.430805
0.431862
0.433032
0.434314
0.435709
0.437217
0.438839
0.440574
0.442424
0.444389
0.446469
0.448664
0.450976
0.453405
0.455950
0.458614
0.461396
0.464297
0.467318
0.470459
0.473721
0.477105
0.480611
0.484239
0.487992
0.491869
0.495871
0.499999
0.504254
0.508636
0.513146
0.517785
0.522553
0.527451
0.532481
0.537641
0.542934
0.548360
0.553919
0.559612
0.565440
0.571402
0.577500
0.583734
0.590103
0.596610
0.603252
0.610031
0.616947
0.624000
0.631189
0.638515
0.645976
0.653573
0.661304
0.669170
0.677169
0.685300
0.693562
0.701954
0.710474
0.719122
0.727893
0.736788
0.745804
0.754937
0.764187
0.773549
0.783022
0.792601
0.802284
0.812066
0.821945
0.831915
0.841973
0.852115
0.862336
0.872631
0.882995
0.893423
0.903909
0.914449
0.925037
0.935667
0.946333
0.957030
0.967751
0.978491
0.989242
1.000000
0.422172
0.422172
0.422227
0.422393
0.422669
0.423056
0.423554
0.424163
0.424883
0.425714
0.426656
0.427711
0.428877
0.430155
0.431546
0.433050
0.434668
0.436399
0.438244
0.440204
0.442279
0.444469
0.446776
0.449200
0.451740
0.454399
0.457176
0.460072
0.463089
0.466225
0.469483
0.472863
0.476366
0.479991
0.483742
0.487617
0.491617
0.495745
0.499999
0.504382
0.508894
0.513535
0.518307
0.523210
0.528245
0.533413
0.538715
0.544150
0.549721
0.555427
0.561269
0.567248
0.573364
0.579618
0.586010
0.592541
0.599211
0.606019
0.612967
0.620054
0.627280
0.634645
0.642149
0.649792
0.657572
0.665489
0.673543
0.681733
0.690056
0.698513
0.707102
0.715821
0.724669
0.733643
0.742741
0.751961
0.761301
0.770757
0.780327
0.790007
0.799794
0.809684
0.819673
0.829758
0.839934
0.850197
0.860541
0.870963
0.881456
0.892015
0.902636
0.913312
0.924038
0.934807
0.945615
0.956454
0.967318
0.978201
0.989097
1.000000
0.417926
0.417926
0.417981
0.418147
0.418422
0.418808
0.419304
0.419911
0.420628
0.421457
0.422396
0.423447
0.424609
0.425884
0.427271
0.428770
0.430383
0.432109
0.433949
0.435904
0.437973
0.440158
0.442459
0.444877
0.447412
0.450065
0.452837
0.455728
0.458739
0.461870
0.465123
0.468499
0.471997
0.475619
0.479366
0.483238
0.487237
0.491363
0.495617
0.499999
0.504512
0.509155
0.513930
0.518837
0.523877
0.529051
0.534361
0.539805
0.545387
0.551105
0.556961
0.562956
0.569091
0.575365
0.581779
0.588334
0.595030
0.601868
0.608847
0.615969
0.623232
0.630637
0.638184
0.645873
0.653702
0.661672
0.669782
0.678031
0.686418
0.694941
0.703600
0.712393
0.721318
0.730373
0.739557
0.748866
0.758298
0.767851
0.777521
0.787305
0.797200
0.807202
0.817307
0.827511
0.837809
0.848197
0.858670
0.869223
0.879850
0.890547
0.901307
0.912125
0.922995
0.933910
0.944864
0.955852
0.966865
0.977899
0.988946
1.000000
0.413571
0.413571
0.413626
0.413790
0.414065
0.414449
0.414943
0.415548
0.416263
0.417088
0.418024
0.419072
0.420230
0.421500
0.422882
0.424377
0.425985
0.427705
0.429540
0.431489
0.433552
0.435731
0.438026
0.440438
0.442966
0.445613
0.448379
0.451263
0.454268
0.457394
0.460641
0.464011
0.467505
0.471122
0.474865
0.478734
0.482729
0.486853
0.491105
0.495487
0.499999
0.504644
0.509420
0.514330
0.519375
0.524555
0.529871
0.535324
0.540915
0.546646
0.552515
0.558526
0.564677
0.570971
0.577407
0.583986
0.590708
0.597575
0.604586
0.611742
0.619042
0.626488
0.634078
0.641813
0.649692
0.657716
0.665882
0.674191
0.682642
0.691233
0.699964
0.708832
0.717837
0.726975
0.736246
0.745647
0.755175
0.764827
0.774601
0.784493
0.794500
0.804617
0.814842
0.825169
0.835594
0.846112
0.856719
0.867408
0.878176
0.889015
0.899921
0.910886
0.921906
0.932973
0.944081
0.955223
0.966393
0.977584
0.988788
1.000000
0.409105
0.409105
0.409160
0.409324
0.409597
0.409980
0.410473
0.411075
0.411787
0.412609
0.413542
0.414585
0.415739
0.417005
0.418382
0.419871
0.421473
0.423188
0.425016
0.426959
0.429016
0.431188
0.433476
0.435881
0.438403
0.441042
0.443801
0.446679
0.449677
0.452796
0.456037
0.459401
0.462888
0.466500
0.470238
0.474102
0.478094
0.482214
0.486464
0.490844
0.495355
0.499999
0.504777
0.509689
0.514737
0.519922
0.525244
0.530705
0.536305
0.542046
0.547929
0.553954
0.560122
0.566434
0.572891
0.579494
0.586242
0.593137
0.600180
0.607370
0.614707
0.622193
0.629827
0.637609
0.645538
0.653615
0.661840
0.670210
0.678726
0.687386
0.696190
0.705135
0.714221
0.723446
0.732806
0.742301
0.751927
0.761683
0.771563
0.781567
0.791689
0.801926
0.812274
0.822729
0.833285
0.843939
0.854684
0.865516
0.876429
0.887417
0.898474
0.909594
0.920769
0.931995
0.943263
0.954567
0.965900
0.977254
0.988624
1.000000
0.404531
0.404531
0.404585
0.404748
0.405021
0.405402
0.405892
0.406492
0.407201
0.408020
0.408948
0.409987
0.411137
0.412397
0.413769
0.415253
0.416848
0.418557
0.420379
0.422314
0.424364
0.426529
0.428810
0.431207
0.433721
0.436353
0.439104
0.441974
0.444964
0.448076
0.451310
0.454666
0.458147
0.461753
0.465485
0.469343
0.473330
0.477446
0.481692
0.486069
0.490579
0.495222
0.500000
0.504913
0.509963
0.515151
0.520479
0.525946
0.531555
0.537306
0.543200
0.549239
0.555423
0.561753
0.568230
0.574855
0.581629
0.588553
0.595626
0.602850
0.610225
0.617751
0.625428
0.633257
0.641237
0.649368
0.657651
0.666083
0.674665
0.683396
0.692274
0.701298
0.710467
0.719779
0.729232
0.738824
0.748551
0.758412
0.768403
0.778521
0.788763
0.799123
0.809600
0.820187
0.830880
0.841674
0.852563
0.863543
0.874608
0.885750
0.896965
0.908245
0.919583
0.930974
0.942409
0.953882
0.965385
0.976911
0.988452
1.000000
0.399847
0.399847
0.399901
0.400064
0.400335
0.400714
0.401202
0.401799
0.402505
0.403320
0.404245
0.405279
0.406424
0.407679
0.409045
0.410522
0.412111
0.413813
0.415627
0.417555
0.419597
0.421754
0.424027
0.426415
0.428921
0.431545
0.434287
0.437148
0.440130
0.443234
0.446459
0.449808
0.453281
0.456880
0.460604
0.464456
0.468437
0.472548
0.476789
0.481162
0.485669
0.490310
0.495086
0.500000
0.505051
0.510242
0.515573
0.521046
0.526662
0.532421
0.538327
0.544378
0.550577
0.556924
0.563421
0.570069
0.576867
0.583818
0.590922
0.598179
0.605591
0.613157
0.620877
0.628753
0.636784
0.644971
0.653311
0.661807
0.670456
0.679258
0.688212
0.697317
0.706571
0.715972
0.725519
0.735210
0.745041
0.755011
0.765116
0.775352
0.785717
0.796206
0.806814
0.817538
0.828373
0.839313
0.850352
0.861486
0.872708
0.884011
0.895390
0.906837
0.918346
0.929908
0.941518
0.953167
0.964847
0.976552
0.988272
1.000000
0.395055
0.395055
0.395109
0.395271
0.395541
0.395918
0.396404
0.396998
0.397700
0.398511
0.399431
0.400461
0.401600
0.402849
0.404209
0.405679
0.407261
0.408955
0.410762
0.412682
0.414716
0.416864
0.419128
0.421507
0.424004
0.426618
0.429351
0.432203
0.435175
0.438269
0.441486
0.444826
0.448290
0.451880
0.455596
0.459441
0.463414
0.467518
0.471754
0.476122
0.480624
0.485262
0.490036
0.494948
0.500000
0.505192
0.510526
0.516003
0.521625
0.527392
0.533307
0.539370
0.545583
0.551946
0.558462
0.565130
0.571953
0.578931
0.586064
0.593354
0.600802
0.608408
0.616172
0.624095
0.632177
0.640418
0.648818
0.657377
0.666094
0.674968
0.683999
0.693186
0.702526
0.712019
0.721663
0.731455
0.741394
0.751475
0.761697
0.772056
0.782547
0.793168
0.803914
0.814780
0.825761
0.836852
0.848047
0.859340
0.870726
0.882197
0.893747
0.905368
0.917054
0.928796
0.940588
0.952420
0.964286
0.976177
0.988084
1.000000
0.390156
0.390156
0.390210
0.390370
0.390639
0.391014
0.391497
0.392088
0.392787
0.393593
0.394509
0.395533
0.396666
0.397909
0.399262
0.400725
0.402300
0.403986
0.405784
0.407695
0.409720
0.411859
0.414112
0.416482
0.418969
0.421573
0.424295
0.427137
0.430099
0.433183
0.436389
0.439718
0.443173
0.446753
0.450461
0.454296
0.458261
0.462358
0.466586
0.470948
0.475444
0.480077
0.484848
0.489757
0.494808
0.500000
0.505335
0.510815
0.516442
0.522216
0.528139
0.534213
0.540438
0.546817
0.553350
0.560038
0.566884
0.573887
0.581050
0.588372
0.595856
0.603500
0.611308
0.619277
0.627410
0.635706
0.644166
0.652788
0.661574
0.670521
0.679631
0.688900
0.698329
0.707916
0.717659
0.727555
0.737603
0.747799
0.758141
0.768625
0.779248
0.790006
0.800893
0.811906
0.823039
0.834287
0.845643
0.857103
0.868659
0.880304
0.892032
0.903835
0.915705
0.927635
0.939616
0.951641
0.963700
0.975785
0.987888
1.000000
0.385149
0.385149
0.385202
0.385362
0.385629
0.386002
0.386483
0.387070
0.387765
0.388567
0.389477
0.390496
0.391623
0.392859
0.394204
0.395660
0.397226
0.398904
0.400693
0.402594
0.404609
0.406738
0.408981
0.411340
0.413816
0.416409
0.419120
0.421950
0.424901
0.427973
0.431168
0.434487
0.437930
0.441500
0.445196
0.449022
0.452978
0.457065
0.461284
0.465639
0.470128
0.474755
0.479521
0.484426
0.489474
0.494664
0.500000
0.505481
0.511111
0.516890
0.522820
0.528903
0.535140
0.541532
0.548082
0.554789
0.561657
0.568685
0.575875
0.583229
0.590747
0.598431
0.606280
0.614297
0.622480
0.630831
0.639350
0.648037
0.656892
0.665913
0.675102
0.684456
0.693975
0.703657
0.713500
0.723503
0.733663
0.743977
0.754443
0.765057
0.775815
0.786713
0.797747
0.808912
0.820202
0.831613
0.843137
0.854769
0.866502
0.878329
0.890242
0.902234
0.914297
0.926422
0.938601
0.950826
0.963087
0.975376
0.987684
1.000000
0.380036
0.380036
0.380089
0.380248
0.380513
0.380884
0.381361
0.381945
0.382635
0.383433
0.384338
0.385350
0.386470
0.387699
0.389037
0.390484
0.392042
0.393710
0.395489
0.397381
0.399385
0.401503
0.403735
0.406082
0.408546
0.411127
0.413826
0.416644
0.419582
0.422642
0.425824
0.429130
0.432561
0.436119
0.439804
0.443618
0.447562
0.451639
0.455849
0.460194
0.464675
0.469294
0.474053
0.478953
0.483996
0.489184
0.494518
0.500000
0.505631
0.511414
0.517349
0.523440
0.529686
0.536091
0.542655
0.549380
0.556268
0.563320
0.570538
0.577922
0.585474
0.593195
0.601087
0.609149
0.617383
0.625789
0.634367
0.643118
0.652042
0.661139
0.670407
0.679847
0.689457
0.699236
0.709182
0.719294
0.729569
0.740004
0.750597
0.761344
0.772241
0.783285
0.794470
0.805792
0.817246
0.828825
0.840523
0.852334
0.864251
0.876267
0.888373
0.900562
0.912826
0.925155
0.937541
0.949975
0.962447
0.974949
0.987470
1.000000
0.374816
0.374816
0.374869
0.375027
0.375290
0.375659
0.376133
0.376713
0.377399
0.378191
0.379090
0.380096
0.381209
0.382431
0.383760
0.385199
0.386747
0.388405
0.390174
0.392054
0.394047
0.396153
0.398373
0.400708
0.403159
0.405726
0.408412
0.411217
0.414141
0.417187
0.420356
0.423648
0.427066
0.430610
0.434282
0.438083
0.442015
0.446080
0.450278
0.454612
0.459084
0.463694
0.468445
0.473338
0.478375
0.483558
0.488888
0.494368
0.500000
0.505784
0.511724
0.517820
0.524075
0.530490
0.537068
0.543809
0.550716
0.557790
0.565033
0.572447
0.580032
0.587790
0.595722
0.603829
0.612113
0.620573
0.629211
0.638027
0.647020
0.656192
0.665541
0.675068
0.684770
0.694648
0.704699
0.714922
0.725314
0.735873
0.746597
0.757481
0.768522
0.779715
0.791057
0.802542
0.814164
0.825918
0.837796
0.849794
0.861902
0.874114
0.886422
0.898816
0.911289
0.923831
0.936433
0.949086
0.961779
0.974502
0.987246
1.000000
0.369492
0.369492
0.369544
0.369701
0.369962
0.370328
0.370799
0.371375
0.372056
0.372843
0.373736
0.374735
0.375841
0.377054
0.378374
0.379803
0.381341
0.382989
0.384747
0.386616
0.388596
0.390690
0.392896
0.395218
0.397655
0.400208
0.402879
0.405669
0.408579
0.411610
0.414764
0.418041
0.421444
0.424973
0.428631
0.432418
0.436336
0.440387
0.444572
0.448894
0.453354
0.457953
0.462694
0.467578
0.472607
0.477783
0.483109
0.488586
0.494215
0.500000
0.505941
0.512042
0.518303
0.524727
0.531316
0.538072
0.544997
0.552091
0.559359
0.566800
0.574416
0.582210
0.590182
0.598334
0.606666
0.615180
0.623877
0.632757
0.641821
0.651068
0.660498
0.670112
0.679909
0.689886
0.700044
0.710380
0.720892
0.731579
0.742436
0.753460
0.764649
0.775997
0.787500
0.799153
0.810950
0.822885
0.834951
0.847142
0.859450
0.871866
0.884383
0.896992
0.909683
0.922448
0.935275
0.948156
0.961079
0.974035
0.987012
1.000000
0.364063
0.364063
0.364115
0.364270
0.364530
0.364893
0.365360
0.365932
0.366608
0.367389
0.368275
0.369267
0.370365
0.371569
0.372880
0.374299
0.375827
0.377463
0.379209
0.381065
0.383033
0.385112
0.387305
0.389612
0.392034
0.394572
0.397228
0.400002
0.402896
0.405911
0.409048
0.412309
0.415696
0.419209
0.422850
0.426621
0.430524
0.434559
0.438730
0.443038
0.447484
0.452070
0.456799
0.461673
0.466692
0.471860
0.477179
0.482650
0.488276
0.494058
0.500000
0.506102
0.512368
0.518799
0.525398
0.532166
0.539107
0.546220
0.553510
0.560977
0.568624
0.576452
0.584462
0.592657
0.601038
0.609605
0.618360
0.627304
0.636437
0.645760
0.655272
0.664974
0.674865
0.684944
0.695211
0.705662
0.716297
0.727113
0.738107
0.749276
0.760617
0.772124
0.783794
0.795620
0.807598
0.819721
0.831982
0.844374
0.856888
0.869518
0.882253
0.895085
0.908004
0.921001
0.934064
0.947183
0.960347
0.973546
0.986767
1.000000
0.358530
0.358530
0.358581
0.358736
0.358993
0.359353
0.359817
0.360384
0.361055
0.361830
0.362709
0.363693
0.364782
0.365977
0.367279
0.368687
0.370203
0.371827
0.373560
0.375403
0.377357
0.379422
0.381600
0.383891
0.386297
0.388819
0.391458
0.394215
0.397092
0.400089
0.403209
0.406452
0.409820
0.413316
0.416939
0.420693
0.424578
0.428597
0.432751
0.437043
0.441473
0.446045
0.450761
0.455621
0.460629
0.465787
0.471096
0.476560
0.482179
0.487958
0.493897
0.500000
0.506268
0.512704
0.519310
0.526089
0.533043
0.540174
0.547484
0.554975
0.562650
0.570511
0.578558
0.586795
0.595222
0.603842
0.612655
0.621662
0.630864
0.640263
0.649857
0.659648
0.669634
0.679816
0.690192
0.700761
0.711520
0.722469
0.733604
0.744921
0.756418
0.768089
0.779931
0.791937
0.804102
0.816419
0.828882
0.841482
0.854212
0.867063
0.880026
0.893091
0.906248
0.919487
0.932796
0.946165
0.959581
0.973034
0.986511
1.000000
0.352894
0.352894
0.352945
0.353098
0.353353
0.353711
0.354170
0.354733
0.355398
0.356166
0.357038
0.358014
0.359094
0.360279
0.361570
0.362967
0.364471
0.366082
0.367802
0.369630
0.371569
0.373619
0.375781
0.378056
0.380445
0.382949
0.385570
0.388309
0.391167
0.394145
0.397246
0.400469
0.403818
0.407294
0.410898
0.414633
0.418499
0.422499
0.426635
0.430909
0.435322
0.439877
0.444577
0.449422
0.454416
0.459561
0.464859
0.470313
0.475924
0.481696
0.487631
0.493731
0.500000
0.506438
0.513050
0.519837
0.526802
0.533948
0.541276
0.548790
0.556491
0.564382
0.572465
0.580742
0.589215
0.597885
0.606755
0.615824
0.625095
0.634569
0.644245
0.654125
0.664207
0.674493
0.684980
0.695668
0.706555
0.717639
0.728917
0.740387
0.752044
0.763884
0.775903
0.788094
0.800453
0.812972
0.825644
0.838461
0.851415
0.864497
0.877697
0.891005
0.904411
0.917903
0.931469
0.945099
0.958780
0.972498
0.986243
1.000000
0.347157
0.347157
0.347207
0.347359
0.347612
0.347966
0.348421
0.348978
0.349637
0.350399
0.351263
0.352230
0.353301
0.354476
0.355755
0.357140
0.358631
0.360229
0.361934
0.363748
0.365671
0.367704
0.369849
0.372106
0.374477
0.376963
0.379564
0.382283
0.385121
0.388079
0.391159
0.394362
0.397690
0.401144
0.404727
0.408441
0.412286
0.416265
0.420381
0.424635
0.429029
0.433565
0.438246
0.443075
0.448053
0.453183
0.458467
0.463908
0.469509
0.475272
0.481200
0.487295
0.493561
0.500000
0.506614
0.513407
0.520381
0.527539
0.534883
0.542417
0.550142
0.558062
0.566178
0.574494
0.583010
0.591730
0.600654
0.609785
0.619124
0.628672
0.638430
0.648399
0.658578
0.668968
0.679568
0.690377
0.701393
0.712615
0.724040
0.735665
0.747487
0.759500
0.771702
0.784085
0.796643
0.809371
0.822260
0.835303
0.848490
0.861812
0.875260
0.888821
0.902487
0.916243
0.930079
0.943982
0.957939
0.971937
0.985962
1.000000
0.341318
0.341318
0.341368
0.341518
0.341768
0.342119
0.342570
0.343122
0.343775
0.344529
0.345385
0.346343
0.347403
0.348567
0.349835
0.351207
0.352685
0.354268
0.355958
0.357756
0.359662
0.361678
0.363805
0.366043
0.368394
0.370860
0.373441
0.376139
0.378955
0.381891
0.384949
0.388129
0.391435
0.394866
0.398426
0.402117
0.405939
0.409896
0.413989
0.418220
0.422593
0.427108
0.431769
0.436578
0.441537
0.446650
0.451918
0.457344
0.462932
0.468683
0.474601
0.480689
0.486949
0.493385
0.500000
0.506795
0.513776
0.520943
0.528301
0.535852
0.543599
0.551545
0.559692
0.568044
0.576602
0.585369
0.594347
0.603538
0.612944
0.622566
0.632405
0.642462
0.652738
0.663233
0.673947
0.684878
0.696025
0.707388
0.718963
0.730747
0.742737
0.754929
0.767319
0.779899
0.792665
0.805609
0.818724
0.832000
0.845430
0.859003
0.872708
0.886535
0.900471
0.914505
0.928623
0.942812
0.957058
0.971348
0.985667
1.000000
0.335379
0.335379
0.335429
0.335577
0.335825
0.336172
0.336619
0.337165
0.337811
0.338557
0.339405
0.340353
0.341403
0.342555
0.343810
0.345169
0.346632
0.348200
0.349874
0.351655
0.353544
0.355541
0.357648
0.359867
0.362198
0.364642
0.367201
0.369876
0.372670
0.375582
0.378616
0.381772
0.385053
0.388460
0.391995
0.395660
0.399458
0.403390
0.407458
0.411665
0.416014
0.420506
0.425144
0.429931
0.434869
0.439961
0.445210
0.450619
0.456190
0.461927
0.467833
0.473910
0.480162
0.486593
0.493204
0.500000
0.506983
0.514157
0.521526
0.529091
0.536857
0.544827
0.553002
0.561388
0.569985
0.578798
0.587827
0.597076
0.606547
0.616242
0.626161
0.636307
0.646680
0.657280
0.668107
0.679162
0.690443
0.701948
0.713675
0.725623
0.737786
0.750161
0.762744
0.775529
0.788508
0.801676
0.815025
0.828545
0.842227
0.856060
0.870035
0.884138
0.898358
0.912682
0.927095
0.941584
0.956134
0.970730
0.985357
1.000000
0.329341
0.329341
0.329390
0.329537
0.329782
0.330126
0.330567
0.331107
0.331747
0.332485
0.333323
0.334261
0.335300
0.336440
0.337682
0.339027
0.340475
0.342027
0.343684
0.345447
0.347317
0.349294
0.351381
0.353578
0.355887
0.358309
0.360844
0.363496
0.366265
0.369152
0.372160
0.375291
0.378545
0.381925
0.385433
0.389072
0.392842
0.396747
0.400789
0.404969
0.409291
0.413757
0.418370
0.423132
0.428046
0.433115
0.438343
0.443731
0.449283
0.455003
0.460893
0.466957
0.473197
0.479619
0.486224
0.493016
0.500000
0.507177
0.514553
0.522130
0.529912
0.537902
0.546103
0.554519
0.563153
0.572009
0.581088
0.590393
0.599928
0.609693
0.619692
0.629925
0.640394
0.651099
0.662041
0.673221
0.684636
0.696286
0.708169
0.720282
0.732623
0.745186
0.757968
0.770963
0.784164
0.797564
0.811154
0.824927
0.838872
0.852977
0.867233
0.881625
0.896142
0.910769
0.925492
0.940295
0.955164
0.970082
0.985033
1.000000
0.323206
0.323206
0.323254
0.323399
0.323642
0.323981
0.324417
0.324951
0.325583
0.326313
0.327141
0.328069
0.329096
0.330224
0.331452
0.332781
0.334213
0.335748
0.337387
0.339131
0.340981
0.342938
0.345004
0.347178
0.349464
0.351861
0.354372
0.356998
0.359741
0.362602
0.365582
0.368685
0.371911
0.375263
0.378742
0.382351
0.386092
0.389968
0.393980
0.398131
0.402424
0.406862
0.411446
0.416181
0.421069
0.426112
0.431314
0.436679
0.442209
0.447908
0.453779
0.459826
0.466052
0.472461
0.479056
0.485842
0.492822
0.500000
0.507379
0.514964
0.522758
0.530765
0.538989
0.547433
0.556101
0.564996
0.574122
0.583481
0.593077
0.602911
0.612987
0.623307
0.633871
0.644681
0.655739
0.667043
0.678594
0.690391
0.702432
0.714715
0.727236
0.739993
0.752979
0.766191
0.779620
0.793260
0.807102
0.821138
0.835355
0.849745
0.864293
0.878988
0.893815
0.908760
0.923808
0.938941
0.954144
0.969400
0.984691
1.000000
0.316973
0.316973
0.317021
0.317164
0.317404
0.317739
0.318170
0.318697
0.319321
0.320042
0.320861
0.321777
0.322792
0.323906
0.325119
0.326433
0.327849
0.329366
0.330986
0.332710
0.334539
0.336474
0.338517
0.340668
0.342928
0.345300
0.347785
0.350384
0.353099
0.355931
0.358883
0.361955
0.365151
0.368472
0.371921
0.375498
0.379208
0.383052
0.387032
0.391152
0.395413
0.399819
0.404373
0.409077
0.413935
0.418949
0.424124
0.429462
0.434966
0.440641
0.446489
0.452516
0.458723
0.465116
0.471698
0.478474
0.485446
0.492620
0.500000
0.507589
0.515391
0.523412
0.531654
0.540123
0.548821
0.557753
0.566922
0.576332
0.585986
0.595888
0.606040
0.616444
0.627102
0.638017
0.649189
0.660618
0.672306
0.684252
0.696453
0.708908
0.721615
0.734569
0.747766
0.761200
0.774866
0.788754
0.802857
0.817165
0.831668
0.846353
0.861208
0.876219
0.891371
0.906649
0.922037
0.937517
0.953072
0.968683
0.984332
1.000000
0.310645
0.310645
0.310692
0.310834
0.311070
0.311401
0.311826
0.312347
0.312963
0.313674
0.314482
0.315387
0.316389
0.317489
0.318687
0.319984
0.321382
0.322880
0.324481
0.326184
0.327991
0.329903
0.331921
0.334047
0.336282
0.338627
0.341084
0.343654
0.346339
0.349141
0.352062
0.355103
0.358267
0.361555
0.364970
0.368514
0.372190
0.375999
0.379945
0.384030
0.388258
0.392630
0.397149
0.401820
0.406645
0.411627
0.416770
0.422077
0.427553
0.433200
0.439022
0.445024
0.451210
0.457583
0.464147
0.470908
0.477870
0.485036
0.492411
0.500000
0.507807
0.515837
0.524094
0.532583
0.541307
0.550272
0.559482
0.568939
0.578649
0.588615
0.598839
0.609326
0.620077
0.631095
0.642381
0.653936
0.665761
0.677856
0.690220
0.702851
0.715746
0.728902
0.742315
0.755979
0.769888
0.784033
0.798407
0.812999
0.827798
0.842791
0.857966
0.873308
0.888801
0.904429
0.920174
0.936019
0.951943
0.967928
0.983954
1.000000
0.304223
0.304223
0.304269
0.304409
0.304641
0.304968
0.305387
0.305901
0.306508
0.307210
0.308007
0.308899
0.309888
0.310973
0.312155
0.313435
0.314814
0.316293
0.317872
0.319554
0.321338
0.323225
0.325218
0.327318
0.329525
0.331842
0.334269
0.336809
0.339463
0.342233
0.345120
0.348128
0.351257
0.354511
0.357890
0.361398
0.365037
0.368810
0.372719
0.376767
0.380957
0.385292
0.389775
0.394409
0.399197
0.404144
0.409252
0.414525
0.419968
0.425583
0.431376
0.437349
0.443508
0.449857
0.456400
0.463142
0.470088
0.477241
0.484608
0.492193
0.500000
0.508035
0.516302
0.524807
0.533553
0.542547
0.551793
0.561294
0.571056
0.581083
0.591377
0.601944
0.612785
0.623905
0.635303
0.646984
0.658947
0.671192
0.683720
0.696529
0.709616
0.722979
0.736613
0.750514
0.764673
0.779085
0.793739
0.808625
0.823733
0.839048
0.854558
0.870246
0.886096
0.902091
0.918213
0.934440
0.950754
0.967133
0.983555
1.000000
0.297707
0.297707
0.297753
0.297890
0.298120
0.298441
0.298855
0.299361
0.299959
0.300651
0.301436
0.302316
0.303290
0.304360
0.305525
0.306787
0.308147
0.309605
0.311163
0.312821
0.314580
0.316443
0.318409
0.320481
0.322659
0.324946
0.327342
0.329850
0.332471
0.335206
0.338059
0.341031
0.344124
0.347340
0.350682
0.354151
0.357751
0.361485
0.365354
0.369362
0.373512
0.377806
0.382249
0.386843
0.391592
0.396499
0.401568
0.406804
0.412210
0.417790
0.423548
0.429489
0.435617
0.441938
0.448454
0.455173
0.462098
0.469234
0.476588
0.484163
0.491965
0.500000
0.508272
0.516788
0.525553
0.534571
0.543848
0.553389
0.563199
0.573282
0.583643
0.594287
0.605216
0.616435
0.627945
0.639749
0.651849
0.664246
0.676939
0.689928
0.703211
0.716785
0.730646
0.744789
0.759207
0.773893
0.788838
0.804031
0.819459
0.835111
0.850970
0.867022
0.883247
0.899628
0.916144
0.932775
0.949499
0.966294
0.983135
1.000000
0.291100
0.291100
0.291145
0.291280
0.291506
0.291822
0.292230
0.292728
0.293317
0.293998
0.294772
0.295638
0.296597
0.297650
0.298798
0.300042
0.301381
0.302818
0.304352
0.305986
0.307720
0.309556
0.311494
0.313537
0.315685
0.317940
0.320303
0.322777
0.325363
0.328063
0.330879
0.333813
0.336867
0.340044
0.343345
0.346774
0.350332
0.354023
0.357850
0.361815
0.365921
0.370172
0.374571
0.379122
0.383827
0.388692
0.393719
0.398913
0.404278
0.409818
0.415537
0.421441
0.427534
0.433821
0.440307
0.446997
0.453896
0.461011
0.468345
0.475906
0.483698
0.491727
0.500000
0.508521
0.517298
0.526335
0.535639
0.545214
0.555068
0.565204
0.575627
0.586344
0.597358
0.608673
0.620292
0.632219
0.644455
0.657003
0.669862
0.683033
0.696514
0.710303
0.724396
0.738788
0.753473
0.768443
0.783689
0.799200
0.814964
0.830966
0.847191
0.863623
0.880242
0.897029
0.913961
0.931018
0.948174
0.965407
0.982691
1.000000
0.284402
0.284402
0.284446
0.284580
0.284802
0.285113
0.285513
0.286003
0.286583
0.287253
0.288014
0.288866
0.289810
0.290847
0.291976
0.293200
0.294518
0.295932
0.297443
0.299051
0.300759
0.302566
0.304475
0.306487
0.308603
0.310825
0.313154
0.315593
0.318142
0.320804
0.323581
0.326475
0.329488
0.332623
0.335881
0.339267
0.342781
0.346427
0.350208
0.354127
0.358186
0.362391
0.366743
0.371246
0.375905
0.380722
0.385703
0.390851
0.396170
0.401666
0.407342
0.413205
0.419257
0.425506
0.431956
0.438612
0.445480
0.452567
0.459877
0.467417
0.475193
0.483211
0.491478
0.500000
0.508783
0.517833
0.527158
0.536762
0.546654
0.556837
0.567319
0.578104
0.589198
0.600606
0.612332
0.624379
0.636750
0.649448
0.662474
0.675828
0.689510
0.703517
0.717847
0.732495
0.747454
0.762717
0.778275
0.794117
0.810229
0.826598
0.843206
0.860037
0.877070
0.894283
0.911655
0.929160
0.946774
0.964470
0.982221
1.000000
0.277616
0.277616
0.277659
0.277790
0.278009
0.278314
0.278708
0.279189
0.279759
0.280418
0.281166
0.282003
0.282931
0.283950
0.285060
0.286263
0.287559
0.288950
0.290436
0.292018
0.293697
0.295476
0.297354
0.299334
0.301416
0.303603
0.305896
0.308297
0.310808
0.313430
0.316166
0.319018
0.321988
0.325078
0.328291
0.331630
0.335097
0.338695
0.342428
0.346297
0.350307
0.354461
0.358762
0.363215
0.367823
0.372589
0.377519
0.382617
0.387887
0.393333
0.398962
0.404777
0.410785
0.416989
0.423397
0.430014
0.436846
0.443899
0.451179
0.458692
0.466446
0.474447
0.482702
0.491217
0.500000
0.509057
0.518396
0.528024
0.537947
0.548173
0.558707
0.569556
0.580726
0.592222
0.604050
0.616214
0.628719
0.641566
0.654758
0.668296
0.682180
0.696409
0.710980
0.725890
0.741131
0.756697
0.772578
0.788763
0.805238
0.821990
0.839000
0.856249
0.873717
0.891380
0.909214
0.927194
0.945291
0.963477
0.981723
1.000000
0.270742
0.270742
0.270785
0.270913
0.271128
0.271428
0.271814
0.272287
0.272846
0.273493
0.274227
0.275050
0.275961
0.276961
0.278052
0.279233
0.280506
0.281872
0.283332
0.284887
0.286537
0.288285
0.290131
0.292077
0.294124
0.296275
0.298530
0.300892
0.303362
0.305942
0.308635
0.311443
0.314367
0.317410
0.320576
0.323865
0.327282
0.330830
0.334510
0.338327
0.342284
0.346384
0.350631
0.355029
0.359582
0.364293
0.369168
0.374211
0.379426
0.384819
0.390395
0.396158
0.402114
0.408270
0.414630
0.421202
0.427991
0.435004
0.442247
0.449727
0.457452
0.465429
0.473664
0.482166
0.490942
0.500000
0.509347
0.518990
0.528939
0.539199
0.549779
0.560686
0.571926
0.583506
0.595432
0.607710
0.620344
0.633338
0.646695
0.660417
0.674506
0.688959
0.703776
0.718952
0.734483
0.750361
0.766576
0.783118
0.799972
0.817123
0.834553
0.852242
0.870168
0.888305
0.906629
0.925109
0.943718
0.962424
0.981196
1.000000
0.263783
0.263783
0.263825
0.263951
0.264161
0.264455
0.264834
0.265298
0.265846
0.266481
0.267201
0.268007
0.268901
0.269882
0.270952
0.272112
0.273361
0.274701
0.276134
0.277659
0.279280
0.280995
0.282808
0.284719
0.286730
0.288842
0.291058
0.293379
0.295806
0.298342
0.300990
0.303750
0.306627
0.309621
0.312735
0.315973
0.319337
0.322831
0.326456
0.330217
0.334117
0.338160
0.342349
0.346688
0.351182
0.355834
0.360649
0.365632
0.370788
0.376122
0.381639
0.387345
0.393245
0.399345
0.405652
0.412172
0.418912
0.425878
0.433078
0.440518
0.448207
0.456152
0.464361
0.472842
0.481603
0.490653
0.500000
0.509652
0.519618
0.529906
0.540525
0.551483
0.562787
0.574444
0.586463
0.598850
0.611609
0.624747
0.638267
0.652173
0.666466
0.681146
0.696212
0.711661
0.727488
0.743687
0.760248
0.777160
0.794408
0.811977
0.829848
0.847999
0.866407
0.885045
0.903885
0.922897
0.942049
0.961306
0.980635
1.000000
0.256740
0.256740
0.256781
0.256904
0.257110
0.257398
0.257769
0.258224
0.258761
0.259382
0.260088
0.260878
0.261754
0.262715
0.263764
0.264900
0.266124
0.267438
0.268842
0.270338
0.271926
0.273609
0.275387
0.277261
0.279234
0.281306
0.283481
0.285758
0.288141
0.290631
0.293231
0.295943
0.298768
0.301710
0.304772
0.307955
0.311263
0.314700
0.318267
0.321969
0.325808
0.329790
0.333916
0.338193
0.342623
0.347211
0.351962
0.356881
0.361973
0.367242
0.372695
0.378338
0.384175
0.390214
0.396461
0.402923
0.409606
0.416519
0.423667
0.431060
0.438705
0.446611
0.454785
0.463237
0.471976
0.481009
0.490348
0.500000
0.509975
0.520283
0.530933
0.541933
0.553293
0.565022
0.577127
0.589616
0.602496
0.615774
0.629454
0.643541
0.658038
0.672946
0.688264
0.703991
0.720123
0.736652
0.753570
0.770865
0.788524
0.806530
0.824863
0.843500
0.862416
0.881583
0.900970
0.920546
0.940273
0.960117
0.980039
1.000000
0.249614
0.249614
0.249654
0.249775
0.249977
0.250259
0.250622
0.251066
0.251592
0.252200
0.252890
0.253663
0.254520
0.255461
0.256487
0.257599
0.258798
0.260084
0.261459
0.262924
0.264479
0.266127
0.267868
0.269705
0.271638
0.273669
0.275800
0.278032
0.280369
0.282811
0.285361
0.288021
0.290793
0.293681
0.296686
0.299812
0.303062
0.306437
0.309943
0.313582
0.317357
0.321274
0.325334
0.329544
0.333906
0.338426
0.343108
0.347957
0.352979
0.358179
0.363562
0.369135
0.374904
0.380875
0.387056
0.393452
0.400072
0.406923
0.414013
0.421350
0.428944
0.436801
0.444932
0.453346
0.462052
0.471061
0.480382
0.490024
0.500000
0.510318
0.520989
0.532024
0.543431
0.555222
0.567406
0.579991
0.592986
0.606398
0.620234
0.634500
0.649200
0.664336
0.679909
0.695917
0.712359
0.729227
0.746514
0.764207
0.782294
0.800756
0.819573
0.838721
0.858174
0.877900
0.897868
0.918041
0.938382
0.958850
0.979403
1.000000
0.242408
0.242408
0.242448
0.242566
0.242762
0.243038
0.243393
0.243827
0.244341
0.244935
0.245609
0.246365
0.247203
0.248122
0.249125
0.250212
0.251384
0.252642
0.253986
0.255419
0.256940
0.258552
0.260255
0.262052
0.263944
0.265931
0.268017
0.270203
0.272491
0.274883
0.277380
0.279987
0.282704
0.285534
0.288480
0.291546
0.294733
0.298045
0.301486
0.305058
0.308766
0.312613
0.316604
0.320742
0.325032
0.329478
0.334086
0.338861
0.343807
0.348932
0.354240
0.359737
0.365431
0.371327
0.377434
0.383758
0.390307
0.397088
0.404112
0.411385
0.418917
0.426718
0.434796
0.443163
0.451827
0.460800
0.470093
0.479717
0.489682
0.500000
0.510682
0.521741
0.533186
0.545030
0.557283
0.569956
0.583058
0.596598
0.610585
0.625026
0.639925
0.655288
0.671117
0.687411
0.704168
0.721384
0.739050
0.757156
0.775688
0.794627
0.813952
0.833639
0.853657
0.873977
0.894560
0.915369
0.936363
0.957496
0.978724
1.000000
0.235124
0.235124
0.235162
0.235277
0.235469
0.235738
0.236084
0.236508
0.237009
0.237589
0.238247
0.238985
0.239802
0.240700
0.241680
0.242741
0.243885
0.245113
0.246426
0.247824
0.249310
0.250885
0.252549
0.254305
0.256153
0.258096
0.260135
0.262272
0.264509
0.266848
0.269291
0.271841
0.274500
0.277271
0.280156
0.283157
0.286280
0.289525
0.292897
0.296399
0.300036
0.303810
0.307726
0.311788
0.316001
0.320369
0.324898
0.329592
0.334458
0.339501
0.344727
0.350143
0.355754
0.361569
0.367595
0.373838
0.380308
0.387012
0.393960
0.401160
0.408622
0.416356
0.424372
0.432681
0.441293
0.450220
0.459474
0.469067
0.479011
0.489317
0.500000
0.511071
0.522543
0.534429
0.546741
0.559492
0.572692
0.586352
0.600482
0.615092
0.630187
0.645775
0.661859
0.678441
0.695519
0.713090
0.731147
0.749680
0.768674
0.788111
0.807970
0.828223
0.848841
0.869788
0.891027
0.912513
0.934203
0.956048
0.977998
1.000000
0.227762
0.227762
0.227800
0.227912
0.228099
0.228361
0.228698
0.229111
0.229600
0.230165
0.230806
0.231525
0.232322
0.233197
0.234152
0.235186
0.236301
0.237499
0.238779
0.240143
0.241592
0.243128
0.244752
0.246464
0.248268
0.250164
0.252154
0.254241
0.256425
0.258709
0.261096
0.263587
0.266185
0.268893
0.271714
0.274649
0.277703
0.280878
0.284178
0.287607
0.291167
0.294864
0.298701
0.302683
0.306814
0.311099
0.315544
0.320153
0.324932
0.329887
0.335025
0.340352
0.345875
0.351601
0.357537
0.363693
0.370075
0.376693
0.383556
0.390674
0.398056
0.405713
0.413656
0.421895
0.430444
0.439314
0.448517
0.458067
0.467976
0.478259
0.488929
0.500000
0.511486
0.523402
0.535761
0.548578
0.561865
0.575635
0.589900
0.604671
0.619957
0.635767
0.652104
0.668975
0.686377
0.704311
0.722769
0.741742
0.761217
0.781175
0.801593
0.822444
0.843695
0.865309
0.887244
0.909454
0.931889
0.954496
0.977219
1.000000
0.220326
0.220326
0.220363
0.220472
0.220654
0.220909
0.221237
0.221638
0.222114
0.222664
0.223288
0.223987
0.224763
0.225615
0.226543
0.227550
0.228636
0.229802
0.231048
0.232376
0.233788
0.235283
0.236865
0.238533
0.240291
0.242138
0.244078
0.246111
0.248241
0.250468
0.252796
0.255226
0.257761
0.260403
0.263156
0.266022
0.269004
0.272106
0.275331
0.278682
0.282163
0.285778
0.289532
0.293429
0.297473
0.301670
0.306025
0.310543
0.315229
0.320091
0.325134
0.330366
0.335792
0.341421
0.347261
0.353320
0.359606
0.366129
0.372898
0.379923
0.387214
0.394783
0.402642
0.410801
0.419274
0.428074
0.437213
0.446707
0.456568
0.466813
0.477457
0.488513
0.500000
0.511932
0.524324
0.537194
0.550555
0.564423
0.578812
0.593736
0.609204
0.625229
0.641817
0.658975
0.676705
0.695007
0.713876
0.733303
0.753277
0.773778
0.794783
0.816264
0.838186
0.860509
0.883187
0.906170
0.929404
0.952828
0.976381
1.000000
0.212817
0.212817
0.212853
0.212959
0.213136
0.213383
0.213702
0.214092
0.214554
0.215088
0.215694
0.216374
0.217127
0.217955
0.218857
0.219836
0.220891
0.222024
0.223235
0.224527
0.225899
0.227353
0.228891
0.230514
0.232223
0.234020
0.235907
0.237886
0.239959
0.242127
0.244393
0.246760
0.249229
0.251803
0.254486
0.257279
0.260187
0.263211
0.266357
0.269626
0.273024
0.276554
0.280220
0.284027
0.287980
0.292084
0.296343
0.300764
0.305352
0.310113
0.315055
0.320184
0.325507
0.331032
0.336766
0.342720
0.348901
0.355318
0.361983
0.368905
0.376095
0.383565
0.391327
0.399393
0.407778
0.416494
0.425555
0.434978
0.444778
0.454969
0.465570
0.476598
0.488068
0.500000
0.512410
0.525317
0.538738
0.552691
0.567191
0.582254
0.597896
0.614128
0.630961
0.648404
0.666461
0.685135
0.704423
0.724318
0.744809
0.765877
0.787498
0.809643
0.832276
0.855353
0.878825
0.902636
0.926727
0.951031
0.975479
1.000000
0.205238
0.205238
0.205272
0.205375
0.205546
0.205787
0.206096
0.206474
0.206922
0.207440
0.208028
0.208687
0.209417
0.210220
0.211096
0.212045
0.213068
0.214168
0.215343
0.216596
0.217928
0.219339
0.220832
0.222407
0.224067
0.225812
0.227645
0.229568
0.231581
0.233688
0.235891
0.238191
0.240592
0.243095
0.245704
0.248422
0.251252
0.254196
0.257258
0.260443
0.263753
0.267193
0.270767
0.274480
0.278336
0.282341
0.286500
0.290817
0.295301
0.299956
0.304789
0.309808
0.315019
0.320432
0.326053
0.331892
0.337958
0.344261
0.350811
0.357619
0.364696
0.372055
0.379708
0.387668
0.395950
0.404567
0.413537
0.422873
0.432594
0.442716
0.453258
0.464238
0.475676
0.487589
0.500000
0.512927
0.526390
0.540410
0.555006
0.570195
0.585996
0.602425
0.619495
0.637217
0.655601
0.674649
0.694364
0.714738
0.735763
0.757421
0.779689
0.802535
0.825922
0.849802
0.874123
0.898824
0.923836
0.949089
0.974503
1.000000
0.197590
0.197590
0.197623
0.197723
0.197889
0.198121
0.198420
0.198786
0.199220
0.199721
0.200290
0.200928
0.201635
0.202413
0.203260
0.204179
0.205170
0.206235
0.207373
0.208587
0.209877
0.211244
0.212690
0.214217
0.215825
0.217517
0.219294
0.221158
0.223110
0.225154
0.227290
0.229522
0.231851
0.234281
0.236815
0.239454
0.242202
0.245062
0.248038
0.251134
0.254353
0.257698
0.261176
0.264790
0.268544
0.272445
0.276497
0.280706
0.285078
0.289620
0.294338
0.299239
0.304331
0.309623
0.315122
0.320838
0.326779
0.332957
0.339381
0.346064
0.353016
0.360251
0.367781
0.375621
0.383785
0.392290
0.401150
0.410384
0.420009
0.430044
0.440508
0.451422
0.462806
0.474683
0.487073
0.500000
0.513486
0.527554
0.542226
0.557524
0.573470
0.590081
0.607376
0.625370
0.644075
0.663498
0.683644
0.704508
0.726085
0.748357
0.771302
0.794887
0.819074
0.843811
0.869042
0.894698
0.920707
0.946985
0.973446
1.000000
0.189876
0.189876
0.189908
0.190004
0.190164
0.190389
0.190678
0.191031
0.191450
0.191934
0.192484
0.193100
0.193784
0.194534
0.195353
0.196241
0.197199
0.198228
0.199328
0.200501
0.201748
0.203070
0.204468
0.205945
0.207500
0.209136
0.210855
0.212659
0.214548
0.216526
0.218594
0.220755
0.223011
0.225365
0.227819
0.230376
0.233040
0.235813
0.238699
0.241702
0.244825
0.248072
0.251448
0.254958
0.258606
0.262397
0.266337
0.270431
0.274686
0.279107
0.283703
0.288479
0.293444
0.298607
0.303974
0.309557
0.315364
0.321406
0.327693
0.334238
0.341053
0.348150
0.355544
0.363250
0.371281
0.379656
0.388391
0.397504
0.407014
0.416942
0.427308
0.438135
0.449445
0.461262
0.473610
0.486514
0.500000
0.514094
0.528821
0.544207
0.560276
0.577053
0.594559
0.612812
0.631831
0.651625
0.672204
0.693567
0.715710
0.738620
0.762273
0.786638
0.811674
0.837327
0.863534
0.890222
0.917307
0.944697
0.972296
1.000000
0.182098
0.182098
0.182129
0.182221
0.182376
0.182592
0.182870
0.183211
0.183615
0.184081
0.184611
0.185206
0.185864
0.186588
0.187378
0.188234
0.189157
0.190149
0.191210
0.192342
0.193544
0.194820
0.196169
0.197593
0.199094
0.200673
0.202333
0.204073
0.205898
0.207808
0.209805
0.211893
0.214073
0.216347
0.218719
0.221192
0.223768
0.226450
0.229243
0.232149
0.235172
0.238317
0.241588
0.244988
0.248524
0.252201
0.256022
0.259996
0.264126
0.268421
0.272887
0.277531
0.282360
0.287385
0.292612
0.298052
0.303714
0.309609
0.315748
0.322143
0.328808
0.335754
0.342997
0.350552
0.358434
0.366662
0.375253
0.384226
0.393602
0.403402
0.413648
0.424365
0.435577
0.447309
0.459590
0.472446
0.485906
0.500000
0.514757
0.530206
0.546376
0.563296
0.580993
0.599490
0.618810
0.638968
0.659979
0.681846
0.704570
0.728138
0.752532
0.777720
0.803657
0.830289
0.857546
0.885348
0.913601
0.942202
0.971041
1.000000
0.174258
0.174258
0.174288
0.174377
0.174525
0.174733
0.175001
0.175328
0.175716
0.176165
0.176675
0.177246
0.177880
0.178576
0.179335
0.180159
0.181047
0.182001
0.183022
0.184111
0.185268
0.186495
0.187794
0.189165
0.190610
0.192131
0.193728
0.195405
0.197162
0.199002
0.200927
0.202939
0.205040
0.207232
0.209520
0.211905
0.214389
0.216978
0.219673
0.222479
0.225398
0.228436
0.231597
0.234884
0.238303
0.241859
0.245557
0.249403
0.253403
0.257564
0.261892
0.266396
0.271082
0.275960
0.281037
0.286324
0.291831
0.297568
0.303547
0.309780
0.316280
0.323061
0.330137
0.337526
0.345242
0.353305
0.361732
0.370546
0.379765
0.389415
0.399518
0.410100
0.421187
0.432809
0.444994
0.457774
0.471179
0.485243
0.500000
0.515483
0.531726
0.548763
0.566627
0.585346
0.604950
0.625460
0.646896
0.669270
0.692584
0.716832
0.741998
0.768050
0.794946
0.822625
0.851014
0.880022
0.909547
0.939470
0.969666
1.000000
0.166359
0.166359
0.166387
0.166472
0.166615
0.166814
0.167071
0.167385
0.167758
0.168188
0.168677
0.169225
0.169832
0.170500
0.171229
0.172019
0.172871
0.173787
0.174766
0.175811
0.176922
0.178100
0.179347
0.180663
0.182050
0.183511
0.185045
0.186655
0.188344
0.190112
0.191961
0.193895
0.195915
0.198023
0.200223
0.202517
0.204908
0.207399
0.209993
0.212694
0.215506
0.218433
0.221478
0.224647
0.227944
0.231374
0.234943
0.238656
0.242519
0.246539
0.250723
0.255078
0.259613
0.264335
0.269253
0.274377
0.279718
0.285285
0.291091
0.297149
0.303471
0.310072
0.316967
0.324171
0.331704
0.339582
0.347827
0.356458
0.365500
0.374974
0.384908
0.395329
0.406264
0.417746
0.429805
0.442475
0.455793
0.469794
0.484517
0.500000
0.516283
0.533404
0.551404
0.570318
0.590182
0.611026
0.632877
0.655752
0.679663
0.704609
0.730577
0.757539
0.785451
0.814252
0.843862
0.874181
0.905093
0.936466
0.968153
1.000000
0.158403
0.158403
0.158430
0.158511
0.158648
0.158838
0.159084
0.159384
0.159740
0.160152
0.160620
0.161144
0.161725
0.162364
0.163061
0.163817
0.164632
0.165508
0.166446
0.167445
0.168509
0.169636
0.170829
0.172089
0.173418
0.174816
0.176286
0.177828
0.179445
0.181139
0.182912
0.184765
0.186701
0.188723
0.190832
0.193032
0.195326
0.197716
0.200206
0.202799
0.205500
0.208311
0.211237
0.214283
0.217452
0.220751
0.224185
0.227758
0.231478
0.235351
0.239383
0.243582
0.247956
0.252513
0.257263
0.262214
0.267377
0.272764
0.278385
0.284254
0.290384
0.296789
0.303486
0.310490
0.317820
0.325494
0.333534
0.341962
0.350800
0.360075
0.369812
0.380042
0.390795
0.402104
0.414004
0.426530
0.439723
0.453624
0.468274
0.483717
0.500000
0.517168
0.535266
0.554341
0.574434
0.595586
0.617832
0.641200
0.665708
0.691364
0.718161
0.746076
0.775067
0.805070
0.836000
0.867746
0.900179
0.933146
0.966480
1.000000
0.150392
0.150392
0.150418
0.150496
0.150626
0.150808
0.151042
0.151328
0.151668
0.152060
0.152506
0.153006
0.153560
0.154169
0.154834
0.155555
0.156333
0.157168
0.158063
0.159016
0.160031
0.161107
0.162245
0.163448
0.164716
0.166051
0.167453
0.168926
0.170471
0.172088
0.173782
0.175552
0.177402
0.179334
0.181351
0.183454
0.185647
0.187934
0.190316
0.192798
0.195382
0.198074
0.200876
0.203794
0.206832
0.209994
0.213286
0.216715
0.220285
0.224003
0.227875
0.231911
0.236116
0.240499
0.245070
0.249838
0.254814
0.260007
0.265431
0.271097
0.277021
0.283215
0.289697
0.296482
0.303591
0.311041
0.318854
0.327054
0.335664
0.344712
0.354224
0.364233
0.374771
0.385872
0.397575
0.409919
0.422947
0.436703
0.451236
0.466596
0.482832
0.500000
0.518153
0.537344
0.557627
0.579053
0.601666
0.625507
0.650604
0.676977
0.704627
0.733538
0.763671
0.794963
0.827321
0.860626
0.894730
0.929460
0.964621
1.000000
0.142330
0.142330
0.142354
0.142428
0.142552
0.142724
0.142947
0.143219
0.143542
0.143915
0.144338
0.144813
0.145340
0.145919
0.146551
0.147236
0.147975
0.148770
0.149620
0.150527
0.151491
0.152514
0.153597
0.154741
0.155947
0.157217
0.158551
0.159953
0.161423
0.162962
0.164574
0.166260
0.168021
0.169861
0.171782
0.173786
0.175876
0.178055
0.180326
0.182693
0.185158
0.187726
0.190400
0.193185
0.196086
0.199107
0.202253
0.205529
0.208943
0.212500
0.216206
0.220069
0.224097
0.228298
0.232681
0.237256
0.242032
0.247020
0.252234
0.257685
0.263386
0.269354
0.275604
0.282153
0.289019
0.296224
0.303788
0.311735
0.320091
0.328883
0.338140
0.347895
0.358183
0.369039
0.380505
0.392624
0.405441
0.419007
0.433373
0.448596
0.464734
0.481847
0.500000
0.519256
0.539678
0.561331
0.584273
0.608556
0.634226
0.661313
0.689833
0.719778
0.751117
0.783788
0.817695
0.852706
0.888656
0.925344
0.962542
1.000000
0.134218
0.134218
0.134242
0.134312
0.134428
0.134592
0.134802
0.135060
0.135365
0.135718
0.136120
0.136569
0.137068
0.137616
0.138214
0.138863
0.139563
0.140315
0.141121
0.141979
0.142893
0.143862
0.144888
0.145972
0.147114
0.148318
0.149583
0.150911
0.152304
0.153764
0.155292
0.156891
0.158562
0.160308
0.162130
0.164032
0.166016
0.168085
0.170241
0.172489
0.174831
0.177271
0.179813
0.182461
0.185220
0.188094
0.191088
0.194207
0.197458
0.200847
0.204379
0.208063
0.211906
0.215915
0.220101
0.224471
0.229037
0.233809
0.238799
0.244021
0.249486
0.255211
0.261212
0.267505
0.274110
0.281047
0.288339
0.296009
0.304082
0.312589
0.321559
0.331025
0.341025
0.351596
0.362783
0.374630
0.387187
0.400510
0.414654
0.429682
0.445659
0.462656
0.480744
0.500000
0.520500
0.542321
0.565537
0.590220
0.616430
0.644217
0.673613
0.704624
0.737232
0.771377
0.806963
0.843848
0.881844
0.920719
0.960203
1.000000
0.126060
0.126060
0.126082
0.126148
0.126258
0.126412
0.126611
0.126854
0.127141
0.127474
0.127852
0.128276
0.128746
0.129263
0.129827
0.130439
0.131099
0.131808
0.132568
0.133377
0.134239
0.135153
0.136121
0.137143
0.138222
0.139357
0.140551
0.141804
0.143119
0.144498
0.145941
0.147450
0.149028
0.150677
0.152399
0.154196
0.156071
0.158026
0.160065
0.162191
0.164406
0.166715
0.169120
0.171627
0.174239
0.176961
0.179797
0.182754
0.185836
0.189050
0.192401
0.195898
0.199547
0.203356
0.207335
0.211491
0.215836
0.220380
0.225134
0.230112
0.235327
0.240793
0.246527
0.252546
0.258869
0.265517
0.272511
0.279877
0.287641
0.295832
0.304481
0.313622
0.323295
0.333539
0.344399
0.355925
0.368169
0.381190
0.395050
0.409818
0.425566
0.442373
0.460322
0.479500
0.500000
0.521914
0.545336
0.570356
0.597058
0.625513
0.655776
0.687876
0.721807
0.757525
0.794933
0.833880
0.874153
0.915484
0.957552
1.000000
0.117858
0.117858
0.117878
0.117940
0.118043
0.118188
0.118374
0.118602
0.118872
0.119184
0.119539
0.119937
0.120378
0.120863
0.121392
0.121966
0.122585
0.123251
0.123964
0.124724
0.125533
0.126391
0.127299
0.128259
0.129272
0.130338
0.131459
0.132636
0.133872
0.135166
0.136522
0.137940
0.139424
0.140973
0.142592
0.144282
0.146045
0.147884
0.149803
0.151803
0.153888
0.156061
0.158326
0.160687
0.163148
0.165713
0.168387
0.171175
0.174082
0.177115
0.180279
0.183581
0.187028
0.190629
0.194391
0.198323
0.202436
0.206740
0.211246
0.215966
0.220915
0.226107
0.231557
0.237283
0.243303
0.249639
0.256313
0.263348
0.270773
0.278616
0.286909
0.295689
0.304993
0.314865
0.325350
0.336502
0.348375
0.361031
0.374540
0.388974
0.404414
0.420947
0.438669
0.457679
0.478086
0.500000
0.523536
0.548810
0.575931
0.605001
0.636103
0.669294
0.704597
0.741984
0.781365
0.822584
0.865404
0.909511
0.954523
1.000000
0.109614
0.109614
0.109634
0.109691
0.109788
0.109922
0.110096
0.110309
0.110561
0.110852
0.111183
0.111554
0.111966
0.112418
0.112912
0.113448
0.114026
0.114647
0.115312
0.116022
0.116777
0.117578
0.118426
0.119322
0.120268
0.121263
0.122311
0.123410
0.124564
0.125774
0.127041
0.128366
0.129752
0.131201
0.132714
0.134294
0.135943
0.137664
0.139458
0.141330
0.143281
0.145316
0.147436
0.149648
0.151953
0.154356
0.156863
0.159477
0.162203
0.165048
0.168018
0.171118
0.174356
0.177740
0.181276
0.184975
0.188845
0.192898
0.197143
0.201593
0.206261
0.211162
0.216311
0.221725
0.227422
0.233424
0.239752
0.246430
0.253486
0.260950
0.268852
0.277231
0.286124
0.295577
0.305636
0.316356
0.327796
0.340021
0.353104
0.367123
0.382168
0.398334
0.415727
0.434463
0.454664
0.476463
0.500000
0.525417
0.552856
0.582456
0.614339
0.648602
0.685304
0.724446
0.765960
0.809687
0.855368
0.902635
0.951026
1.000000
0.101332
0.101332
0.101350
0.101404
0.101493
0.101618
0.101779
0.101976
0.102210
0.102480
0.102787
0.103131
0.103513
0.103932
0.104390
0.104887
0.105423
0.106000
0.106616
0.107275
0.107975
0.108718
0.109505
0.110337
0.111214
0.112138
0.113110
0.114130
0.115202
0.116324
0.117501
0.118731
0.120019
0.121364
0.122770
0.124238
0.125770
0.127369
0.129037
0.130777
0.132591
0.134484
0.136457
0.138514
0.140659
0.142897
0.145231
0.147665
0.150206
0.152858
0.155626
0.158518
0.161539
0.164697
0.168000
0.171455
0.175073
0.178862
0.182835
0.187001
0.191375
0.195969
0.200800
0.205883
0.211237
0.216882
0.222840
0.229135
0.235793
0.242844
0.250320
0.258258
0.266697
0.275682
0.285261
0.295491
0.306433
0.318154
0.330730
0.344248
0.358800
0.374493
0.391444
0.409780
0.429644
0.451190
0.474583
0.500000
0.527621
0.557629
0.590196
0.625472
0.663569
0.704537
0.748342
0.794838
0.843744
0.894635
0.946947
1.000000
0.093015
0.093015
0.093031
0.093080
0.093163
0.093278
0.093426
0.093607
0.093822
0.094071
0.094354
0.094670
0.095022
0.095408
0.095829
0.096287
0.096781
0.097311
0.097879
0.098485
0.099130
0.099815
0.100539
0.101305
0.102113
0.102964
0.103860
0.104800
0.105787
0.106822
0.107906
0.109040
0.110227
0.111467
0.112763
0.114117
0.115530
0.117005
0.118544
0.120149
0.121824
0.123571
0.125392
0.127292
0.129274
0.131341
0.133498
0.135748
0.138098
0.140550
0.143112
0.145788
0.148585
0.151510
0.154570
0.157773
0.161128
0.164644
0.168332
0.172202
0.176267
0.180540
0.185036
0.189771
0.194762
0.200028
0.205591
0.211475
0.217706
0.224312
0.231326
0.238783
0.246723
0.255191
0.264237
0.273915
0.284290
0.295430
0.307416
0.320337
0.334292
0.349396
0.365774
0.383570
0.402942
0.424069
0.447144
0.472379
0.500000
0.530243
0.563343
0.599520
0.638962
0.681792
0.728034
0.777577
0.830135
0.885216
0.942126
1.000000
0.084664
0.084664
0.084679
0.084724
0.084799
0.084904
0.085040
0.085205
0.085401
0.085628
0.085886
0.086175
0.086496
0.086848
0.087233
0.087650
0.088101
0.088585
0.089104
0.089657
0.090246
0.090871
0.091532
0.092232
0.092969
0.093747
0.094564
0.095423
0.096325
0.097270
0.098260
0.099297
0.100381
0.101515
0.102699
0.103937
0.105229
0.106577
0.107984
0.109453
0.110985
0.112583
0.114250
0.115989
0.117803
0.119696
0.121671
0.123733
0.125886
0.128134
0.130482
0.132937
0.135503
0.138188
0.140997
0.143940
0.147023
0.150255
0.153647
0.157209
0.160952
0.164889
0.169034
0.173402
0.178010
0.182877
0.188022
0.193470
0.199244
0.205373
0.211889
0.218825
0.226222
0.234123
0.242578
0.251643
0.261380
0.271861
0.283168
0.295391
0.308636
0.323023
0.338687
0.355783
0.374487
0.394999
0.417544
0.442371
0.469757
0.500000
0.533412
0.570305
0.610968
0.655633
0.704424
0.757303
0.814002
0.873967
0.936341
1.000000
0.076284
0.076284
0.076298
0.076338
0.076406
0.076501
0.076623
0.076772
0.076950
0.077154
0.077387
0.077648
0.077938
0.078256
0.078604
0.078981
0.079388
0.079825
0.080294
0.080793
0.081325
0.081890
0.082488
0.083120
0.083786
0.084489
0.085227
0.086004
0.086819
0.087673
0.088568
0.089505
0.090486
0.091511
0.092582
0.093702
0.094870
0.096090
0.097364
0.098693
0.100079
0.101526
0.103035
0.104610
0.106253
0.107968
0.109758
0.111627
0.113578
0.115617
0.117747
0.119974
0.122303
0.124740
0.127292
0.129965
0.132767
0.135706
0.138792
0.142034
0.145442
0.149029
0.152808
0.156793
0.161000
0.165447
0.170152
0.175137
0.180427
0.186048
0.192030
0.198407
0.205217
0.212502
0.220311
0.228698
0.237727
0.247468
0.258002
0.269423
0.281839
0.295373
0.310167
0.326387
0.344224
0.363897
0.385661
0.409804
0.436657
0.466588
0.500000
0.537320
0.578973
0.625347
0.676727
0.733210
0.794602
0.860308
0.929272
1.000000
0.067877
0.067877
0.067889
0.067925
0.067985
0.068070
0.068179
0.068312
0.068470
0.068653
0.068860
0.069093
0.069351
0.069635
0.069945
0.070281
0.070644
0.071034
0.071452
0.071898
0.072372
0.072876
0.073409
0.073973
0.074567
0.075194
0.075853
0.076546
0.077273
0.078036
0.078835
0.079671
0.080546
0.081461
0.082418
0.083417
0.084461
0.085550
0.086688
0.087875
0.089114
0.090406
0.091755
0.093163
0.094632
0.096165
0.097766
0.099438
0.101184
0.103008
0.104915
0.106909
0.108995
0.111178
0.113465
0.115862
0.118375
0.121012
0.123781
0.126692
0.129754
0.132978
0.136377
0.139963
0.143751
0.147758
0.152001
0.156500
0.161279
0.166361
0.171777
0.177556
0.183736
0.190357
0.197465
0.205113
0.213362
0.222280
0.231949
0.242461
0.253924
0.266462
0.280222
0.295375
0.312124
0.330706
0.351398
0.374528
0.400480
0.429695
0.462680
0.500000
0.542257
0.590056
0.643927
0.704209
0.770888
0.843392
0.920437
1.000000
0.059445
0.059445
0.059456
0.059487
0.059540
0.059615
0.059710
0.059827
0.059966
0.060126
0.060308
0.060512
0.060739
0.060988
0.061260
0.061555
0.061873
0.062216
0.062582
0.062974
0.063390
0.063832
0.064300
0.064795
0.065317
0.065867
0.066446
0.067054
0.067692
0.068362
0.069063
0.069798
0.070566
0.071370
0.072210
0.073088
0.074005
0.074963
0.075962
0.077005
0.078094
0.079231
0.080416
0.081654
0.082946
0.084295
0.085703
0.087174
0.088711
0.090317
0.091996
0.093752
0.095589
0.097513
0.099529
0.101642
0.103858
0.106184
0.108629
0.111199
0.113904
0.116753
0.119758
0.122930
0.126283
0.129832
0.133593
0.137584
0.141826
0.146342
0.151159
0.156305
0.161814
0.167724
0.174078
0.180926
0.188326
0.196343
0.205054
0.214549
0.224933
0.236329
0.248883
0.262768
0.278193
0.295403
0.314696
0.336431
0.361038
0.389032
0.421027
0.457743
0.500000
0.548692
0.604714
0.668813
0.741347
0.821936
0.909086
1.000000
0.050992
0.050992
0.051001
0.051029
0.051074
0.051138
0.051220
0.051321
0.051440
0.051577
0.051734
0.051909
0.052104
0.052318
0.052552
0.052805
0.053079
0.053373
0.053688
0.054024
0.054382
0.054762
0.055164
0.055589
0.056038
0.056511
0.057008
0.057531
0.058080
0.058656
0.059259
0.059890
0.060551
0.061243
0.061965
0.062720
0.063509
0.064333
0.065193
0.066090
0.067027
0.068005
0.069026
0.070091
0.071204
0.072365
0.073578
0.074845
0.076169
0.077552
0.078999
0.080513
0.082097
0.083757
0.085495
0.087318
0.089231
0.091240
0.093350
0.095571
0.097908
0.100372
0.102971
0.105717
0.108620
0.111695
0.114955
0.118417
0.122100
0.126023
0.130212
0.134691
0.139491
0.144647
0.150198
0.156189
0.162673
0.169711
0.177375
0.185748
0.194930
0.205037
0.216212
0.228623
0.242475
0.258016
0.275554
0.295463
0.318208
0.344367
0.374653
0.409944
0.451308
0.500000
0.557424
0.624980
0.703751
0.793920
0.893970
1.000000
0.042522
0.042522
0.042529
0.042552
0.042590
0.042643
0.042712
0.042796
0.042895
0.043010
0.043141
0.043287
0.043450
0.043628
0.043824
0.044035
0.044264
0.044509
0.044773
0.045053
0.045352
0.045669
0.046005
0.046361
0.046735
0.047130
0.047546
0.047983
0.048441
0.048922
0.049426
0.049954
0.050506
0.051084
0.051688
0.052319
0.052978
0.053666
0.054385
0.055136
0.055919
0.056737
0.057591
0.058482
0.059412
0.060384
0.061399
0.062459
0.063567
0.064725
0.065936
0.067204
0.068531
0.069920
0.071377
0.072905
0.074508
0.076192
0.077963
0.079826
0.081787
0.083856
0.086039
0.088345
0.090786
0.093371
0.096115
0.099029
0.102132
0.105440
0.108973
0.112756
0.116813
0.121175
0.125877
0.130958
0.136466
0.142454
0.148986
0.156138
0.164000
0.172679
0.182305
0.193037
0.205067
0.218635
0.234040
0.251658
0.271966
0.295576
0.323273
0.356073
0.395286
0.442576
0.500000
0.569934
0.654757
0.756021
0.872874
1.000000
0.034035
0.034035
0.034042
0.034060
0.034090
0.034133
0.034188
0.034255
0.034335
0.034427
0.034532
0.034649
0.034779
0.034922
0.035079
0.035248
0.035432
0.035629
0.035839
0.036064
0.036304
0.036558
0.036827
0.037112
0.037413
0.037729
0.038062
0.038412
0.038780
0.039165
0.039570
0.039993
0.040435
0.040899
0.041383
0.041889
0.042418
0.042970
0.043546
0.044148
0.044777
0.045433
0.046118
0.046833
0.047580
0.048359
0.049174
0.050025
0.050914
0.051844
0.052817
0.053835
0.054901
0.056018
0.057188
0.058416
0.059705
0.061059
0.062483
0.063981
0.065560
0.067225
0.068982
0.070840
0.072806
0.074891
0.077103
0.079454
0.081959
0.084631
0.087487
0.090546
0.093830
0.097364
0.101176
0.105302
0.109778
0.114652
0.119978
0.125819
0.132254
0.139374
0.147294
0.156152
0.166120
0.177416
0.190313
0.205162
0.222423
0.242696
0.266790
0.295791
0.331187
0.375020
0.430066
0.500000
0.589323
0.702534
0.841505
1.000000
0.025537
0.025537
0.025542
0.025556
0.025578
0.025610
0.025652
0.025702
0.025762
0.025831
0.025910
0.025998
0.026096
0.026203
0.026321
0.026448
0.026586
0.026734
0.026892
0.027061
0.027241
0.027432
0.027634
0.027848
0.028074
0.028311
0.028562
0.028825
0.029101
0.029390
0.029694
0.030012
0.030344
0.030692
0.031056
0.031437
0.031834
0.032249
0.032682
0.033135
0.033607
0.034100
0.034615
0.035152
0.035714
0.036300
0.036912
0.037552
0.038221
0.038921
0.039653
0.040418
0.041220
0.042061
0.042942
0.043866
0.044836
0.045856
0.046928
0.048057
0.049246
0.050501
0.051826
0.053226
0.054709
0.056282
0.057951
0.059727
0.061618
0.063637
0.065796
0.068111
0.070596
0.073273
0.076164
0.079293
0.082693
0.086399
0.090453
0.094907
0.099821
0.105270
0.111344
0.118156
0.125847
0.134596
0.144632
0.156256
0.169865
0.185998
0.205398
0.229112
0.258653
0.296249
0.345243
0.410677
0.500000
0.623286
0.790611
1.000000
0.017030
0.017030
0.017033
0.017042
0.017057
0.017079
0.017106
0.017140
0.017180
0.017226
0.017279
0.017337
0.017403
0.017474
0.017553
0.017638
0.017730
0.017828
0.017934
0.018047
0.018167
0.018294
0.018429
0.018572
0.018722
0.018881
0.019048
0.019224
0.019408
0.019601
0.019804
0.020016
0.020238
0.020470
0.020713
0.020967
0.021232
0.021509
0.021799
0.022101
0.022416
0.022745
0.023089
0.023448
0.023823
0.024215
0.024624
0.025051
0.025498
0.025965
0.026454
0.026966
0.027502
0.028063
0.028652
0.029270
0.029918
0.030600
0.031317
0.032072
0.032867
0.033706
0.034593
0.035530
0.036523
0.037576
0.038694
0.039883
0.041150
0.042504
0.043952
0.045504
0.047172
0.048969
0.050911
0.053015
0.055302
0.057798
0.060530
0.063534
0.066854
0.070540
0.074655
0.079281
0.084516
0.090489
0.097365
0.105365
0.114784
0.126033
0.139692
0.156608
0.178064
0.206080
0.243979
0.297466
0.376714
0.500000
0.697653
1.000000
0.008516
0.008516
0.008518
0.008523
0.008530
0.008541
0.008555
0.008572
0.008592
0.008615
0.008641
0.008670
0.008703
0.008739
0.008778
0.008821
0.008867
0.008916
0.008969
0.009025
0.009085
0.009149
0.009216
0.009288
0.009363
0.009443
0.009526
0.009614
0.009706
0.009803
0.009904
0.010011
0.010122
0.010238
0.010359
0.010486
0.010619
0.010758
0.010903
0.011054
0.011212
0.011376
0.011548
0.011728
0.011916
0.012112
0.012316
0.012530
0.012754
0.012988
0.013233
0.013489
0.013757
0.014038
0.014333
0.014643
0.014967
0.015309
0.015668
0.016046
0.016445
0.016865
0.017309
0.017779
0.018277
0.018804
0.019365
0.019961
0.020597
0.021276
0.022002
0.022781
0.023619
0.024521
0.025497
0.026554
0.027704
0.028959
0.030334
0.031847
0.033520
0.035379
0.037458
0.039797
0.042448
0.045477
0.048974
0.053053
0.057874
0.063659
0.070728
0.079563
0.090914
0.106030
0.127126
0.158495
0.209389
0.302347
0.500000
1.000000
0.000000
0.000000
0.000000
0.000000
0.000000
0.000000
0.000000
0.000000
0.000000
0.000000
0.000000
0.000000
0.000000
0.000000
0.000000
0.000000
0.000000
0.000000
0.000000
0.000000
0.000000
0.000000
0.000000
0.000000
0.000000
0.000000
0.000000
0.000000
0.000000
0.000000
0.000000
0.000000
0.000000
0.000000
0.000000
0.000000
0.000000
0.000000
0.000000
0.000000
0.000000
0.000000
0.000000
0.000000
0.000000
0.000000
0.000000
0.000000
0.000000
0.000000
0.000000
0.000000
0.000000
0.000000
0.000000
0.000000
0.000000
0.000000
0.000000
0.000000
0.000000
0.000000
0.000000
0.000000
0.000000
0.000000
0.000000
0.000000
0.000000
0.000000
0.000000
0.000000
0.000000
0.000000
0.000000
0.000000
0.000000
0.000000
0.000000
0.000000
0.000000
0.000000
0.000000
0.000000
0.000000
0.000000
0.000000
0.000000
0.000000
0.000000
0.000000
0.000000
0.000000
0.000000
0.000000
0.000000
0.000000
0.000000
0.000000
1.000000