100 100
0.000000
0.000000
0.000000
0.000001
0.000002
0.000005
0.000008
0.000014
0.000021
0.000030
0.000041
0.000054
0.000069
0.000087
0.000107
0.000130
0.000155
0.000183
0.000213
0.000246
0.000282
0.000321
0.000362
0.000406
0.000452
0.000501
0.000553
0.000607
0.000664
0.000723
0.000784
0.000847
0.000913
0.000981
0.001050
0.001122
0.001195
0.001270
0.001346
0.001424
0.001503
0.001584
0.001665
0.001748
0.001831
0.001915
0.001999
0.002084
0.002170
0.002255
0.002341
0.002427
0.002512
0.002597
0.002682
0.002766
0.002849
0.002931
0.003013
0.003093
0.003172
0.003250
0.003327
0.003402
0.003475
0.003546
0.003616
0.003683
0.003749
0.003812
0.003874
0.003933
0.003989
0.004043
0.004095
0.004144
0.004190
0.004234
0.004275
0.004314
0.004350
0.004383
0.004414
0.004441
0.004467
0.004489
0.004509
0.004527
0.004542
0.004556
0.004566
0.004575
0.004582
0.004588
0.004591
0.004594
0.004595
0.004596
0.004596
0.004596
0.000000
0.000000
0.000000
0.000001
0.000002
0.000005
0.000008
0.000014
0.000021
0.000030
0.000041
0.000054
0.000069
0.000087
0.000107
0.000130
0.000155
0.000183
0.000213
0.000246
0.000282
0.000321
0.000362
0.000406
0.000452
0.000501
0.000553
0.000607
0.000664
0.000723
0.000784
0.000847
0.000913
0.000981
0.001050
0.001122
0.001195
0.001270
0.001346
0.001424
0.001503
0.001584
0.001665
0.001748
0.001831
0.001915
0.001999
0.002084
0.002170
0.002255
0.002341
0.002427
0.002512
0.002597
0.002682
0.002766
0.002849
0.002931
0.003013
0.003093
0.003172
0.003250
0.003327
0.003402
0.003475
0.003546
0.003616
0.003683
0.003749
0.003812
0.003874
0.003933
0.003989
0.004043
0.004095
0.004144
0.004190
0.004234
0.004275
0.004314
0.004350
0.004383
0.004414
0.004441
0.004467
0.004489
0.004509
0.004527
0.004542
0.004556
0.004566
0.004575
0.004582
0.004588
0.004591
0.004594
0.004595
0.004596
0.004596
0.004596
0.000000
0.000000
0.000000
0.000001
0.000003
0.000006
0.000011
0.000017
0.000025
0.000036
0.000048
0.000063
0.000080
0.000100
0.000122
0.000147
0.000175
0.000205
0.000238
0.000274
0.000313
0.000354
0.000399
0.000446
0.000495
0.000548
0.000603
0.000661
0.000721
0.000784
0.000849
0.000916
0.000986
0.001057
0.001131
0.001207
0.001284
0.001363
0.001444
0.001526
0.001610
0.001695
0.001781
0.001868
0.001956
0.002044
0.002133
0.002223
0.002313
0.002403
0.002493
0.002583
0.002673
0.002763
0.002852
0.002941
0.003029
0.003116
0.003201
0.003286
0.003370
0.003452
0.003533
0.003612
0.003690
0.003765
0.003839
0.003911
0.003980
0.004048
0.004113
0.004175
0.004235
0.004293
0.004348
0.004401
0.004451
0.004498
0.004542
0.004583
0.004622
0.004658
0.004691
0.004722
0.004749
0.004774
0.004796
0.004816
0.004833
0.004848
0.004860
0.004871
0.004879
0.004885
0.004890
0.004893
0.004895
0.004896
0.004896
0.004896
0.000001
0.000001
0.000001
0.000003
0.000006
0.000011
0.000019
0.000028
0.000040
0.000054
0.000071
0.000090
0.000113
0.000138
0.000167
0.000198
0.000233
0.000271
0.000312
0.000356
0.000403
0.000453
0.000507
0.000563
0.000623
0.000686
0.000751
0.000819
0.000890
0.000964
0.001041
0.001120
0.001201
0.001285
0.001371
0.001459
0.001549
0.001640
0.001734
0.001829
0.001926
0.002024
0.002123
0.002223
0.002325
0.002427
0.002529
0.002633
0.002736
0.002840
0.002944
0.003048
0.003151
0.003254
0.003357
0.003459
0.003560
0.003661
0.003760
0.003858
0.003955
0.004050
0.004143
0.004235
0.004325
0.004413
0.004499
0.004583
0.004664
0.004743
0.004819
0.004893
0.004964
0.005032
0.005098
0.005160
0.005220
0.005277
0.005330
0.005380
0.005428
0.005472
0.005513
0.005550
0.005585
0.005617
0.005645
0.005670
0.005693
0.005713
0.005730
0.005744
0.005755
0.005765
0.005772
0.005777
0.005780
0.005782
0.005783
0.005783
0.000002
0.000002
0.000003
0.000006
0.000012
0.000020
0.000032
0.000046
0.000063
0.000084
0.000108
0.000136
0.000167
0.000202
0.000241
0.000284
0.000330
0.000380
0.000434
0.000491
0.000552
0.000617
0.000686
0.000758
0.000834
0.000913
0.000995
0.001081
0.001170
0.001262
0.001357
0.001455
0.001556
0.001659
0.001765
0.001874
0.001984
0.002097
0.002212
0.002328
0.002446
0.002566
0.002687
0.002809
0.002933
0.003057
0.003182
0.003308
0.003434
0.003560
0.003686
0.003812
0.003938
0.004064
0.004189
0.004313
0.004437
0.004559
0.004680
0.004800
0.004918
0.005034
0.005149
0.005262
0.005372
0.005481
0.005587
0.005690
0.005791
0.005889
0.005984
0.006076
0.006165
0.006251
0.006333
0.006412
0.006488
0.006560
0.006629
0.006694
0.006755
0.006812
0.006866
0.006916
0.006962
0.007005
0.007043
0.007078
0.007110
0.007137
0.007162
0.007182
0.007200
0.007214
0.007225
0.007234
0.007239
0.007243
0.007244
0.007244
0.000005
0.000005
0.000006
0.000011
0.000020
0.000033
0.000050
0.000071
0.000097
0.000126
0.000161
0.000200
0.000243
0.000291
0.000344
0.000402
0.000464
0.000531
0.000602
0.000679
0.000759
0.000844
0.000934
0.001027
0.001125
0.001227
0.001333
0.001443
0.001557
0.001675
0.001796
0.001920
0.002048
0.002179
0.002312
0.002449
0.002588
0.002729
0.002873
0.003019
0.003167
0.003317
0.003468
0.003621
0.003775
0.003930
0.004086
0.004243
0.004400
0.004557
0.004714
0.004872
0.005029
0.005185
0.005341
0.005496
0.005650
0.005803
0.005954
0.006104
0.006252
0.006398
0.006542
0.006683
0.006822
0.006959
0.007093
0.007223
0.007351
0.007475
0.007596
0.007714
0.007828
0.007938
0.008044
0.008146
0.008244
0.008338
0.008427
0.008512
0.008593
0.008669
0.008740
0.008807
0.008869
0.008927
0.008980
0.009028
0.009071
0.009110
0.009145
0.009174
0.009200
0.009221
0.009238
0.009251
0.009259
0.009265
0.009266
0.009266
0.000008
0.000008
0.000011
0.000019
0.000032
0.000050
0.000074
0.000104
0.000139
0.000181
0.000228
0.000281
0.000340
0.000405
0.000476
0.000553
0.000635
0.000724
0.000818
0.000917
0.001022
0.001133
0.001249
0.001370
0.001497
0.001628
0.001764
0.001905
0.002050
0.002200
0.002354
0.002512
0.002673
0.002839
0.003008
0.003180
0.003356
0.003534
0.003715
0.003898
0.004084
0.004272
0.004462
0.004654
0.004846
0.005041
0.005236
0.005432
0.005628
0.005825
0.006022
0.006219
0.006415
0.006611
0.006806
0.007000
0.007193
0.007385
0.007574
0.007762
0.007948
0.008132
0.008313
0.008491
0.008667
0.008839
0.009008
0.009173
0.009335
0.009493
0.009647
0.009797
0.009942
0.010083
0.010219
0.010350
0.010476
0.010598
0.010714
0.010824
0.010929
0.011029
0.011123
0.011211
0.011294
0.011371
0.011441
0.011506
0.011565
0.011618
0.011666
0.011707
0.011743
0.011772
0.011796
0.011815
0.011828
0.011836
0.011838
0.011838
0.000014
0.000014
0.000017
0.000028
0.000046
0.000071
0.000104
0.000144
0.000192
0.000247
0.000310
0.000380
0.000458
0.000543
0.000636
0.000736
0.000843
0.000957
0.001078
0.001206
0.001341
0.001483
0.001631
0.001785
0.001946
0.002112
0.002285
0.002463
0.002646
0.002835
0.003028
0.003227
0.003430
0.003637
0.003849
0.004065
0.004284
0.004507
0.004732
0.004961
0.005193
0.005427
0.005663
0.005902
0.006142
0.006383
0.006626
0.006869
0.007113
0.007358
0.007602
0.007847
0.008091
0.008335
0.008577
0.008819
0.009059
0.009297
0.009533
0.009767
0.009999
0.010228
0.010454
0.010676
0.010896
0.011111
0.011323
0.011530
0.011733
0.011932
0.012126
0.012314
0.012498
0.012676
0.012848
0.013014
0.013175
0.013329
0.013477
0.013619
0.013754
0.013882
0.014003
0.014117
0.014224
0.014324
0.014417
0.014502
0.014580
0.014650
0.014713
0.014768
0.014816
0.014856
0.014889
0.014914
0.014932
0.014943
0.014946
0.014946
0.000021
0.000021
0.000025
0.000040
0.000063
0.000097
0.000139
0.000192
0.000254
0.000325
0.000406
0.000497
0.000596
0.000705
0.000823
0.000950
0.001086
0.001230
0.001383
0.001545
0.001714
0.001892
0.002077
0.002271
0.002471
0.002679
0.002893
0.003115
0.003343
0.003577
0.003817
0.004063
0.004314
0.004571
0.004832
0.005098
0.005369
0.005644
0.005922
0.006204
0.006489
0.006777
0.007068
0.007360
0.007655
0.007952
0.008250
0.008549
0.008849
0.009149
0.009450
0.009750
0.010050
0.010349
0.010647
0.010944
0.011239
0.011532
0.011822
0.012110
0.012395
0.012677
0.012956
0.013230
0.013501
0.013767
0.014028
0.014285
0.014536
0.014782
0.015022
0.015256
0.015484
0.015706
0.015920
0.016128
0.016329
0.016522
0.016707
0.016885
0.017055
0.017216
0.017369
0.017513
0.017649
0.017776
0.017894
0.018003
0.018103
0.018193
0.018274
0.018345
0.018407
0.018460
0.018502
0.018536
0.018559
0.018574
0.018578
0.018578
0.000030
0.000030
0.000036
0.000054
0.000084
0.000126
0.000181
0.000247
0.000325
0.000415
0.000517
0.000630
0.000755
0.000890
0.001037
0.001195
0.001363
0.001542
0.001732
0.001931
0.002140
0.002359
0.002588
0.002825
0.003071
0.003326
0.003589
0.003860
0.004138
0.004424
0.004717
0.005017
0.005324
0.005636
0.005955
0.006278
0.006607
0.006941
0.007279
0.007622
0.007968
0.008317
0.008670
0.009025
0.009383
0.009742
0.010104
0.010466
0.010830
0.011194
0.011558
0.011922
0.012285
0.012648
0.013009
0.013369
0.013726
0.014082
0.014434
0.014784
0.015130
0.015472
0.015810
0.016144
0.016473
0.016797
0.017115
0.017428
0.017734
0.018034
0.018327
0.018613
0.018892
0.019163
0.019426
0.019681
0.019927
0.020164
0.020392
0.020611
0.020820
0.021020
0.021209
0.021388
0.021556
0.021714
0.021861
0.021997
0.022121
0.022235
0.022336
0.022426
0.022504
0.022571
0.022625
0.022667
0.022697
0.022716
0.022722
0.022722
0.000041
0.000041
0.000048
0.000071
0.000108
0.000161
0.000228
0.000310
0.000406
0.000517
0.000642
0.000780
0.000933
0.001099
0.001278
0.001470
0.001675
0.001893
0.002123
0.002365
0.002619
0.002884
0.003160
0.003446
0.003744
0.004051
0.004368
0.004695
0.005030
0.005374
0.005727
0.006087
0.006455
0.006831
0.007213
0.007601
0.007995
0.008395
0.008801
0.009211
0.009625
0.010044
0.010466
0.010891
0.011319
0.011749
0.012181
0.012615
0.013049
0.013485
0.013920
0.014355
0.014790
0.015224
0.015656
0.016086
0.016514
0.016939
0.017361
0.017780
0.018194
0.018604
0.019009
0.019409
0.019804
0.020192
0.020574
0.020950
0.021318
0.021678
0.022031
0.022375
0.022710
0.023037
0.023354
0.023661
0.023958
0.024245
0.024521
0.024786
0.025040
0.025282
0.025512
0.025729
0.025934
0.026127
0.026306
0.026472
0.026624
0.026763
0.026888
0.026998
0.027095
0.027177
0.027244
0.027296
0.027334
0.027356
0.027364
0.027364
0.000054
0.000054
0.000063
0.000090
0.000136
0.000200
0.000281
0.000380
0.000497
0.000630
0.000780
0.000947
0.001130
0.001330
0.001545
0.001775
0.002021
0.002281
0.002556
0.002845
0.003147
0.003463
0.003792
0.004134
0.004487
0.004853
0.005230
0.005618
0.006016
0.006424
0.006842
0.007270
0.007706
0.008150
0.008603
0.009063
0.009529
0.010003
0.010482
0.010967
0.011457
0.011951
0.012450
0.012952
0.013458
0.013966
0.014477
0.014989
0.015502
0.016016
0.016530
0.017045
0.017558
0.018070
0.018580
0.019089
0.019594
0.020096
0.020595
0.021090
0.021580
0.022065
0.022544
0.023017
0.023484
0.023944
0.024396
0.024841
0.025277
0.025704
0.026122
0.026531
0.026929
0.027317
0.027694
0.028059
0.028413
0.028754
0.029083
0.029399
0.029702
0.029990
0.030265
0.030526
0.030771
0.031002
0.031217
0.031416
0.031599
0.031766
0.031916
0.032050
0.032166
0.032265
0.032347
0.032410
0.032456
0.032483
0.032493
0.032493
0.000069
0.000069
0.000080
0.000113
0.000167
0.000243
0.000340
0.000458
0.000596
0.000755
0.000933
0.001130
0.001347
0.001583
0.001837
0.002109
0.002399
0.002706
0.003030
0.003370
0.003726
0.004098
0.004484
0.004885
0.005301
0.005730
0.006172
0.006627
0.007093
0.007572
0.008062
0.008562
0.009073
0.009593
0.010122
0.010660
0.011206
0.011759
0.012319
0.012886
0.013458
0.014036
0.014618
0.015205
0.015795
0.016389
0.016985
0.017583
0.018182
0.018782
0.019382
0.019983
0.020582
0.021180
0.021776
0.022369
0.022959
0.023546
0.024129
0.024706
0.025279
0.025845
0.026406
0.026959
0.027505
0.028042
0.028572
0.029092
0.029602
0.030103
0.030592
0.031071
0.031538
0.031993
0.032435
0.032864
0.033279
0.033680
0.034067
0.034438
0.034794
0.035135
0.035458
0.035765
0.036055
0.036327
0.036581
0.036817
0.037034
0.037231
0.037410
0.037568
0.037706
0.037824
0.037921
0.037997
0.038051
0.038084
0.038095
0.038095
0.000087
0.000087
0.000100
0.000138
0.000202
0.000291
0.000405
0.000543
0.000705
0.000890
0.001099
0.001330
0.001583
0.001858
0.002154
0.002472
0.002809
0.003167
0.003543
0.003939
0.004353
0.004785
0.005234
0.005700
0.006182
0.006679
0.007192
0.007719
0.008260
0.008815
0.009382
0.009962
0.010553
0.011155
0.011767
0.012389
0.013021
0.013660
0.014308
0.014963
0.015625
0.016293
0.016966
0.017644
0.018326
0.019012
0.019700
0.020391
0.021083
0.021776
0.022470
0.023163
0.023855
0.024546
0.025235
0.025920
0.026602
0.027280
0.027953
0.028621
0.029283
0.029938
0.030586
0.031225
0.031857
0.032479
0.033091
0.033693
0.034284
0.034864
0.035431
0.035986
0.036527
0.037054
0.037567
0.038064
0.038546
0.039012
0.039461
0.039893
0.040307
0.040703
0.041079
0.041437
0.041774
0.042091
0.042388
0.042663
0.042916
0.043147
0.043356
0.043541
0.043703
0.043841
0.043954
0.044043
0.044107
0.044146
0.044159
0.044159
0.000107
0.000107
0.000122
0.000167
0.000241
0.000344
0.000476
0.000636
0.000823
0.001037
0.001278
0.001545
0.001837
0.002154
0.002496
0.002862
0.003251
0.003662
0.004096
0.004551
0.005027
0.005524
0.006040
0.006575
0.007129
0.007700
0.008289
0.008894
0.009515
0.010151
0.010801
0.011465
0.012143
0.012833
0.013535
0.014247
0.014971
0.015703
0.016445
0.017195
0.017953
0.018717
0.019488
0.020264
0.021044
0.021829
0.022617
0.023407
0.024199
0.024993
0.025786
0.026580
0.027372
0.028162
0.028950
0.029735
0.030515
0.031291
0.032062
0.032826
0.033584
0.034334
0.035076
0.035809
0.036532
0.037244
0.037946
0.038636
0.039314
0.039978
0.040628
0.041265
0.041885
0.042490
0.043079
0.043650
0.044204
0.044739
0.045255
0.045752
0.046228
0.046683
0.047117
0.047528
0.047917
0.048283
0.048625
0.048942
0.049234
0.049501
0.049742
0.049956
0.050143
0.050303
0.050435
0.050538
0.050612
0.050657
0.050672
0.050672
0.000130
0.000130
0.000147
0.000198
0.000284
0.000402
0.000553
0.000736
0.000950
0.001195
0.001470
0.001775
0.002109
0.002472
0.002862
0.003279
0.003722
0.004192
0.004686
0.005205
0.005747
0.006313
0.006900
0.007510
0.008140
0.008790
0.009459
0.010147
0.010853
0.011576
0.012316
0.013071
0.013841
0.014624
0.015421
0.016231
0.017052
0.017884
0.018726
0.019577
0.020437
0.021305
0.022179
0.023060
0.023946
0.024836
0.025730
0.026627
0.027525
0.028425
0.029326
0.030226
0.031125
0.032021
0.032915
0.033806
0.034691
0.035572
0.036446
0.037314
0.038174
0.039025
0.039867
0.040699
0.041520
0.042330
0.043127
0.043911
0.044680
0.045435
0.046175
0.046898
0.047604
0.048292
0.048961
0.049611
0.050241
0.050851
0.051438
0.052004
0.052546
0.053065
0.053559
0.054029
0.054472
0.054889
0.055279
0.055642
0.055976
0.056281
0.056556
0.056801
0.057015
0.057198
0.057349
0.057467
0.057553
0.057604
0.057621
0.057621
0.000155
0.000155
0.000175
0.000233
0.000330
0.000464
0.000635
0.000843
0.001086
0.001363
0.001675
0.002021
0.002399
0.002809
0.003251
0.003722
0.004224
0.004755
0.005313
0.005900
0.006512
0.007151
0.007814
0.008502
0.009213
0.009947
0.010702
0.011479
0.012275
0.013090
0.013924
0.014775
0.015642
0.016526
0.017424
0.018336
0.019261
0.020198
0.021147
0.022106
0.023074
0.024051
0.025036
0.026027
0.027025
0.028027
0.029033
0.030043
0.031055
0.032068
0.033082
0.034095
0.035107
0.036117
0.037123
0.038125
0.039123
0.040114
0.041099
0.042076
0.043044
0.044003
0.044952
0.045889
0.046814
0.047726
0.048624
0.049508
0.050375
0.051226
0.052060
0.052875
0.053671
0.054448
0.055203
0.055937
0.056648
0.057335
0.057999
0.058638
0.059250
0.059836
0.060395
0.060926
0.061427
0.061899
0.062341
0.062751
0.063129
0.063474
0.063786
0.064064
0.064307
0.064514
0.064686
0.064820
0.064917
0.064975
0.064995
0.064995
0.000183
0.000183
0.000205
0.000271
0.000380
0.000531
0.000724
0.000957
0.001230
0.001542
0.001893
0.002281
0.002706
0.003167
0.003662
0.004192
0.004755
0.005350
0.005977
0.006634
0.007321
0.008037
0.008780
0.009551
0.010348
0.011170
0.012016
0.012885
0.013776
0.014689
0.015622
0.016575
0.017545
0.018534
0.019539
0.020559
0.021594
0.022642
0.023703
0.024776
0.025859
0.026951
0.028052
0.029161
0.030276
0.031397
0.032522
0.033651
0.034782
0.035915
0.037048
0.038181
0.039312
0.040441
0.041566
0.042687
0.043802
0.044911
0.046012
0.047104
0.048187
0.049260
0.050321
0.051369
0.052404
0.053424
0.054429
0.055418
0.056389
0.057341
0.058274
0.059187
0.060078
0.060947
0.061793
0.062615
0.063412
0.064183
0.064926
0.065642
0.066329
0.066986
0.067613
0.068208
0.068771
0.069301
0.069796
0.070257
0.070682
0.071070
0.071420
0.071733
0.072006
0.072239
0.072432
0.072583
0.072692
0.072758
0.072780
0.072780
0.000213
0.000213
0.000238
0.000312
0.000434
0.000602
0.000818
0.001078
0.001383
0.001732
0.002123
0.002556
0.003030
0.003543
0.004096
0.004686
0.005313
0.005977
0.006675
0.007407
0.008172
0.008969
0.009797
0.010655
0.011541
0.012456
0.013397
0.014364
0.015355
0.016371
0.017408
0.018467
0.019547
0.020646
0.021763
0.022897
0.024047
0.025212
0.026391
0.027583
0.028787
0.030001
0.031224
0.032456
0.033695
0.034940
0.036190
0.037444
0.038701
0.039960
0.041219
0.042477
0.043734
0.044988
0.046238
0.047483
0.048722
0.049954
0.051177
0.052391
0.053595
0.054787
0.055966
0.057131
0.058281
0.059415
0.060532
0.061631
0.062711
0.063770
0.064807
0.065823
0.066814
0.067781
0.068722
0.069637
0.070523
0.071381
0.072209
0.073006
0.073771
0.074503
0.075201
0.075865
0.076492
0.077082
0.077635
0.078148
0.078622
0.079055
0.079446
0.079795
0.080100
0.080360
0.080575
0.080744
0.080866
0.080940
0.080965
0.080965
0.000246
0.000246
0.000274
0.000356
0.000491
0.000679
0.000917
0.001206
0.001545
0.001931
0.002365
0.002845
0.003370
0.003939
0.004551
0.005205
0.005900
0.006634
0.007407
0.008217
0.009064
0.009946
0.010862
0.011811
0.012792
0.013803
0.014844
0.015914
0.017010
0.018132
0.019280
0.020450
0.021644
0.022858
0.024093
0.025346
0.026617
0.027905
0.029207
0.030524
0.031854
0.033195
0.034547
0.035907
0.037276
0.038651
0.040032
0.041418
0.042806
0.044196
0.045587
0.046977
0.048365
0.049750
0.051131
0.052507
0.053875
0.055236
0.056588
0.057929
0.059258
0.060575
0.061878
0.063165
0.064436
0.065690
0.066924
0.068139
0.069332
0.070503
0.071650
0.072773
0.073869
0.074938
0.075979
0.076991
0.077971
0.078920
0.079837
0.080718
0.081565
0.082376
0.083149
0.083883
0.084578
0.085231
0.085844
0.086413
0.086938
0.087417
0.087851
0.088238
0.088576
0.088865
0.089104
0.089291
0.089427
0.089508
0.089536
0.089536
0.000282
0.000282
0.000313
0.000403
0.000552
0.000759
0.001022
0.001341
0.001714
0.002140
0.002619
0.003147
0.003726
0.004353
0.005027
0.005747
0.006512
0.007321
0.008172
0.009064
0.009996
0.010967
0.011975
0.013019
0.014098
0.015211
0.016356
0.017532
0.018738
0.019972
0.021234
0.022521
0.023833
0.025168
0.026525
0.027903
0.029300
0.030715
0.032147
0.033594
0.035056
0.036530
0.038015
0.039510
0.041014
0.042526
0.044043
0.045565
0.047091
0.048618
0.050146
0.051674
0.053199
0.054721
0.056239
0.057750
0.059254
0.060749
0.062235
0.063709
0.065170
0.066617
0.068049
0.069464
0.070861
0.072239
0.073596
0.074931
0.076243
0.077531
0.078792
0.080027
0.081232
0.082409
0.083554
0.084666
0.085745
0.086790
0.087798
0.088768
0.089700
0.090592
0.091443
0.092252
0.093017
0.093737
0.094411
0.095038
0.095617
0.096146
0.096624
0.097050
0.097423
0.097742
0.098005
0.098212
0.098361
0.098451
0.098482
0.098482
0.000321
0.000321
0.000354
0.000453
0.000617
0.000844
0.001133
0.001483
0.001892
0.002359
0.002884
0.003463
0.004098
0.004785
0.005524
0.006313
0.007151
0.008037
0.008969
0.009946
0.010967
0.012030
0.013133
0.014277
0.015458
0.016676
0.017929
0.019217
0.020536
0.021887
0.023267
0.024676
0.026111
0.027572
0.029057
0.030564
0.032093
0.033641
0.035207
0.036790
0.038388
0.040000
0.041624
0.043260
0.044905
0.046557
0.048217
0.049881
0.051550
0.053220
0.054891
0.056561
0.058230
0.059894
0.061554
0.063206
0.064851
0.066487
0.068111
0.069723
0.071321
0.072904
0.074470
0.076018
0.077547
0.079054
0.080539
0.082000
0.083435
0.084844
0.086224
0.087575
0.088894
0.090182
0.091435
0.092653
0.093834
0.094977
0.096081
0.097144
0.098165
0.099142
0.100074
0.100960
0.101798
0.102587
0.103326
0.104013
0.104647
0.105227
0.105752
0.106219
0.106628
0.106978
0.107267
0.107494
0.107657
0.107757
0.107790
0.107790
0.000362
0.000362
0.000399
0.000507
0.000686
0.000934
0.001249
0.001631
0.002077
0.002588
0.003160
0.003792
0.004484
0.005234
0.006040
0.006900
0.007814
0.008780
0.009797
0.010862
0.011975
0.013133
0.014337
0.015583
0.016870
0.018197
0.019563
0.020965
0.022403
0.023875
0.025378
0.026913
0.028476
0.030067
0.031685
0.033326
0.034991
0.036676
0.038382
0.040106
0.041846
0.043601
0.045370
0.047151
0.048942
0.050741
0.052548
0.054360
0.056177
0.057995
0.059815
0.061633
0.063450
0.065262
0.067069
0.068868
0.070659
0.072440
0.074209
0.075964
0.077704
0.079428
0.081134
0.082819
0.084484
0.086125
0.087743
0.089334
0.090897
0.092432
0.093935
0.095407
0.096845
0.098247
0.099613
0.100940
0.102228
0.103474
0.104677
0.105835
0.106948
0.108013
0.109030
0.109995
0.110910
0.111770
0.112576
0.113326
0.114018
0.114650
0.115222
0.115732
0.116179
0.116561
0.116876
0.117124
0.117303
0.117411
0.117448
0.117448
0.000406
0.000406
0.000446
0.000563
0.000758
0.001027
0.001370
0.001785
0.002271
0.002825
0.003446
0.004134
0.004885
0.005700
0.006575
0.007510
0.008502
0.009551
0.010655
0.011811
0.013019
0.014277
0.015583
0.016935
0.018332
0.019772
0.021254
0.022776
0.024336
0.025933
0.027564
0.029229
0.030925
0.032651
0.034405
0.036185
0.037991
0.039819
0.041669
0.043538
0.045425
0.047329
0.049247
0.051178
0.053120
0.055072
0.057031
0.058996
0.060966
0.062938
0.064911
0.066883
0.068853
0.070818
0.072777
0.074729
0.076671
0.078602
0.080520
0.082424
0.084311
0.086181
0.088030
0.089859
0.091664
0.093445
0.095199
0.096925
0.098621
0.100285
0.101917
0.103513
0.105073
0.106595
0.108077
0.109517
0.110914
0.112267
0.113573
0.114830
0.116038
0.117195
0.118298
0.119347
0.120340
0.121274
0.122150
0.122964
0.123715
0.124403
0.125024
0.125579
0.126064
0.126479
0.126822
0.127091
0.127286
0.127403
0.127443
0.127443
0.000452
0.000452
0.000495
0.000623
0.000834
0.001125
0.001497
0.001946
0.002471
0.003071
0.003744
0.004487
0.005301
0.006182
0.007129
0.008140
0.009213
0.010348
0.011541
0.012792
0.014098
0.015458
0.016870
0.018332
0.019842
0.021400
0.023001
0.024646
0.026333
0.028058
0.029821
0.031620
0.033453
0.035319
0.037214
0.039138
0.041089
0.043064
0.045063
0.047083
0.049122
0.051179
0.053251
0.055337
0.057436
0.059544
0.061661
0.063784
0.065912
0.068042
0.070174
0.072304
0.074432
0.076555
0.078672
0.080780
0.082879
0.084965
0.087037
0.089094
0.091133
0.093153
0.095152
0.097127
0.099078
0.101002
0.102898
0.104763
0.106596
0.108395
0.110158
0.111884
0.113570
0.115215
0.116817
0.118374
0.119884
0.121346
0.122758
0.124118
0.125424
0.126675
0.127868
0.129003
0.130076
0.131088
0.132034
0.132915
0.133729
0.134472
0.135145
0.135745
0.136270
0.136719
0.137091
0.137382
0.137593
0.137721
0.137764
0.137764
0.000501
0.000501
0.000548
0.000686
0.000913
0.001227
0.001628
0.002112
0.002679
0.003326
0.004051
0.004853
0.005730
0.006679
0.007700
0.008790
0.009947
0.011170
0.012456
0.013803
0.015211
0.016676
0.018197
0.019772
0.021400
0.023077
0.024802
0.026574
0.028390
0.030249
0.032148
0.034085
0.036059
0.038068
0.040109
0.042181
0.044282
0.046409
0.048561
0.050736
0.052931
0.055146
0.057377
0.059623
0.061882
0.064152
0.066431
0.068717
0.071008
0.073302
0.075597
0.077890
0.080181
0.082467
0.084746
0.087016
0.089275
0.091521
0.093753
0.095967
0.098163
0.100337
0.102490
0.104617
0.106717
0.108789
0.110830
0.112839
0.114813
0.116751
0.118650
0.120508
0.122324
0.124096
0.125822
0.127499
0.129126
0.130701
0.132222
0.133688
0.135095
0.136443
0.137729
0.138951
0.140109
0.141198
0.142219
0.143169
0.144045
0.144847
0.145573
0.146220
0.146786
0.147270
0.147671
0.147986
0.148213
0.148350
0.148397
0.148397
0.000553
0.000553
0.000603
0.000751
0.000995
0.001333
0.001764
0.002285
0.002893
0.003589
0.004368
0.005230
0.006172
0.007192
0.008289
0.009459
0.010702
0.012016
0.013397
0.014844
0.016356
0.017929
0.019563
0.021254
0.023001
0.024802
0.026655
0.028557
0.030507
0.032502
0.034541
0.036621
0.038740
0.040896
0.043087
0.045311
0.047565
0.049849
0.052158
0.054493
0.056849
0.059226
0.061620
0.064031
0.066455
0.068892
0.071337
0.073790
0.076249
0.078711
0.081173
0.083635
0.086093
0.088546
0.090992
0.093428
0.095853
0.098263
0.100658
0.103035
0.105391
0.107725
0.110035
0.112318
0.114573
0.116797
0.118988
0.121144
0.123263
0.125343
0.127381
0.129377
0.131326
0.133229
0.135081
0.136882
0.138629
0.140321
0.141954
0.143528
0.145039
0.146487
0.147868
0.149181
0.150424
0.151595
0.152692
0.153712
0.154654
0.155516
0.156295
0.156990
0.157599
0.158120
0.158550
0.158888
0.159133
0.159281
0.159331
0.159331
0.000607
0.000607
0.000661
0.000819
0.001081
0.001443
0.001905
0.002463
0.003115
0.003860
0.004695
0.005618
0.006627
0.007719
0.008894
0.010147
0.011479
0.012885
0.014364
0.015914
0.017532
0.019217
0.020965
0.022776
0.024646
0.026574
0.028557
0.030594
0.032680
0.034816
0.036998
0.039224
0.041492
0.043799
0.046144
0.048524
0.050936
0.053380
0.055851
0.058349
0.060871
0.063414
0.065976
0.068555
0.071150
0.073756
0.076373
0.078998
0.081628
0.084262
0.086897
0.089531
0.092162
0.094787
0.097403
0.100010
0.102604
0.105184
0.107746
0.110289
0.112811
0.115308
0.117780
0.120223
0.122636
0.125016
0.127361
0.129668
0.131936
0.134162
0.136344
0.138479
0.140566
0.142602
0.144585
0.146513
0.148384
0.150194
0.151943
0.153628
0.155246
0.156796
0.158275
0.159681
0.161012
0.162266
0.163440
0.164533
0.165542
0.166465
0.167300
0.168045
0.168697
0.169255
0.169716
0.170078
0.170340
0.170499
0.170552
0.170552
0.000664
0.000664
0.000721
0.000890
0.001170
0.001557
0.002050
0.002646
0.003343
0.004138
0.005030
0.006016
0.007093
0.008260
0.009515
0.010853
0.012275
0.013776
0.015355
0.017010
0.018738
0.020536
0.022403
0.024336
0.026333
0.028390
0.030507
0.032680
0.034908
0.037187
0.039516
0.041891
0.044312
0.046774
0.049276
0.051816
0.054391
0.056998
0.059636
0.062301
0.064992
0.067705
0.070439
0.073192
0.075960
0.078741
0.081533
0.084334
0.087141
0.089951
0.092763
0.095573
0.098380
0.101181
0.103973
0.106754
0.109522
0.112275
0.115009
0.117722
0.120413
0.123078
0.125716
0.128323
0.130898
0.133437
0.135940
0.138402
0.140822
0.143198
0.145527
0.147806
0.150033
0.152207
0.154323
0.156381
0.158378
0.160311
0.162178
0.163976
0.165704
0.167358
0.168938
0.170439
0.171860
0.173199
0.174453
0.175620
0.176698
0.177684
0.178575
0.179371
0.180068
0.180664
0.181156
0.181544
0.181823
0.181993
0.182050
0.182050
0.000723
0.000723
0.000784
0.000964
0.001262
0.001675
0.002200
0.002835
0.003577
0.004424
0.005374
0.006424
0.007572
0.008815
0.010151
0.011576
0.013090
0.014689
0.016371
0.018132
0.019972
0.021887
0.023875
0.025933
0.028058
0.030249
0.032502
0.034816
0.037187
0.039613
0.042092
0.044621
0.047197
0.049818
0.052482
0.055185
0.057925
0.060700
0.063507
0.066344
0.069208
0.072096
0.075006
0.077935
0.080881
0.083841
0.086812
0.089793
0.092780
0.095771
0.098763
0.101754
0.104741
0.107722
0.110693
0.113653
0.116599
0.119528
0.122438
0.125326
0.128190
0.131027
0.133834
0.136609
0.139349
0.142052
0.144716
0.147337
0.149913
0.152442
0.154921
0.157347
0.159718
0.162032
0.164285
0.166476
0.168601
0.170659
0.172647
0.174562
0.176401
0.178163
0.179845
0.181444
0.182957
0.184383
0.185719
0.186962
0.188109
0.189160
0.190109
0.190957
0.191699
0.192334
0.192859
0.193272
0.193569
0.193750
0.193811
0.193811
0.000784
0.000784
0.000849
0.001041
0.001357
0.001796
0.002354
0.003028
0.003817
0.004717
0.005727
0.006842
0.008062
0.009382
0.010801
0.012316
0.013924
0.015622
0.017408
0.019280
0.021234
0.023267
0.025378
0.027564
0.029821
0.032148
0.034541
0.036998
0.039516
0.042092
0.044724
0.047409
0.050145
0.052928
0.055756
0.058626
0.061535
0.064482
0.067462
0.070474
0.073514
0.076580
0.079670
0.082780
0.085907
0.089050
0.092205
0.095369
0.098540
0.101715
0.104892
0.108067
0.111239
0.114403
0.117558
0.120700
0.123828
0.126938
0.130027
0.133093
0.136134
0.139145
0.142126
0.145072
0.147982
0.150852
0.153680
0.156463
0.159198
0.161883
0.164515
0.167092
0.169610
0.172067
0.174460
0.176786
0.179044
0.181229
0.183340
0.185374
0.187328
0.189199
0.190985
0.192684
0.194292
0.195806
0.197225
0.198546
0.199765
0.200881
0.201890
0.202790
0.203579
0.204254
0.204812
0.205250
0.205567
0.205759
0.205824
0.205824
0.000847
0.000847
0.000916
0.001120
0.001455
0.001920
0.002512
0.003227
0.004063
0.005017
0.006087
0.007270
0.008562
0.009962
0.011465
0.013071
0.014775
0.016575
0.018467
0.020450
0.022521
0.024676
0.026913
0.029229
0.031620
0.034085
0.036621
0.039224
0.041891
0.044621
0.047409
0.050254
0.053152
0.056100
0.059096
0.062136
0.065218
0.068339
0.071496
0.074687
0.077907
0.081155
0.084427
0.087722
0.091034
0.094363
0.097705
0.101057
0.104415
0.107779
0.111144
0.114507
0.117866
0.121218
0.124559
0.127888
0.131201
0.134495
0.137767
0.141015
0.144236
0.147426
0.150583
0.153704
0.156786
0.159827
0.162822
0.165771
0.168668
0.171513
0.174301
0.177031
0.179699
0.182301
0.184837
0.187302
0.189694
0.192009
0.194246
0.196401
0.198472
0.200455
0.202348
0.204148
0.205851
0.207457
0.208961
0.210360
0.211652
0.212835
0.213905
0.214859
0.215695
0.216411
0.217002
0.217467
0.217803
0.218006
0.218075
0.218075
0.000913
0.000913
0.000986
0.001201
0.001556
0.002048
0.002673
0.003430
0.004314
0.005324
0.006455
0.007706
0.009073
0.010553
0.012143
0.013841
0.015642
0.017545
0.019547
0.021644
0.023833
0.026111
0.028476
0.030925
0.033453
0.036059
0.038740
0.041492
0.044312
0.047197
0.050145
0.053152
0.056215
0.059331
0.062498
0.065712
0.068970
0.072269
0.075606
0.078978
0.082382
0.085815
0.089274
0.092755
0.096257
0.099775
0.103307
0.106850
0.110400
0.113955
0.117511
0.121066
0.124616
0.128159
0.131691
0.135209
0.138711
0.142192
0.145651
0.149084
0.152488
0.155860
0.159197
0.162496
0.165754
0.168968
0.172134
0.175251
0.178314
0.181321
0.184269
0.187154
0.189974
0.192726
0.195406
0.198012
0.200541
0.202989
0.205354
0.207633
0.209822
0.211919
0.213920
0.215823
0.217625
0.219323
0.220913
0.222393
0.223760
0.225010
0.226142
0.227151
0.228036
0.228792
0.229418
0.229910
0.230265
0.230480
0.230553
0.230553
0.000981
0.000981
0.001057
0.001285
0.001659
0.002179
0.002839
0.003637
0.004571
0.005636
0.006831
0.008150
0.009593
0.011155
0.012833
0.014624
0.016526
0.018534
0.020646
0.022858
0.025168
0.027572
0.030067
0.032651
0.035319
0.038068
0.040896
0.043799
0.046774
0.049818
0.052928
0.056100
0.059331
0.062619
0.065959
0.069350
0.072786
0.076266
0.079786
0.083343
0.086934
0.090555
0.094204
0.097876
0.101570
0.105281
0.109006
0.112743
0.116488
0.120237
0.123989
0.127738
0.131483
0.135220
0.138945
0.142656
0.146350
0.150022
0.153671
0.157292
0.160883
0.164440
0.167960
0.171440
0.174876
0.178266
0.181607
0.184894
0.188126
0.191298
0.194408
0.197452
0.200427
0.203330
0.206158
0.208907
0.211575
0.214158
0.216654
0.219058
0.221368
0.223580
0.225692
0.227700
0.229602
0.231393
0.233071
0.234633
0.236075
0.237395
0.238589
0.239655
0.240588
0.241387
0.242047
0.242566
0.242941
0.243168
0.243245
0.243245
0.001050
0.001050
0.001131
0.001371
0.001765
0.002312
0.003008
0.003849
0.004832
0.005955
0.007213
0.008603
0.010122
0.011767
0.013535
0.015421
0.017424
0.019539
0.021763
0.024093
0.026525
0.029057
0.031685
0.034405
0.037214
0.040109
0.043087
0.046144
0.049276
0.052482
0.055756
0.059096
0.062498
0.065959
0.069476
0.073046
0.076664
0.080328
0.084034
0.087779
0.091559
0.095371
0.099213
0.103079
0.106967
0.110874
0.114796
0.118730
0.122673
0.126620
0.130570
0.134517
0.138460
0.142393
0.146316
0.150223
0.154111
0.157977
0.161819
0.165631
0.169411
0.173156
0.176862
0.180526
0.184144
0.187714
0.191231
0.194692
0.198094
0.201434
0.204708
0.207914
0.211046
0.214103
0.217081
0.219976
0.222785
0.225505
0.228133
0.230665
0.233097
0.235427
0.237651
0.239766
0.241769
0.243655
0.245423
0.247068
0.248587
0.249977
0.251235
0.252357
0.253341
0.254182
0.254878
0.255424
0.255819
0.256059
0.256140
0.256140
0.001122
0.001122
0.001207
0.001459
0.001874
0.002449
0.003180
0.004065
0.005098
0.006278
0.007601
0.009063
0.010660
0.012389
0.014247
0.016231
0.018336
0.020559
0.022897
0.025346
0.027903
0.030564
0.033326
0.036185
0.039138
0.042181
0.045311
0.048524
0.051816
0.055185
0.058626
0.062136
0.065712
0.069350
0.073046
0.076797
0.080599
0.084450
0.088345
0.092280
0.096253
0.100259
0.104296
0.108359
0.112445
0.116551
0.120672
0.124807
0.128950
0.133098
0.137248
0.141396
0.145539
0.149673
0.153795
0.157901
0.161987
0.166050
0.170087
0.174093
0.178066
0.182001
0.185896
0.189746
0.193549
0.197300
0.200996
0.204634
0.208210
0.211720
0.215161
0.218530
0.221822
0.225035
0.228165
0.231208
0.234160
0.237019
0.239781
0.242443
0.244999
0.247449
0.249787
0.252010
0.254115
0.256098
0.257956
0.259686
0.261283
0.262745
0.264067
0.265247
0.266281
0.267165
0.267897
0.268472
0.268887
0.269139
0.269224
0.269224
0.001195
0.001195
0.001284
0.001549
0.001984
0.002588
0.003356
0.004284
0.005369
0.006607
0.007995
0.009529
0.011206
0.013021
0.014971
0.017052
0.019261
0.021594
0.024047
0.026617
0.029300
0.032093
0.034991
0.037991
0.041089
0.044282
0.047565
0.050936
0.054391
0.057925
0.061535
0.065218
0.068970
0.072786
0.076664
0.080599
0.084589
0.088628
0.092714
0.096843
0.101011
0.105214
0.109448
0.113711
0.117998
0.122305
0.126629
0.130966
0.135312
0.139664
0.144017
0.148369
0.152715
0.157052
0.161376
0.165683
0.169970
0.174233
0.178467
0.182670
0.186838
0.190967
0.195053
0.199092
0.203081
0.207017
0.210895
0.214711
0.218463
0.222145
0.225756
0.229290
0.232744
0.236115
0.239399
0.242592
0.245690
0.248690
0.251588
0.254380
0.257063
0.259633
0.262087
0.264420
0.266629
0.268710
0.270660
0.272475
0.274151
0.275685
0.277073
0.278312
0.279397
0.280325
0.281093
0.281696
0.282132
0.282396
0.282486
0.282486
0.001270
0.001270
0.001363
0.001640
0.002097
0.002729
0.003534
0.004507
0.005644
0.006941
0.008395
0.010003
0.011759
0.013660
0.015703
0.017884
0.020198
0.022642
0.025212
0.027905
0.030715
0.033641
0.036676
0.039819
0.043064
0.046409
0.049849
0.053380
0.056998
0.060700
0.064482
0.068339
0.072269
0.076266
0.080328
0.084450
0.088628
0.092859
0.097139
0.101463
0.105828
0.110230
0.114665
0.119130
0.123620
0.128131
0.132659
0.137202
0.141754
0.146312
0.150871
0.155429
0.159981
0.164523
0.169052
0.173563
0.178053
0.182517
0.186953
0.191355
0.195720
0.200044
0.204324
0.208555
0.212733
0.216855
0.220917
0.224914
0.228844
0.232701
0.236483
0.240185
0.243803
0.247334
0.250774
0.254118
0.257364
0.260506
0.263542
0.266467
0.269278
0.271970
0.274541
0.276985
0.279299
0.281479
0.283522
0.285424
0.287180
0.288787
0.290242
0.291539
0.292676
0.293649
0.294453
0.295086
0.295542
0.295819
0.295913
0.295913
0.001346
0.001346
0.001444
0.001734
0.002212
0.002873
0.003715
0.004732
0.005922
0.007279
0.008801
0.010482
0.012319
0.014308
0.016445
0.018726
0.021147
0.023703
0.026391
0.029207
0.032147
0.035207
0.038382
0.041669
0.045063
0.048561
0.052158
0.055851
0.059636
0.063507
0.067462
0.071496
0.075606
0.079786
0.084034
0.088345
0.092714
0.097139
0.101614
0.106136
0.110701
0.115304
0.119943
0.124611
0.129306
0.134024
0.138759
0.143509
0.148269
0.153036
0.157804
0.162570
0.167330
0.172080
0.176816
0.181533
0.186228
0.190897
0.195535
0.200138
0.204703
0.209225
0.213701
0.218125
0.222495
0.226806
0.231053
0.235234
0.239343
0.243377
0.247332
0.251204
0.254988
0.258681
0.262278
0.265776
0.269171
0.272457
0.275633
0.278692
0.281632
0.284448
0.287136
0.289693
0.292113
0.294394
0.296531
0.298520
0.300357
0.302039
0.303560
0.304917
0.306107
0.307124
0.307966
0.308628
0.309105
0.309395
0.309493
0.309493
0.001424
0.001424
0.001526
0.001829
0.002328
0.003019
0.003898
0.004961
0.006204
0.007622
0.009211
0.010967
0.012886
0.014963
0.017195
0.019577
0.022106
0.024776
0.027583
0.030524
0.033594
0.036790
0.040106
0.043538
0.047083
0.050736
0.054493
0.058349
0.062301
0.066344
0.070474
0.074687
0.078978
0.083343
0.087779
0.092280
0.096843
0.101463
0.106136
0.110858
0.115625
0.120432
0.125275
0.130150
0.135052
0.139978
0.144923
0.149883
0.154853
0.159830
0.164809
0.169785
0.174756
0.179716
0.184661
0.189586
0.194489
0.199364
0.204207
0.209014
0.213780
0.218502
0.223175
0.227795
0.232358
0.236860
0.241295
0.245660
0.249952
0.254164
0.258294
0.262337
0.266289
0.270146
0.273902
0.277555
0.281100
0.284533
0.287849
0.291044
0.294114
0.297055
0.299863
0.302533
0.305061
0.307443
0.309675
0.311752
0.313671
0.315427
0.317016
0.318434
0.319677
0.320740
0.321619
0.322310
0.322809
0.323112
0.323214
0.323214
0.001503
0.001503
0.001610
0.001926
0.002446
0.003167
0.004084
0.005193
0.006489
0.007968
0.009625
0.011457
0.013458
0.015625
0.017953
0.020437
0.023074
0.025859
0.028787
0.031854
0.035056
0.038388
0.041846
0.045425
0.049122
0.052931
0.056849
0.060871
0.064992
0.069208
0.073514
0.077907
0.082382
0.086934
0.091559
0.096253
0.101011
0.105828
0.110701
0.115625
0.120595
0.125607
0.130657
0.135740
0.140852
0.145988
0.151144
0.156316
0.161498
0.166688
0.171879
0.177069
0.182251
0.187423
0.192579
0.197715
0.202827
0.207910
0.212960
0.217972
0.222942
0.227866
0.232739
0.237556
0.242314
0.247008
0.251633
0.256185
0.260660
0.265053
0.269359
0.273575
0.277696
0.281718
0.285636
0.289445
0.293141
0.296721
0.300179
0.303511
0.306713
0.309780
0.312708
0.315493
0.318130
0.320614
0.322942
0.325109
0.327110
0.328942
0.330599
0.332078
0.333374
0.334483
0.335400
0.336120
0.336641
0.336957
0.337064
0.337064
0.001584
0.001584
0.001695
0.002024
0.002566
0.003317
0.004272
0.005427
0.006777
0.008317
0.010044
0.011951
0.014036
0.016293
0.018717
0.021305
0.024051
0.026951
0.030001
0.033195
0.036530
0.040000
0.043601
0.047329
0.051179
0.055146
0.059226
0.063414
0.067705
0.072096
0.076580
0.081155
0.085815
0.090555
0.095371
0.100259
0.105214
0.110230
0.115304
0.120432
0.125607
0.130827
0.136085
0.141378
0.146701
0.152049
0.157418
0.162803
0.168200
0.173604
0.179010
0.184413
0.189810
0.195195
0.200564
0.205912
0.211235
0.216528
0.221787
0.227006
0.232182
0.237309
0.242383
0.247400
0.252354
0.257242
0.262058
0.266798
0.271458
0.276033
0.280518
0.284908
0.289200
0.293387
0.297467
0.301434
0.305284
0.309012
0.312613
0.316084
0.319418
0.322612
0.325662
0.328562
0.331308
0.333896
0.336320
0.338577
0.340662
0.342569
0.344296
0.345836
0.347186
0.348341
0.349296
0.350047
0.350589
0.350918
0.351029
0.351029
0.001665
0.001665
0.001781
0.002123
0.002687
0.003468
0.004462
0.005663
0.007068
0.008670
0.010466
0.012450
0.014618
0.016966
0.019488
0.022179
0.025036
0.028052
0.031224
0.034547
0.038015
0.041624
0.045370
0.049247
0.053251
0.057377
0.061620
0.065976
0.070439
0.075006
0.079670
0.084427
0.089274
0.094204
0.099213
0.104296
0.109448
0.114665
0.119943
0.125275
0.130657
0.136085
0.141554
0.147058
0.152594
0.158156
0.163739
0.169340
0.174952
0.180571
0.186193
0.191813
0.197425
0.203025
0.208609
0.214171
0.219706
0.225211
0.230680
0.236107
0.241490
0.246822
0.252099
0.257316
0.262469
0.267552
0.272561
0.277491
0.282337
0.287095
0.291759
0.296325
0.300788
0.305144
0.309387
0.313513
0.317517
0.321394
0.325140
0.328750
0.332218
0.335540
0.338712
0.341729
0.344585
0.347277
0.349799
0.352146
0.354314
0.356299
0.358095
0.359697
0.361101
0.362302
0.363296
0.364077
0.364641
0.364984
0.365099
0.365099
0.001748
0.001748
0.001868
0.002223
0.002809
0.003621
0.004654
0.005902
0.007360
0.009025
0.010891
0.012952
0.015205
0.017644
0.020264
0.023060
0.026027
0.029161
0.032456
0.035907
0.039510
0.043260
0.047151
0.051178
0.055337
0.059623
0.064031
0.068555
0.073192
0.077935
0.082780
0.087722
0.092755
0.097876
0.103079
0.108359
0.113711
0.119130
0.124611
0.130150
0.135740
0.141378
0.147058
0.152776
0.158525
0.164302
0.170102
0.175919
0.181748
0.187585
0.193424
0.199261
0.205090
0.210907
0.216706
0.222483
0.228233
0.233951
0.239631
0.245268
0.250859
0.256397
0.261879
0.267298
0.272650
0.277930
0.283132
0.288253
0.293287
0.298229
0.303074
0.307817
0.312453
0.316978
0.321385
0.325671
0.329830
0.333858
0.337749
0.341498
0.345101
0.348553
0.351848
0.354981
0.357949
0.360745
0.363365
0.365803
0.368056
0.370118
0.371983
0.373648
0.375107
0.376355
0.377387
0.378199
0.378785
0.379141
0.379261
0.379261
0.001831
0.001831
0.001956
0.002325
0.002933
0.003775
0.004846
0.006142
0.007655
0.009383
0.011319
0.013458
0.015795
0.018326
0.021044
0.023946
0.027025
0.030276
0.033695
0.037276
0.041014
0.044905
0.048942
0.053120
0.057436
0.061882
0.066455
0.071150
0.075960
0.080881
0.085907
0.091034
0.096257
0.101570
0.106967
0.112445
0.117998
0.123620
0.129306
0.135052
0.140852
0.146701
0.152594
0.158525
0.164490
0.170484
0.176500
0.182535
0.188582
0.194638
0.200695
0.206751
0.212798
0.218833
0.224849
0.230843
0.236808
0.242739
0.248632
0.254481
0.260281
0.266027
0.271713
0.277336
0.282888
0.288366
0.293763
0.299076
0.304299
0.309426
0.314452
0.319373
0.324183
0.328878
0.333451
0.337897
0.342213
0.346391
0.350428
0.354319
0.358057
0.361638
0.365057
0.368308
0.371387
0.374289
0.377007
0.379538
0.381875
0.384014
0.385950
0.387678
0.389191
0.390486
0.391558
0.392400
0.393008
0.393377
0.393502
0.393502
0.001915
0.001915
0.002044
0.002427
0.003057
0.003930
0.005041
0.006383
0.007952
0.009742
0.011749
0.013966
0.016389
0.019012
0.021829
0.024836
0.028027
0.031397
0.034940
0.038651
0.042526
0.046557
0.050741
0.055072
0.059544
0.064152
0.068892
0.073756
0.078741
0.083841
0.089050
0.094363
0.099775
0.105281
0.110874
0.116551
0.122305
0.128131
0.134024
0.139978
0.145988
0.152049
0.158156
0.164302
0.170484
0.176694
0.182929
0.189182
0.195449
0.201724
0.208002
0.214276
0.220543
0.226797
0.233031
0.239242
0.245423
0.251570
0.257676
0.263737
0.269748
0.275702
0.281595
0.287421
0.293175
0.298851
0.304445
0.309950
0.315362
0.320676
0.325885
0.330984
0.335969
0.340834
0.345573
0.350181
0.354654
0.358984
0.363168
0.367200
0.371074
0.374785
0.378329
0.381699
0.384890
0.387896
0.390714
0.393337
0.395759
0.397976
0.399983
0.401773
0.403342
0.404685
0.405795
0.406668
0.407299
0.407681
0.407811
0.407811
0.001999
0.001999
0.002133
0.002529
0.003182
0.004086
0.005236
0.006626
0.008250
0.010104
0.012181
0.014477
0.016985
0.019700
0.022617
0.025730
0.029033
0.032522
0.036190
0.040032
0.044043
0.048217
0.052548
0.057031
0.061661
0.066431
0.071337
0.076373
0.081533
0.086812
0.092205
0.097705
0.103307
0.109006
0.114796
0.120672
0.126629
0.132659
0.138759
0.144923
0.151144
0.157418
0.163739
0.170102
0.176500
0.182929
0.189383
0.195856
0.202343
0.208838
0.215336
0.221831
0.228318
0.234791
0.241245
0.247673
0.254072
0.260434
0.266755
0.273029
0.279251
0.285414
0.291514
0.297545
0.303501
0.309377
0.315167
0.320867
0.326469
0.331969
0.337361
0.342640
0.347801
0.352836
0.357742
0.362513
0.367142
0.371626
0.375957
0.380131
0.384141
0.387983
0.391652
0.395140
0.398444
0.401557
0.404474
0.407189
0.409697
0.411992
0.414070
0.415923
0.417548
0.418938
0.420087
0.420991
0.421644
0.422040
0.422174
0.422174
0.002084
0.002084
0.002223
0.002633
0.003308
0.004243
0.005432
0.006869
0.008549
0.010466
0.012615
0.014989
0.017583
0.020391
0.023407
0.026627
0.030043
0.033651
0.037444
0.041418
0.045565
0.049881
0.054360
0.058996
0.063784
0.068717
0.073790
0.078998
0.084334
0.089793
0.095369
0.101057
0.106850
0.112743
0.118730
0.124807
0.130966
0.137202
0.143509
0.149883
0.156316
0.162803
0.169340
0.175919
0.182535
0.189182
0.195856
0.202549
0.209257
0.215973
0.222692
0.229408
0.236116
0.242809
0.249483
0.256130
0.262746
0.269326
0.275862
0.282349
0.288783
0.295156
0.301463
0.307700
0.313859
0.319935
0.325922
0.331815
0.337609
0.343296
0.348872
0.354331
0.359667
0.364875
0.369948
0.374881
0.379669
0.384305
0.388784
0.393100
0.397247
0.401221
0.405014
0.408622
0.412038
0.415258
0.418274
0.421082
0.423676
0.426050
0.428199
0.430116
0.431796
0.433233
0.434422
0.435357
0.436032
0.436442
0.436581
0.436581
0.002170
0.002170
0.002313
0.002736
0.003434
0.004400
0.005628
0.007113
0.008849
0.010830
0.013049
0.015502
0.018182
0.021083
0.024199
0.027525
0.031055
0.034782
0.038701
0.042806
0.047091
0.051550
0.056177
0.060966
0.065912
0.071008
0.076249
0.081628
0.087141
0.092780
0.098540
0.104415
0.110400
0.116488
0.122673
0.128950
0.135312
0.141754
0.148269
0.154853
0.161498
0.168200
0.174952
0.181748
0.188582
0.195449
0.202343
0.209257
0.216186
0.223123
0.230064
0.237002
0.243931
0.250845
0.257738
0.264605
0.271440
0.278236
0.284987
0.291689
0.298335
0.304918
0.311434
0.317876
0.324238
0.330515
0.336700
0.342787
0.348772
0.354647
0.360407
0.366047
0.371559
0.376939
0.382179
0.387276
0.392221
0.397011
0.401638
0.406097
0.410382
0.414486
0.418405
0.422132
0.425662
0.428988
0.432104
0.435005
0.437685
0.440138
0.442358
0.444338
0.446074
0.447559
0.448788
0.449754
0.450451
0.450874
0.451017
0.451017
0.002255
0.002255
0.002403
0.002840
0.003560
0.004557
0.005825
0.007358
0.009149
0.011194
0.013485
0.016016
0.018782
0.021776
0.024993
0.028425
0.032068
0.035915
0.039960
0.044196
0.048618
0.053220
0.057995
0.062938
0.068042
0.073302
0.078711
0.084262
0.089951
0.095771
0.101715
0.107779
0.113955
0.120237
0.126620
0.133098
0.139664
0.146312
0.153036
0.159830
0.166688
0.173604
0.180571
0.187585
0.194638
0.201724
0.208838
0.215973
0.223123
0.230283
0.237445
0.244605
0.251755
0.258890
0.266004
0.273091
0.280144
0.287157
0.294125
0.301041
0.307899
0.314693
0.321417
0.328065
0.334631
0.341108
0.347491
0.353774
0.359950
0.366013
0.371957
0.377777
0.383466
0.389018
0.394426
0.399686
0.404790
0.409733
0.414508
0.419110
0.423532
0.427769
0.431813
0.435660
0.439303
0.442736
0.445952
0.448946
0.451712
0.454244
0.456534
0.458579
0.460370
0.461903
0.463171
0.464168
0.464888
0.465325
0.465473
0.465473
0.002341
0.002341
0.002493
0.002944
0.003686
0.004714
0.006022
0.007602
0.009450
0.011558
0.013920
0.016530
0.019382
0.022470
0.025786
0.029326
0.033082
0.037048
0.041219
0.045587
0.050146
0.054891
0.059815
0.064911
0.070174
0.075597
0.081173
0.086897
0.092763
0.098763
0.104892
0.111144
0.117511
0.123989
0.130570
0.137248
0.144017
0.150871
0.157804
0.164809
0.171879
0.179010
0.186193
0.193424
0.200695
0.208002
0.215336
0.222692
0.230064
0.237445
0.244830
0.252211
0.259583
0.266940
0.274274
0.281580
0.288851
0.296082
0.303266
0.310396
0.317467
0.324472
0.331404
0.338258
0.345028
0.351706
0.358287
0.364764
0.371132
0.377383
0.383512
0.389513
0.395378
0.401102
0.406679
0.412102
0.417364
0.422461
0.427384
0.432129
0.436689
0.441057
0.445227
0.449193
0.452950
0.456489
0.459805
0.462893
0.465745
0.468355
0.470717
0.472825
0.474673
0.476253
0.477561
0.478589
0.479332
0.479782
0.479934
0.479934
0.002427
0.002427
0.002583
0.003048
0.003812
0.004872
0.006219
0.007847
0.009750
0.011922
0.014355
0.017045
0.019983
0.023163
0.026580
0.030226
0.034095
0.038181
0.042477
0.046977
0.051674
0.056561
0.061633
0.066883
0.072304
0.077890
0.083635
0.089531
0.095573
0.101754
0.108067
0.114507
0.121066
0.127738
0.134517
0.141396
0.148369
0.155429
0.162570
0.169785
0.177069
0.184413
0.191813
0.199261
0.206751
0.214276
0.221831
0.229408
0.237002
0.244605
0.252211
0.259815
0.267408
0.274985
0.282540
0.290066
0.297556
0.305004
0.312403
0.319748
0.327031
0.334246
0.341387
0.348447
0.355420
0.362299
0.369078
0.375750
0.382309
0.388749
0.395062
0.401243
0.407285
0.413181
0.418926
0.424512
0.429933
0.435183
0.440255
0.445142
0.449839
0.454339
0.458635
0.462721
0.466590
0.470237
0.473653
0.476834
0.479772
0.482461
0.484894
0.487066
0.488969
0.490598
0.491945
0.493004
0.493769
0.494233
0.494390
0.494390
0.002512
0.002512
0.002673
0.003151
0.003938
0.005029
0.006415
0.008091
0.010050
0.012285
0.014790
0.017558
0.020582
0.023855
0.027372
0.031125
0.035107
0.039312
0.043734
0.048365
0.053199
0.058230
0.063450
0.068853
0.074432
0.080181
0.086093
0.092162
0.098380
0.104741
0.111239
0.117866
0.124616
0.131483
0.138460
0.145539
0.152715
0.159981
0.167330
0.174756
0.182251
0.189810
0.197425
0.205090
0.212798
0.220543
0.228318
0.236116
0.243931
0.251755
0.259583
0.267408
0.275223
0.283021
0.290796
0.298540
0.306249
0.313914
0.321529
0.329087
0.336583
0.344008
0.351357
0.358623
0.365799
0.372879
0.379856
0.386722
0.393473
0.400100
0.406598
0.412959
0.419177
0.425245
0.431157
0.436906
0.442486
0.447889
0.453109
0.458139
0.462974
0.467605
0.472026
0.476232
0.480214
0.483967
0.487483
0.490757
0.493781
0.496548
0.499053
0.501288
0.503247
0.504923
0.506310
0.507400
0.508187
0.508665
0.508827
0.508827
0.002597
0.002597
0.002763
0.003254
0.004064
0.005185
0.006611
0.008335
0.010349
0.012648
0.015224
0.018070
0.021180
0.024546
0.028162
0.032021
0.036117
0.040441
0.044988
0.049750
0.054721
0.059894
0.065262
0.070818
0.076555
0.082467
0.088546
0.094787
0.101181
0.107722
0.114403
0.121218
0.128159
0.135220
0.142393
0.149673
0.157052
0.164523
0.172080
0.179716
0.187423
0.195195
0.203025
0.210907
0.218833
0.226797
0.234791
0.242809
0.250845
0.258890
0.266940
0.274985
0.283021
0.291039
0.299034
0.306997
0.314923
0.322805
0.330635
0.338407
0.346114
0.353750
0.361307
0.368778
0.376157
0.383437
0.390610
0.397671
0.404612
0.411427
0.418108
0.424649
0.431043
0.437284
0.443363
0.449275
0.455012
0.460568
0.465936
0.471109
0.476080
0.480842
0.485389
0.489713
0.493809
0.497668
0.501284
0.504650
0.507760
0.510606
0.513182
0.515481
0.517495
0.519219
0.520645
0.521766
0.522576
0.523067
0.523233
0.523233
0.002682
0.002682
0.002852
0.003357
0.004189
0.005341
0.006806
0.008577
0.010647
0.013009
0.015656
0.018580
0.021776
0.025235
0.028950
0.032915
0.037123
0.041566
0.046238
0.051131
0.056239
0.061554
0.067069
0.072777
0.078672
0.084746
0.090992
0.097403
0.103973
0.110693
0.117558
0.124559
0.131691
0.138945
0.146316
0.153795
0.161376
0.169052
0.176816
0.184661
0.192579
0.200564
0.208609
0.216706
0.224849
0.233031
0.241245
0.249483
0.257738
0.266004
0.274274
0.282540
0.290796
0.299034
0.307247
0.315429
0.323572
0.331669
0.339714
0.347699
0.355618
0.363462
0.371226
0.378902
0.386483
0.393963
0.401333
0.408587
0.415719
0.422720
0.429585
0.436305
0.442875
0.449286
0.455532
0.461606
0.467501
0.473209
0.478725
0.484039
0.489147
0.494040
0.498712
0.503155
0.507363
0.511328
0.515044
0.518502
0.521698
0.524622
0.527269
0.529631
0.531701
0.533472
0.534937
0.536089
0.536921
0.537426
0.537597
0.537597
0.002766
0.002766
0.002941
0.003459
0.004313
0.005496
0.007000
0.008819
0.010944
0.013369
0.016086
0.019089
0.022369
0.025920
0.029735
0.033806
0.038125
0.042687
0.047483
0.052507
0.057750
0.063206
0.068868
0.074729
0.080780
0.087016
0.093428
0.100010
0.106754
0.113653
0.120700
0.127888
0.135209
0.142656
0.150223
0.157901
0.165683
0.173563
0.181533
0.189586
0.197715
0.205912
0.214171
0.222483
0.230843
0.239242
0.247673
0.256130
0.264605
0.273091
0.281580
0.290066
0.298540
0.306997
0.315429
0.323828
0.332187
0.340500
0.348758
0.356956
0.365084
0.373137
0.381107
0.388987
0.396770
0.404448
0.412014
0.419462
0.426783
0.433970
0.441017
0.447916
0.454661
0.461242
0.467655
0.473890
0.479942
0.485802
0.491464
0.496920
0.502164
0.507187
0.511984
0.516545
0.520865
0.524936
0.528750
0.532302
0.535582
0.538584
0.541302
0.543727
0.545852
0.547670
0.549174
0.550357
0.551212
0.551730
0.551905
0.551905
0.002849
0.002849
0.003029
0.003560
0.004437
0.005650
0.007193
0.009059
0.011239
0.013726
0.016514
0.019594
0.022959
0.026602
0.030515
0.034691
0.039123
0.043802
0.048722
0.053875
0.059254
0.064851
0.070659
0.076671
0.082879
0.089275
0.095853
0.102604
0.109522
0.116599
0.123828
0.131201
0.138711
0.146350
0.154111
0.161987
0.169970
0.178053
0.186228
0.194489
0.202827
0.211235
0.219706
0.228233
0.236808
0.245423
0.254072
0.262746
0.271440
0.280144
0.288851
0.297556
0.306249
0.314923
0.323572
0.332187
0.340762
0.349289
0.357760
0.366168
0.374506
0.382767
0.390942
0.399025
0.407008
0.414884
0.422645
0.430285
0.437794
0.445167
0.452396
0.459473
0.466391
0.473142
0.479720
0.486116
0.492324
0.498336
0.504144
0.509741
0.515120
0.520273
0.525193
0.529872
0.534304
0.538480
0.542393
0.546036
0.549401
0.552481
0.555269
0.557756
0.559936
0.561802
0.563345
0.564558
0.565435
0.565966
0.566146
0.566146
0.002931
0.002931
0.003116
0.003661
0.004559
0.005803
0.007385
0.009297
0.011532
0.014082
0.016939
0.020096
0.023546
0.027280
0.031291
0.035572
0.040114
0.044911
0.049954
0.055236
0.060749
0.066487
0.072440
0.078602
0.084965
0.091521
0.098263
0.105184
0.112275
0.119528
0.126938
0.134495
0.142192
0.150022
0.157977
0.166050
0.174233
0.182517
0.190897
0.199364
0.207910
0.216528
0.225211
0.233951
0.242739
0.251570
0.260434
0.269326
0.278236
0.287157
0.296082
0.305004
0.313914
0.322805
0.331669
0.340500
0.349289
0.358028
0.366711
0.375329
0.383876
0.392342
0.400722
0.409007
0.417189
0.425262
0.433217
0.441047
0.448744
0.456301
0.463711
0.470965
0.478056
0.484976
0.491718
0.498274
0.504637
0.510799
0.516752
0.522490
0.528003
0.533285
0.538328
0.543125
0.547667
0.551948
0.555959
0.559693
0.563143
0.566300
0.569157
0.571707
0.573942
0.575854
0.577436
0.578680
0.579578
0.580124
0.580308
0.580308
0.003013
0.003013
0.003201
0.003760
0.004680
0.005954
0.007574
0.009533
0.011822
0.014434
0.017361
0.020595
0.024129
0.027953
0.032062
0.036446
0.041099
0.046012
0.051177
0.056588
0.062235
0.068111
0.074209
0.080520
0.087037
0.093753
0.100658
0.107746
0.115009
0.122438
0.130027
0.137767
0.145651
0.153671
0.161819
0.170087
0.178467
0.186953
0.195535
0.204207
0.212960
0.221787
0.230680
0.239631
0.248632
0.257676
0.266755
0.275862
0.284987
0.294125
0.303266
0.312403
0.321529
0.330635
0.339714
0.348758
0.357760
0.366711
0.375604
0.384431
0.393184
0.401856
0.410438
0.418923
0.427304
0.435572
0.443720
0.451739
0.459623
0.467363
0.474952
0.482382
0.489644
0.496732
0.503638
0.510353
0.516870
0.523182
0.529279
0.535156
0.540803
0.546213
0.551379
0.556291
0.560944
0.565329
0.569437
0.573262
0.576795
0.580029
0.582956
0.585568
0.587857
0.589816
0.591436
0.592710
0.593631
0.594189
0.594378
0.594378
0.003093
0.003093
0.003286
0.003858
0.004800
0.006104
0.007762
0.009767
0.012110
0.014784
0.017780
0.021090
0.024706
0.028621
0.032826
0.037314
0.042076
0.047104
0.052391
0.057929
0.063709
0.069723
0.075964
0.082424
0.089094
0.095967
0.103035
0.110289
0.117722
0.125326
0.133093
0.141015
0.149084
0.157292
0.165631
0.174093
0.182670
0.191355
0.200138
0.209014
0.217972
0.227006
0.236107
0.245268
0.254481
0.263737
0.273029
0.282349
0.291689
0.301041
0.310396
0.319748
0.329087
0.338407
0.347699
0.356956
0.366168
0.375329
0.384431
0.393465
0.402423
0.411298
0.420082
0.428767
0.437344
0.445806
0.454145
0.462353
0.470421
0.478343
0.486110
0.493714
0.501148
0.508402
0.515470
0.522343
0.529013
0.535472
0.541714
0.547728
0.553508
0.559045
0.564332
0.569361
0.574123
0.578610
0.582816
0.586730
0.590347
0.593657
0.596653
0.599326
0.601669
0.603674
0.605333
0.606637
0.607579
0.608150
0.608343
0.608343
0.003172
0.003172
0.003370
0.003955
0.004918
0.006252
0.007948
0.009999
0.012395
0.015130
0.018194
0.021580
0.025279
0.029283
0.033584
0.038174
0.043044
0.048187
0.053595
0.059258
0.065170
0.071321
0.077704
0.084311
0.091133
0.098163
0.105391
0.112811
0.120413
0.128190
0.136134
0.144236
0.152488
0.160883
0.169411
0.178066
0.186838
0.195720
0.204703
0.213780
0.222942
0.232182
0.241490
0.250859
0.260281
0.269748
0.279251
0.288783
0.298335
0.307899
0.317467
0.327031
0.336583
0.346114
0.355618
0.365084
0.374506
0.383876
0.393184
0.402423
0.411585
0.420662
0.429646
0.438527
0.447300
0.455954
0.464483
0.472877
0.481130
0.489232
0.497175
0.504952
0.512555
0.519974
0.527203
0.534232
0.541054
0.547661
0.554044
0.560195
0.566107
0.571771
0.577178
0.582321
0.587192
0.591781
0.596083
0.600087
0.603786
0.607171
0.610235
0.612970
0.615366
0.617417
0.619113
0.620447
0.621411
0.621995
0.622193
0.622193
0.003250
0.003250
0.003452
0.004050
0.005034
0.006398
0.008132
0.010228
0.012677
0.015472
0.018604
0.022065
0.025845
0.029938
0.034334
0.039025
0.044003
0.049260
0.054787
0.060575
0.066617
0.072904
0.079428
0.086181
0.093153
0.100337
0.107725
0.115308
0.123078
0.131027
0.139145
0.147426
0.155860
0.164440
0.173156
0.182001
0.190967
0.200044
0.209225
0.218502
0.227866
0.237309
0.246822
0.256397
0.266027
0.275702
0.285414
0.295156
0.304918
0.314693
0.324472
0.334246
0.344008
0.353750
0.363462
0.373137
0.382767
0.392342
0.401856
0.411298
0.420662
0.429939
0.439120
0.448198
0.457163
0.466008
0.474725
0.483304
0.491738
0.500019
0.508138
0.516086
0.523856
0.531439
0.538827
0.546011
0.552984
0.559736
0.566260
0.572547
0.578589
0.584378
0.589904
0.595161
0.600139
0.604830
0.609226
0.613319
0.617100
0.620560
0.623692
0.626487
0.628936
0.631032
0.632766
0.634130
0.635114
0.635712
0.635914
0.635914
0.003327
0.003327
0.003533
0.004143
0.005149
0.006542
0.008313
0.010454
0.012956
0.015810
0.019009
0.022544
0.026406
0.030586
0.035076
0.039867
0.044952
0.050321
0.055966
0.061878
0.068049
0.074470
0.081134
0.088030
0.095152
0.102490
0.110035
0.117780
0.125716
0.133834
0.142126
0.150583
0.159197
0.167960
0.176862
0.185896
0.195053
0.204324
0.213701
0.223175
0.232739
0.242383
0.252099
0.261879
0.271713
0.281595
0.291514
0.301463
0.311434
0.321417
0.331404
0.341387
0.351357
0.361307
0.371226
0.381107
0.390942
0.400722
0.410438
0.420082
0.429646
0.439120
0.448497
0.457768
0.466925
0.475959
0.484861
0.493624
0.502238
0.510695
0.518987
0.527105
0.535041
0.542786
0.550331
0.557669
0.564791
0.571687
0.578350
0.584772
0.590943
0.596855
0.602500
0.607869
0.612954
0.617745
0.622235
0.626415
0.630277
0.633811
0.637010
0.639865
0.642367
0.644508
0.646279
0.647672
0.648678
0.649288
0.649494
0.649494
0.003402
0.003402
0.003612
0.004235
0.005262
0.006683
0.008491
0.010676
0.013230
0.016144
0.019409
0.023017
0.026959
0.031225
0.035809
0.040699
0.045889
0.051369
0.057131
0.063165
0.069464
0.076018
0.082819
0.089859
0.097127
0.104617
0.112318
0.120223
0.128323
0.136609
0.145072
0.153704
0.162496
0.171440
0.180526
0.189746
0.199092
0.208555
0.218125
0.227795
0.237556
0.247400
0.257316
0.267298
0.277336
0.287421
0.297545
0.307700
0.317876
0.328065
0.338258
0.348447
0.358623
0.368778
0.378902
0.388987
0.399025
0.409007
0.418923
0.428767
0.438527
0.448198
0.457768
0.467231
0.476577
0.485797
0.494883
0.503827
0.512619
0.521251
0.529714
0.538000
0.546100
0.554005
0.561706
0.569196
0.576464
0.583503
0.590305
0.596859
0.603158
0.609192
0.614954
0.620434
0.625624
0.630514
0.635097
0.639364
0.643306
0.646913
0.650179
0.653093
0.655646
0.657832
0.659639
0.661061
0.662088
0.662711
0.662921
0.662921
0.003475
0.003475
0.003690
0.004325
0.005372
0.006822
0.008667
0.010896
0.013501
0.016473
0.019804
0.023484
0.027505
0.031857
0.036532
0.041520
0.046814
0.052404
0.058281
0.064436
0.070861
0.077547
0.084484
0.091664
0.099078
0.106717
0.114573
0.122636
0.130898
0.139349
0.147982
0.156786
0.165754
0.174876
0.184144
0.193549
0.203081
0.212733
0.222495
0.232358
0.242314
0.252354
0.262469
0.272650
0.282888
0.293175
0.303501
0.313859
0.324238
0.334631
0.345028
0.355420
0.365799
0.376157
0.386483
0.396770
0.407008
0.417189
0.427304
0.437344
0.447300
0.457163
0.466925
0.476577
0.486109
0.495514
0.504782
0.513904
0.522872
0.531676
0.540309
0.548760
0.557022
0.565085
0.572941
0.580580
0.587994
0.595174
0.602111
0.608797
0.615222
0.621377
0.627254
0.632844
0.638137
0.643126
0.647801
0.652153
0.656174
0.659854
0.663185
0.666157
0.668762
0.670991
0.672835
0.674286
0.675333
0.675968
0.676183
0.676183
0.003546
0.003546
0.003765
0.004413
0.005481
0.006959
0.008839
0.011111
0.013767
0.016797
0.020192
0.023944
0.028042
0.032479
0.037244
0.042330
0.047726
0.053424
0.059415
0.065690
0.072239
0.079054
0.086125
0.093445
0.101002
0.108789
0.116797
0.125016
0.133437
0.142052
0.150852
0.159827
0.168968
0.178266
0.187714
0.197300
0.207017
0.216855
0.226806
0.236860
0.247008
0.257242
0.267552
0.277930
0.288366
0.298851
0.309377
0.319935
0.330515
0.341108
0.351706
0.362299
0.372879
0.383437
0.393963
0.404448
0.414884
0.425262
0.435572
0.445806
0.455954
0.466008
0.475959
0.485797
0.495514
0.505100
0.514547
0.523846
0.532987
0.541962
0.550761
0.559376
0.567798
0.576017
0.584024
0.591812
0.599369
0.606688
0.613760
0.620575
0.627124
0.633398
0.639389
0.645087
0.650484
0.655569
0.660335
0.664771
0.668870
0.672621
0.676017
0.679047
0.681702
0.683975
0.685855
0.687333
0.688401
0.689048
0.689267
0.689267
0.003616
0.003616
0.003839
0.004499
0.005587
0.007093
0.009008
0.011323
0.014028
0.017115
0.020574
0.024396
0.028572
0.033091
0.037946
0.043127
0.048624
0.054429
0.060532
0.066924
0.073596
0.080539
0.087743
0.095199
0.102898
0.110830
0.118988
0.127361
0.135940
0.144716
0.153680
0.162822
0.172134
0.181607
0.191231
0.200996
0.210895
0.220917
0.231053
0.241295
0.251633
0.262058
0.272561
0.283132
0.293763
0.304445
0.315167
0.325922
0.336700
0.347491
0.358287
0.369078
0.379856
0.390610
0.401333
0.412014
0.422645
0.433217
0.443720
0.454145
0.464483
0.474725
0.484861
0.494883
0.504782
0.514547
0.524171
0.533643
0.542955
0.552098
0.561062
0.569838
0.578417
0.586790
0.594947
0.602880
0.610579
0.618035
0.625239
0.632181
0.638853
0.645245
0.651349
0.657153
0.662651
0.667832
0.672686
0.677206
0.681382
0.685203
0.688662
0.691749
0.694455
0.696770
0.698685
0.700191
0.701279
0.701939
0.702162
0.702162
0.003683
0.003683
0.003911
0.004583
0.005690
0.007223
0.009173
0.011530
0.014285
0.017428
0.020950
0.024841
0.029092
0.033693
0.038636
0.043911
0.049508
0.055418
0.061631
0.068139
0.074931
0.082000
0.089334
0.096925
0.104763
0.112839
0.121144
0.129668
0.138402
0.147337
0.156463
0.165771
0.175251
0.184894
0.194692
0.204634
0.214711
0.224914
0.235234
0.245660
0.256185
0.266798
0.277491
0.288253
0.299076
0.309950
0.320867
0.331815
0.342787
0.353774
0.364764
0.375750
0.386722
0.397671
0.408587
0.419462
0.430285
0.441047
0.451739
0.462353
0.472877
0.483304
0.493624
0.503827
0.513904
0.523846
0.533643
0.543287
0.552767
0.562075
0.571201
0.580136
0.588870
0.597394
0.605699
0.613775
0.621613
0.629204
0.636538
0.643606
0.650399
0.656907
0.663120
0.669030
0.674627
0.679902
0.684844
0.689446
0.693697
0.697588
0.701110
0.704253
0.707007
0.709364
0.711314
0.712848
0.713955
0.714627
0.714854
0.714854
0.003749
0.003749
0.003980
0.004664
0.005791
0.007351
0.009335
0.011733
0.014536
0.017734
0.021318
0.025277
0.029602
0.034284
0.039314
0.044680
0.050375
0.056389
0.062711
0.069332
0.076243
0.083435
0.090897
0.098621
0.106596
0.114813
0.123263
0.131936
0.140822
0.149913
0.159198
0.168668
0.178314
0.188126
0.198094
0.208210
0.218463
0.228844
0.239343
0.249952
0.260660
0.271458
0.282337
0.293287
0.304299
0.315362
0.326469
0.337609
0.348772
0.359950
0.371132
0.382309
0.393473
0.404612
0.415719
0.426783
0.437794
0.448744
0.459623
0.470421
0.481130
0.491738
0.502238
0.512619
0.522872
0.532987
0.542955
0.552767
0.562413
0.571883
0.581168
0.590259
0.599145
0.607818
0.616268
0.624486
0.632461
0.640184
0.647646
0.654838
0.661749
0.668371
0.674693
0.680706
0.686401
0.691768
0.696797
0.701479
0.705805
0.709764
0.713347
0.716545
0.719348
0.721746
0.723730
0.725290
0.726417
0.727101
0.727332
0.727332
0.003812
0.003812
0.004048
0.004743
0.005889
0.007475
0.009493
0.011932
0.014782
0.018034
0.021678
0.025704
0.030103
0.034864
0.039978
0.045435
0.051226
0.057341
0.063770
0.070503
0.077531
0.084844
0.092432
0.100285
0.108395
0.116751
0.125343
0.134162
0.143198
0.152442
0.161883
0.171513
0.181321
0.191298
0.201434
0.211720
0.222145
0.232701
0.243377
0.254164
0.265053
0.276033
0.287095
0.298229
0.309426
0.320676
0.331969
0.343296
0.354647
0.366013
0.377383
0.388749
0.400100
0.411427
0.422720
0.433970
0.445167
0.456301
0.467363
0.478343
0.489232
0.500019
0.510695
0.521251
0.531676
0.541962
0.552098
0.562075
0.571883
0.581513
0.590954
0.600198
0.609234
0.618053
0.626646
0.635001
0.643111
0.650964
0.658552
0.665865
0.672893
0.679626
0.686055
0.692170
0.697961
0.703418
0.708532
0.713293
0.717692
0.721718
0.725362
0.728614
0.731464
0.733903
0.735921
0.737507
0.738653
0.739349
0.739584
0.739584
0.003874
0.003874
0.004113
0.004819
0.005984
0.007596
0.009647
0.012126
0.015022
0.018327
0.022031
0.026122
0.030592
0.035431
0.040628
0.046175
0.052060
0.058274
0.064807
0.071650
0.078792
0.086224
0.093935
0.101917
0.110158
0.118650
0.127381
0.136344
0.145527
0.154921
0.164515
0.174301
0.184269
0.194408
0.204708
0.215161
0.225756
0.236483
0.247332
0.258294
0.269359
0.280518
0.291759
0.303074
0.314452
0.325885
0.337361
0.348872
0.360407
0.371957
0.383512
0.395062
0.406598
0.418108
0.429585
0.441017
0.452396
0.463711
0.474952
0.486110
0.497175
0.508138
0.518987
0.529714
0.540309
0.550761
0.561062
0.571201
0.581168
0.590954
0.600549
0.609943
0.619126
0.628088
0.636820
0.645312
0.653553
0.661534
0.669246
0.676677
0.683820
0.690662
0.697196
0.703410
0.709295
0.714841
0.720039
0.724877
0.729347
0.733439
0.737142
0.740447
0.743344
0.745823
0.747873
0.749486
0.750650
0.751357
0.751596
0.751596
0.003933
0.003933
0.004175
0.004893
0.006076
0.007714
0.009797
0.012314
0.015256
0.018613
0.022375
0.026531
0.031071
0.035986
0.041265
0.046898
0.052875
0.059187
0.065823
0.072773
0.080027
0.087575
0.095407
0.103513
0.111884
0.120508
0.129377
0.138479
0.147806
0.157347
0.167092
0.177031
0.187154
0.197452
0.207914
0.218530
0.229290
0.240185
0.251204
0.262337
0.273575
0.284908
0.296325
0.307817
0.319373
0.330984
0.342640
0.354331
0.366047
0.377777
0.389513
0.401243
0.412959
0.424649
0.436305
0.447916
0.459473
0.470965
0.482382
0.493714
0.504952
0.516086
0.527105
0.538000
0.548760
0.559376
0.569838
0.580136
0.590259
0.600198
0.609943
0.619484
0.628811
0.637913
0.646782
0.655406
0.663777
0.671883
0.679715
0.687263
0.694517
0.701467
0.708103
0.714415
0.720392
0.726025
0.731304
0.736219
0.740759
0.744915
0.748676
0.752033
0.754976
0.757493
0.759576
0.761214
0.762397
0.763114
0.763357
0.763357
0.003989
0.003989
0.004235
0.004964
0.006165
0.007828
0.009942
0.012498
0.015484
0.018892
0.022710
0.026929
0.031538
0.036527
0.041885
0.047604
0.053671
0.060078
0.066814
0.073869
0.081232
0.088894
0.096845
0.105073
0.113570
0.122324
0.131326
0.140566
0.150033
0.159718
0.169610
0.179699
0.189974
0.200427
0.211046
0.221822
0.232744
0.243803
0.254988
0.266289
0.277696
0.289200
0.300788
0.312453
0.324183
0.335969
0.347801
0.359667
0.371559
0.383466
0.395378
0.407285
0.419177
0.431043
0.442875
0.454661
0.466391
0.478056
0.489644
0.501148
0.512555
0.523856
0.535041
0.546100
0.557022
0.567798
0.578417
0.588870
0.599145
0.609234
0.619126
0.628811
0.638278
0.647518
0.656520
0.665274
0.673771
0.681999
0.689950
0.697611
0.704975
0.712030
0.718766
0.725173
0.731240
0.736958
0.742317
0.747306
0.751915
0.756134
0.759952
0.763360
0.766346
0.768902
0.771016
0.772679
0.773880
0.774608
0.774855
0.774855
0.004043
0.004043
0.004293
0.005032
0.006251
0.007938
0.010083
0.012676
0.015706
0.019163
0.023037
0.027317
0.031993
0.037054
0.042490
0.048292
0.054448
0.060947
0.067781
0.074938
0.082409
0.090182
0.098247
0.106595
0.115215
0.124096
0.133229
0.142602
0.152207
0.162032
0.172067
0.182301
0.192726
0.203330
0.214103
0.225035
0.236115
0.247334
0.258681
0.270146
0.281718
0.293387
0.305144
0.316978
0.328878
0.340834
0.352836
0.364875
0.376939
0.389018
0.401102
0.413181
0.425245
0.437284
0.449286
0.461242
0.473142
0.484976
0.496732
0.508402
0.519974
0.531439
0.542786
0.554005
0.565085
0.576017
0.586790
0.597394
0.607818
0.618053
0.628088
0.637913
0.647518
0.656891
0.666024
0.674905
0.683525
0.691873
0.699938
0.707711
0.715182
0.722339
0.729172
0.735672
0.741828
0.747629
0.753066
0.758127
0.762803
0.767083
0.770957
0.774414
0.777444
0.780037
0.782182
0.783869
0.785087
0.785827
0.786077
0.786077
0.004095
0.004095
0.004348
0.005098
0.006333
0.008044
0.010219
0.012848
0.015920
0.019426
0.023354
0.027694
0.032435
0.037567
0.043079
0.048961
0.055203
0.061793
0.068722
0.075979
0.083554
0.091435
0.099613
0.108077
0.116817
0.125822
0.135081
0.144585
0.154323
0.164285
0.174460
0.184837
0.195406
0.206158
0.217081
0.228165
0.239399
0.250774
0.262278
0.273902
0.285636
0.297467
0.309387
0.321385
0.333451
0.345573
0.357742
0.369948
0.382179
0.394426
0.406679
0.418926
0.431157
0.443363
0.455532
0.467655
0.479720
0.491718
0.503638
0.515470
0.527203
0.538827
0.550331
0.561706
0.572941
0.584024
0.594947
0.605699
0.616268
0.626646
0.636820
0.646782
0.656520
0.666024
0.675284
0.684289
0.693028
0.701492
0.709670
0.717552
0.725126
0.732383
0.739312
0.745902
0.752144
0.758026
0.763538
0.768670
0.773412
0.777751
0.781679
0.785185
0.788257
0.790886
0.793061
0.794772
0.796007
0.796757
0.797010
0.797010
0.004144
0.004144
0.004401
0.005160
0.006412
0.008146
0.010350
0.013014
0.016128
0.019681
0.023661
0.028059
0.032864
0.038064
0.043650
0.049611
0.055937
0.062615
0.069637
0.076991
0.084666
0.092653
0.100940
0.109517
0.118374
0.127499
0.136882
0.146513
0.156381
0.166476
0.176786
0.187302
0.198012
0.208907
0.219976
0.231208
0.242592
0.254118
0.265776
0.277555
0.289445
0.301434
0.313513
0.325671
0.337897
0.350181
0.362513
0.374881
0.387276
0.399686
0.412102
0.424512
0.436906
0.449275
0.461606
0.473890
0.486116
0.498274
0.510353
0.522343
0.534232
0.546011
0.557669
0.569196
0.580580
0.591812
0.602880
0.613775
0.624486
0.635001
0.645312
0.655406
0.665274
0.674905
0.684289
0.693414
0.702270
0.710847
0.719134
0.727121
0.734797
0.742151
0.749172
0.755851
0.762176
0.768137
0.773723
0.778924
0.783728
0.788126
0.792107
0.795659
0.798773
0.801437
0.803641
0.805375
0.806627
0.807387
0.807643
0.807643
0.004190
0.004190
0.004451
0.005220
0.006488
0.008244
0.010476
0.013175
0.016329
0.019927
0.023958
0.028413
0.033279
0.038546
0.044204
0.050241
0.056648
0.063412
0.070523
0.077971
0.085745
0.093834
0.102228
0.110914
0.119884
0.129126
0.138629
0.148384
0.158378
0.168601
0.179044
0.189694
0.200541
0.211575
0.222785
0.234160
0.245690
0.257364
0.269171
0.281100
0.293141
0.305284
0.317517
0.329830
0.342213
0.354654
0.367142
0.379669
0.392221
0.404790
0.417364
0.429933
0.442486
0.455012
0.467501
0.479942
0.492324
0.504637
0.516870
0.529013
0.541054
0.552984
0.564791
0.576464
0.587994
0.599369
0.610579
0.621613
0.632461
0.643111
0.653553
0.663777
0.673771
0.683525
0.693028
0.702270
0.711240
0.719927
0.728320
0.736409
0.744183
0.751631
0.758742
0.765507
0.771913
0.777950
0.783608
0.788875
0.793742
0.798196
0.802228
0.805826
0.808979
0.811678
0.813910
0.815666
0.816934
0.817704
0.817964
0.817964
0.004234
0.004234
0.004498
0.005277
0.006560
0.008338
0.010598
0.013329
0.016522
0.020164
0.024245
0.028754
0.033680
0.039012
0.044739
0.050851
0.057335
0.064183
0.071381
0.078920
0.086790
0.094977
0.103474
0.112267
0.121346
0.130701
0.140321
0.150194
0.160311
0.170659
0.181229
0.192009
0.202989
0.214158
0.225505
0.237019
0.248690
0.260506
0.272457
0.284533
0.296721
0.309012
0.321394
0.333858
0.346391
0.358984
0.371626
0.384305
0.397011
0.409733
0.422461
0.435183
0.447889
0.460568
0.473209
0.485802
0.498336
0.510799
0.523182
0.535472
0.547661
0.559736
0.571687
0.583503
0.595174
0.606688
0.618035
0.629204
0.640184
0.650964
0.661534
0.671883
0.681999
0.691873
0.701492
0.710847
0.719927
0.728720
0.737216
0.745404
0.753273
0.760812
0.768011
0.774858
0.781343
0.787454
0.793181
0.798513
0.803439
0.807948
0.812029
0.815672
0.818864
0.821596
0.823856
0.825633
0.826917
0.827696
0.827959
0.827959
0.004275
0.004275
0.004542
0.005330
0.006629
0.008427
0.010714
0.013477
0.016707
0.020392
0.024521
0.029083
0.034067
0.039461
0.045255
0.051438
0.057999
0.064926
0.072209
0.079837
0.087798
0.096081
0.104677
0.113573
0.122758
0.132222
0.141954
0.151943
0.162178
0.172647
0.183340
0.194246
0.205354
0.216654
0.228133
0.239781
0.251588
0.263542
0.275633
0.287849
0.300179
0.312613
0.325140
0.337749
0.350428
0.363168
0.375957
0.388784
0.401638
0.414508
0.427384
0.440255
0.453109
0.465936
0.478725
0.491464
0.504144
0.516752
0.529279
0.541714
0.554044
0.566260
0.578350
0.590305
0.602111
0.613760
0.625239
0.636538
0.647646
0.658552
0.669246
0.679715
0.689950
0.699938
0.709670
0.719134
0.728320
0.737216
0.745811
0.754095
0.762056
0.769683
0.776966
0.783894
0.790454
0.796637
0.802431
0.807826
0.812809
0.817371
0.821500
0.825185
0.828415
0.831179
0.833466
0.835264
0.836562
0.837351
0.837617
0.837617
0.004314
0.004314
0.004583
0.005380
0.006694
0.008512
0.010824
0.013619
0.016885
0.020611
0.024786
0.029399
0.034438
0.039893
0.045752
0.052004
0.058638
0.065642
0.073006
0.080718
0.088768
0.097144
0.105835
0.114830
0.124118
0.133688
0.143528
0.153628
0.163976
0.174562
0.185374
0.196401
0.207633
0.219058
0.230665
0.242443
0.254380
0.266467
0.278692
0.291044
0.303511
0.316084
0.328750
0.341498
0.354319
0.367200
0.380131
0.393100
0.406097
0.419110
0.432129
0.445142
0.458139
0.471109
0.484039
0.496920
0.509741
0.522490
0.535156
0.547728
0.560195
0.572547
0.584772
0.596859
0.608797
0.620575
0.632181
0.643606
0.654838
0.665865
0.676677
0.687263
0.697611
0.707711
0.717552
0.727121
0.736409
0.745404
0.754095
0.762471
0.770521
0.778233
0.785597
0.792602
0.799235
0.805487
0.811346
0.816801
0.821840
0.826453
0.830628
0.834354
0.837620
0.840415
0.842727
0.844545
0.845859
0.846656
0.846925
0.846925
0.004350
0.004350
0.004622
0.005428
0.006755
0.008593
0.010929
0.013754
0.017055
0.020820
0.025040
0.029702
0.034794
0.040307
0.046228
0.052546
0.059250
0.066329
0.073771
0.081565
0.089700
0.098165
0.106948
0.116038
0.125424
0.135095
0.145039
0.155246
0.165704
0.176401
0.187328
0.198472
0.209822
0.221368
0.233097
0.244999
0.257063
0.269278
0.281632
0.294114
0.306713
0.319418
0.332218
0.345101
0.358057
0.371074
0.384141
0.397247
0.410382
0.423532
0.436689
0.449839
0.462974
0.476080
0.489147
0.502164
0.515120
0.528003
0.540803
0.553508
0.566107
0.578589
0.590943
0.603158
0.615222
0.627124
0.638853
0.650399
0.661749
0.672893
0.683820
0.694517
0.704975
0.715182
0.725126
0.734797
0.744183
0.753273
0.762056
0.770521
0.778656
0.786450
0.793892
0.800971
0.807675
0.813993
0.819914
0.825427
0.830519
0.835181
0.839401
0.843166
0.846467
0.849292
0.851628
0.853466
0.854793
0.855599
0.855871
0.855871
0.004383
0.004383
0.004658
0.005472
0.006812
0.008669
0.011029
0.013882
0.017216
0.021020
0.025282
0.029990
0.035135
0.040703
0.046683
0.053065
0.059836
0.066986
0.074503
0.082376
0.090592
0.099142
0.108013
0.117195
0.126675
0.136443
0.146487
0.156796
0.167358
0.178163
0.189199
0.200455
0.211919
0.223580
0.235427
0.247449
0.259633
0.271970
0.284448
0.297055
0.309780
0.322612
0.335540
0.348553
0.361638
0.374785
0.387983
0.401221
0.414486
0.427769
0.441057
0.454339
0.467605
0.480842
0.494040
0.507187
0.520273
0.533285
0.546213
0.559045
0.571771
0.584378
0.596855
0.609192
0.621377
0.633398
0.645245
0.656907
0.668371
0.679626
0.690662
0.701467
0.712030
0.722339
0.732383
0.742151
0.751631
0.760812
0.769683
0.778233
0.786450
0.794322
0.801839
0.808989
0.815761
0.822142
0.828123
0.833691
0.838835
0.843544
0.847806
0.851610
0.854944
0.857797
0.860157
0.862013
0.863354
0.864167
0.864442
0.864442
0.004414
0.004414
0.004691
0.005513
0.006866
0.008740
0.011123
0.014003
0.017369
0.021209
0.025512
0.030265
0.035458
0.041079
0.047117
0.053559
0.060395
0.067613
0.075201
0.083149
0.091443
0.100074
0.109030
0.118298
0.127868
0.137729
0.147868
0.158275
0.168938
0.179845
0.190985
0.202348
0.213920
0.225692
0.237651
0.249787
0.262087
0.274541
0.287136
0.299863
0.312708
0.325662
0.338712
0.351848
0.365057
0.378329
0.391652
0.405014
0.418405
0.431813
0.445227
0.458635
0.472026
0.485389
0.498712
0.511984
0.525193
0.538328
0.551379
0.564332
0.577178
0.589904
0.602500
0.614954
0.627254
0.639389
0.651349
0.663120
0.674693
0.686055
0.697196
0.708103
0.718766
0.729172
0.739312
0.749172
0.758742
0.768011
0.776966
0.785597
0.793892
0.801839
0.809427
0.816645
0.823481
0.829924
0.835961
0.841582
0.846775
0.851529
0.855831
0.859671
0.863037
0.865917
0.868300
0.870174
0.871528
0.872349
0.872627
0.872627
0.004441
0.004441
0.004722
0.005550
0.006916
0.008807
0.011211
0.014117
0.017513
0.021388
0.025729
0.030526
0.035765
0.041437
0.047528
0.054029
0.060926
0.068208
0.075865
0.083883
0.092252
0.100960
0.109995
0.119347
0.129003
0.138951
0.149181
0.159681
0.170439
0.181444
0.192684
0.204148
0.215823
0.227700
0.239766
0.252010
0.264420
0.276985
0.289693
0.302533
0.315493
0.328562
0.341729
0.354981
0.368308
0.381699
0.395140
0.408622
0.422132
0.435660
0.449193
0.462721
0.476232
0.489713
0.503155
0.516545
0.529872
0.543125
0.556291
0.569361
0.582321
0.595161
0.607869
0.620434
0.632844
0.645087
0.657153
0.669030
0.680706
0.692170
0.703410
0.714415
0.725173
0.735672
0.745902
0.755851
0.765507
0.774858
0.783894
0.792602
0.800971
0.808989
0.816645
0.823928
0.830825
0.837325
0.843417
0.849088
0.854328
0.859124
0.863466
0.867340
0.870736
0.873642
0.876047
0.877937
0.879303
0.880132
0.880412
0.880412
0.004467
0.004467
0.004749
0.005585
0.006962
0.008869
0.011294
0.014224
0.017649
0.021556
0.025934
0.030771
0.036055
0.041774
0.047917
0.054472
0.061427
0.068771
0.076492
0.084578
0.093017
0.101798
0.110910
0.120340
0.130076
0.140109
0.150424
0.161012
0.171860
0.182957
0.194292
0.205851
0.217625
0.229602
0.241769
0.254115
0.266629
0.279299
0.292113
0.305061
0.318130
0.331308
0.344585
0.357949
0.371387
0.384890
0.398444
0.412038
0.425662
0.439303
0.452950
0.466590
0.480214
0.493809
0.507363
0.520865
0.534304
0.547667
0.560944
0.574123
0.587192
0.600139
0.612954
0.625624
0.638137
0.650484
0.662651
0.674627
0.686401
0.697961
0.709295
0.720392
0.731240
0.741828
0.752144
0.762176
0.771913
0.781343
0.790454
0.799235
0.807675
0.815761
0.823481
0.830825
0.837780
0.844335
0.850478
0.856197
0.861481
0.866318
0.870696
0.874603
0.878028
0.880958
0.883383
0.885290
0.886667
0.887503
0.887786
0.887786
0.004489
0.004489
0.004774
0.005617
0.007005
0.008927
0.011371
0.014324
0.017776
0.021714
0.026127
0.031002
0.036327
0.042091
0.048283
0.054889
0.061899
0.069301
0.077082
0.085231
0.093737
0.102587
0.111770
0.121274
0.131088
0.141198
0.151595
0.162266
0.173199
0.184383
0.195806
0.207457
0.219323
0.231393
0.243655
0.256098
0.268710
0.281479
0.294394
0.307443
0.320614
0.333896
0.347277
0.360745
0.374289
0.387896
0.401557
0.415258
0.428988
0.442736
0.456489
0.470237
0.483967
0.497668
0.511328
0.524936
0.538480
0.551948
0.565329
0.578610
0.591781
0.604830
0.617745
0.630514
0.643126
0.655569
0.667832
0.679902
0.691768
0.703418
0.714841
0.726025
0.736958
0.747629
0.758026
0.768137
0.777950
0.787454
0.796637
0.805487
0.813993
0.822142
0.829924
0.837325
0.844335
0.850942
0.857133
0.862897
0.868223
0.873098
0.877510
0.881448
0.884900
0.887854
0.890298
0.892220
0.893608
0.894450
0.894735
0.894735
0.004509
0.004509
0.004796
0.005645
0.007043
0.008980
0.011441
0.014417
0.017894
0.021861
0.026306
0.031217
0.036581
0.042388
0.048625
0.055279
0.062341
0.069796
0.077635
0.085844
0.094411
0.103326
0.112576
0.122150
0.132034
0.142219
0.152692
0.163440
0.174453
0.185719
0.197225
0.208961
0.220913
0.233071
0.245423
0.257956
0.270660
0.283522
0.296531
0.309675
0.322942
0.336320
0.349799
0.363365
0.377007
0.390714
0.404474
0.418274
0.432104
0.445952
0.459805
0.473653
0.487483
0.501284
0.515044
0.528750
0.542393
0.555959
0.569437
0.582816
0.596083
0.609226
0.622235
0.635097
0.647801
0.660335
0.672686
0.684844
0.696797
0.708532
0.720039
0.731304
0.742317
0.753066
0.763538
0.773723
0.783608
0.793181
0.802431
0.811346
0.819914
0.828123
0.835961
0.843417
0.850478
0.857133
0.863370
0.869176
0.874541
0.879451
0.883896
0.887863
0.891341
0.894316
0.896778
0.898714
0.900112
0.900961
0.901248
0.901248
0.004527
0.004527
0.004816
0.005670
0.007078
0.009028
0.011506
0.014502
0.018003
0.021997
0.026472
0.031416
0.036817
0.042663
0.048942
0.055642
0.062751
0.070257
0.078148
0.086413
0.095038
0.104013
0.113326
0.122964
0.132915
0.143169
0.153712
0.164533
0.175620
0.186962
0.198546
0.210360
0.222393
0.234633
0.247068
0.259686
0.272475
0.285424
0.298520
0.311752
0.325109
0.338577
0.352146
0.365803
0.379538
0.393337
0.407189
0.421082
0.435005
0.448946
0.462893
0.476834
0.490757
0.504650
0.518502
0.532302
0.546036
0.559693
0.573262
0.586730
0.600087
0.613319
0.626415
0.639364
0.652153
0.664771
0.677206
0.689446
0.701479
0.713293
0.724877
0.736219
0.747306
0.758127
0.768670
0.778924
0.788875
0.798513
0.807826
0.816801
0.825427
0.833691
0.841582
0.849088
0.856197
0.862897
0.869176
0.875022
0.880423
0.885367
0.889842
0.893836
0.897337
0.900333
0.902811
0.904761
0.906169
0.907023
0.907312
0.907312
0.004542
0.004542
0.004833
0.005693
0.007110
0.009071
0.011565
0.014580
0.018103
0.022121
0.026624
0.031599
0.037034
0.042916
0.049234
0.055976
0.063129
0.070682
0.078622
0.086938
0.095617
0.104647
0.114018
0.123715
0.133729
0.144045
0.154654
0.165542
0.176698
0.188109
0.199765
0.211652
0.223760
0.236075
0.248587
0.261283
0.274151
0.287180
0.300357
0.313671
0.327110
0.340662
0.354314
0.368056
0.381875
0.395759
0.409697
0.423676
0.437685
0.451712
0.465745
0.479772
0.493781
0.507760
0.521698
0.535582
0.549401
0.563143
0.576795
0.590347
0.603786
0.617100
0.630277
0.643306
0.656174
0.668870
0.681382
0.693697
0.705805
0.717692
0.729347
0.740759
0.751915
0.762803
0.773412
0.783728
0.793742
0.803439
0.812809
0.821840
0.830519
0.838835
0.846775
0.854328
0.861481
0.868223
0.874541
0.880423
0.885858
0.890833
0.895335
0.899354
0.902877
0.905892
0.908386
0.910347
0.911764
0.912624
0.912914
0.912914
0.004556
0.004556
0.004848
0.005713
0.007137
0.009110
0.011618
0.014650
0.018193
0.022235
0.026763
0.031766
0.037231
0.043147
0.049501
0.056281
0.063474
0.071070
0.079055
0.087417
0.096146
0.105227
0.114650
0.124403
0.134472
0.144847
0.155516
0.166465
0.177684
0.189160
0.200881
0.212835
0.225010
0.237395
0.249977
0.262745
0.275685
0.288787
0.302039
0.315427
0.328942
0.342569
0.356299
0.370118
0.384014
0.397976
0.411992
0.426050
0.440138
0.454244
0.468355
0.482461
0.496548
0.510606
0.524622
0.538584
0.552481
0.566300
0.580029
0.593657
0.607171
0.620560
0.633811
0.646913
0.659854
0.672621
0.685203
0.697588
0.709764
0.721718
0.733439
0.744915
0.756134
0.767083
0.777751
0.788126
0.798196
0.807948
0.817371
0.826453
0.835181
0.843544
0.851529
0.859124
0.866318
0.873098
0.879451
0.885367
0.890833
0.895836
0.900364
0.904406
0.907948
0.910980
0.913488
0.915461
0.916886
0.917751
0.918043
0.918043
0.004566
0.004566
0.004860
0.005730
0.007162
0.009145
0.011666
0.014713
0.018274
0.022336
0.026888
0.031916
0.037410
0.043356
0.049742
0.056556
0.063786
0.071420
0.079446
0.087851
0.096624
0.105752
0.115222
0.125024
0.135145
0.145573
0.156295
0.167300
0.178575
0.190109
0.201890
0.213905
0.226142
0.238589
0.251235
0.264067
0.277073
0.290242
0.303560
0.317016
0.330599
0.344296
0.358095
0.371983
0.385950
0.399983
0.414070
0.428199
0.442358
0.456534
0.470717
0.484894
0.499053
0.513182
0.527269
0.541302
0.555269
0.569157
0.582956
0.596653
0.610235
0.623692
0.637010
0.650179
0.663185
0.676017
0.688662
0.701110
0.713347
0.725362
0.737142
0.748676
0.759952
0.770957
0.781679
0.792107
0.802228
0.812029
0.821500
0.830628
0.839401
0.847806
0.855831
0.863466
0.870696
0.877510
0.883896
0.889842
0.895335
0.900364
0.904916
0.908978
0.912539
0.915586
0.918107
0.920090
0.921522
0.922391
0.922685
0.922685
0.004575
0.004575
0.004871
0.005744
0.007182
0.009174
0.011707
0.014768
0.018345
0.022426
0.026998
0.032050
0.037568
0.043541
0.049956
0.056801
0.064064
0.071733
0.079795
0.088238
0.097050
0.106219
0.115732
0.125579
0.135745
0.146220
0.156990
0.168045
0.179371
0.190957
0.202790
0.214859
0.227151
0.239655
0.252357
0.265247
0.278312
0.291539
0.304917
0.318434
0.332078
0.345836
0.359697
0.373648
0.387678
0.401773
0.415923
0.430116
0.444338
0.458579
0.472825
0.487066
0.501288
0.515481
0.529631
0.543727
0.557756
0.571707
0.585568
0.599326
0.612970
0.626487
0.639865
0.653093
0.666157
0.679047
0.691749
0.704253
0.716545
0.728614
0.740447
0.752033
0.763360
0.774414
0.785185
0.795659
0.805826
0.815672
0.825185
0.834354
0.843166
0.851610
0.859671
0.867340
0.874603
0.881448
0.887863
0.893836
0.899354
0.904406
0.908978
0.913059
0.916636
0.919697
0.922230
0.924222
0.925660
0.926534
0.926829
0.926829
0.004582
0.004582
0.004879
0.005755
0.007200
0.009200
0.011743
0.014816
0.018407
0.022504
0.027095
0.032166
0.037706
0.043703
0.050143
0.057015
0.064307
0.072006
0.080100
0.088576
0.097423
0.106628
0.116179
0.126064
0.136270
0.146786
0.157599
0.168697
0.180068
0.191699
0.203579
0.215695
0.228036
0.240588
0.253341
0.266281
0.279397
0.292676
0.306107
0.319677
0.333374
0.347186
0.361101
0.375107
0.389191
0.403342
0.417548
0.431796
0.446074
0.460370
0.474673
0.488969
0.503247
0.517495
0.531701
0.545852
0.559936
0.573942
0.587857
0.601669
0.615366
0.628936
0.642367
0.655646
0.668762
0.681702
0.694455
0.707007
0.719348
0.731464
0.743344
0.754976
0.766346
0.777444
0.788257
0.798773
0.808979
0.818864
0.828415
0.837620
0.846467
0.854944
0.863037
0.870736
0.878028
0.884900
0.891341
0.897337
0.902877
0.907948
0.912539
0.916636
0.920227
0.923301
0.925843
0.927843
0.929288
0.930164
0.930461
0.930461
0.004588
0.004588
0.004885
0.005765
0.007214
0.009221
0.011772
0.014856
0.018460
0.022571
0.027177
0.032265
0.037824
0.043841
0.050303
0.057198
0.064514
0.072239
0.080360
0.088865
0.097742
0.106978
0.116561
0.126479
0.136719
0.147270
0.158120
0.169255
0.180664
0.192334
0.204254
0.216411
0.228792
0.241387
0.254182
0.267165
0.280325
0.293649
0.307124
0.320740
0.334483
0.348341
0.362302
0.376355
0.390486
0.404685
0.418938
0.433233
0.447559
0.461903
0.476253
0.490598
0.504923
0.519219
0.533472
0.547670
0.561802
0.575854
0.589816
0.603674
0.617417
0.631032
0.644508
0.657832
0.670991
0.683975
0.696770
0.709364
0.721746
0.733903
0.745823
0.757493
0.768902
0.780037
0.790886
0.801437
0.811678
0.821596
0.831179
0.840415
0.849292
0.857797
0.865917
0.873642
0.880958
0.887854
0.894316
0.900333
0.905892
0.910980
0.915586
0.919697
0.923301
0.926384
0.928936
0.930942
0.932392
0.933272
0.933569
0.933569
0.004591
0.004591
0.004890
0.005772
0.007225
0.009238
0.011796
0.014889
0.018502
0.022625
0.027244
0.032347
0.037921
0.043954
0.050435
0.057349
0.064686
0.072432
0.080575
0.089104
0.098005
0.107267
0.116876
0.126822
0.137091
0.147671
0.158550
0.169716
0.181156
0.192859
0.204812
0.217002
0.229418
0.242047
0.254878
0.267897
0.281093
0.294453
0.307966
0.321619
0.335400
0.349296
0.363296
0.377387
0.391558
0.405795
0.420087
0.434422
0.448788
0.463171
0.477561
0.491945
0.506310
0.520645
0.534937
0.549174
0.563345
0.577436
0.591436
0.605333
0.619113
0.632766
0.646279
0.659639
0.672835
0.685855
0.698685
0.711314
0.723730
0.735921
0.747873
0.759576
0.771016
0.782182
0.793061
0.803641
0.813910
0.823856
0.833466
0.842727
0.851628
0.860157
0.868300
0.876047
0.883383
0.890298
0.896778
0.902811
0.908386
0.913488
0.918107
0.922230
0.925843
0.928936
0.931494
0.933507
0.934960
0.935842
0.936141
0.936141
0.004594
0.004594
0.004893
0.005777
0.007234
0.009251
0.011815
0.014914
0.018536
0.022667
0.027296
0.032410
0.037997
0.044043
0.050538
0.057467
0.064820
0.072583
0.080744
0.089291
0.098212
0.107494
0.117124
0.127091
0.137382
0.147986
0.158888
0.170078
0.181544
0.193272
0.205250
0.217467
0.229910
0.242566
0.255424
0.268472
0.281696
0.295086
0.308628
0.322310
0.336120
0.350047
0.364077
0.378199
0.392400
0.406668
0.420991
0.435357
0.449754
0.464168
0.478589
0.493004
0.507400
0.521766
0.536089
0.550357
0.564558
0.578680
0.592710
0.606637
0.620447
0.634130
0.647672
0.661061
0.674286
0.687333
0.700191
0.712848
0.725290
0.737507
0.749486
0.761214
0.772679
0.783869
0.794772
0.805375
0.815666
0.825633
0.835264
0.844545
0.853466
0.862013
0.870174
0.877937
0.885290
0.892220
0.898714
0.904761
0.910347
0.915461
0.920090
0.924222
0.927843
0.930942
0.933507
0.935524
0.936980
0.937864
0.938163
0.938163
0.004595
0.004595
0.004895
0.005780
0.007239
0.009259
0.011828
0.014932
0.018559
0.022697
0.027334
0.032456
0.038051
0.044107
0.050612
0.057553
0.064917
0.072692
0.080866
0.089427
0.098361
0.107657
0.117303
0.127286
0.137593
0.148213
0.159133
0.170340
0.181823
0.193569
0.205567
0.217803
0.230265
0.242941
0.255819
0.268887
0.282132
0.295542
0.309105
0.322809
0.336641
0.350589
0.364641
0.378785
0.393008
0.407299
0.421644
0.436032
0.450451
0.464888
0.479332
0.493769
0.508187
0.522576
0.536921
0.551212
0.565435
0.579578
0.593631
0.607579
0.621411
0.635114
0.648678
0.662088
0.675333
0.688401
0.701279
0.713955
0.726417
0.738653
0.750650
0.762397
0.773880
0.785087
0.796007
0.806627
0.816934
0.826917
0.836562
0.845859
0.854793
0.863354
0.871528
0.879303
0.886667
0.893608
0.900112
0.906169
0.911764
0.916886
0.921522
0.925660
0.929288
0.932392
0.934960
0.936980
0.938439
0.939325
0.939624
0.939624
0.004596
0.004596
0.004896
0.005782
0.007243
0.009265
0.011836
0.014943
0.018574
0.022716
0.027356
0.032483
0.038084
0.044146
0.050657
0.057604
0.064975
0.072758
0.080940
0.089508
0.098451
0.107757
0.117411
0.127403
0.137721
0.148350
0.159281
0.170499
0.181993
0.193750
0.205759
0.218006
0.230480
0.243168
0.256059
0.269139
0.282396
0.295819
0.309395
0.323112
0.336957
0.350918
0.364984
0.379141
0.393377
0.407681
0.422040
0.436442
0.450874
0.465325
0.479782
0.494233
0.508665
0.523067
0.537426
0.551730
0.565966
0.580124
0.594189
0.608150
0.621995
0.635712
0.649288
0.662711
0.675968
0.689048
0.701939
0.714627
0.727101
0.739349
0.751357
0.763114
0.774608
0.785827
0.796757
0.807387
0.817704
0.827696
0.837351
0.846656
0.855599
0.864167
0.872349
0.880132
0.887503
0.894450
0.900961
0.907023
0.912624
0.917751
0.922391
0.926534
0.930164
0.933272
0.935842
0.937864
0.939325
0.940211
0.940511
0.940511
0.004596
0.004596
0.004896
0.005783
0.007244
0.009266
0.011838
0.014946
0.018578
0.022722
0.027364
0.032493
0.038095
0.044159
0.050672
0.057621
0.064995
0.072780
0.080965
0.089536
0.098482
0.107790
0.117448
0.127443
0.137764
0.148397
0.159331
0.170552
0.182050
0.193811
0.205824
0.218075
0.230553
0.243245
0.256140
0.269224
0.282486
0.295913
0.309493
0.323214
0.337064
0.351029
0.365099
0.379261
0.393502
0.407811
0.422174
0.436581
0.451017
0.465473
0.479934
0.494390
0.508827
0.523233
0.537597
0.551905
0.566146
0.580308
0.594378
0.608343
0.622193
0.635914
0.649494
0.662921
0.676183
0.689267
0.702162
0.714854
0.727332
0.739584
0.751596
0.763357
0.774855
0.786077
0.797010
0.807643
0.817964
0.827959
0.837617
0.846925
0.855871
0.864442
0.872627
0.880412
0.887786
0.894735
0.901248
0.907312
0.912914
0.918043
0.922685
0.926829
0.930461
0.933569
0.936141
0.938163
0.939624
0.940511
0.940811
0.940811
0.004596
0.004596
0.004896
0.005783
0.007244
0.009266
0.011838
0.014946
0.018578
0.022722
0.027364
0.032493
0.038095
0.044159
0.050672
0.057621
0.064995
0.072780
0.080965
0.089536
0.098482
0.107790
0.117448
0.127443
0.137764
0.148397
0.159331
0.170552
0.182050
0.193811
0.205824
0.218075
0.230553
0.243245
0.256140
0.269224
0.282486
0.295913
0.309493
0.323214
0.337064
0.351029
0.365099
0.379261
0.393502
0.407811
0.422174
0.436581
0.451017
0.465473
0.479934
0.494390
0.508827
0.523233
0.537597
0.551905
0.566146
0.580308
0.594378
0.608343
0.622193
0.635914
0.649494
0.662921
0.676183
0.689267
0.702162
0.714854
0.727332
0.739584
0.751596
0.763357
0.774855
0.786077
0.797010
0.807643
0.817964
0.827959
0.837617
0.846925
0.855871
0.864442
0.872627
0.880412
0.887786
0.894735
0.901248
0.907312
0.912914
0.918043
0.922685
0.926829
0.930461
0.933569
0.936141
0.938163
0.939624
0.940511
0.940811
0.940811