100 100
0.000000
0.000000
0.000300
0.001187
0.002650
0.004675
0.007250
0.010364
0.014003
0.018155
0.022808
0.027950
0.033568
0.039650
0.046183
0.053155
0.060553
0.068366
0.076581
0.085186
0.094168
0.103514
0.113213
0.123253
0.133619
0.144302
0.155287
0.166563
0.178117
0.189937
0.202011
0.214325
0.226869
0.239629
0.252593
0.265749
0.279084
0.292586
0.306242
0.320041
0.333970
0.348016
0.362167
0.376412
0.390736
0.405128
0.419577
0.434068
0.448590
0.463131
0.477678
0.492219
0.506741
0.521233
0.535681
0.550073
0.564398
0.578642
0.592793
0.606839
0.620768
0.634567
0.648223
0.661725
0.675061
0.688216
0.701180
0.713940
0.726484
0.738799
0.750872
0.762692
0.774246
0.785522
0.796508
0.807190
0.817557
0.827596
0.837295
0.846642
0.855623
0.864228
0.872443
0.880256
0.887655
0.894627
0.901160
0.907241
0.912859
0.918001
0.922654
0.926807
0.930446
0.933559
0.936135
0.938160
0.939622
0.940510
0.940809
0.940809
0.000000
0.000000
0.000300
0.001187
0.002650
0.004675
0.007250
0.010364
0.014003
0.018155
0.022808
0.027950
0.033568
0.039650
0.046183
0.053155
0.060553
0.068366
0.076581
0.085186
0.094168
0.103514
0.113213
0.123253
0.133619
0.144302
0.155287
0.166563
0.178117
0.189937
0.202011
0.214325
0.226869
0.239629
0.252593
0.265749
0.279084
0.292586
0.306242
0.320041
0.333970
0.348016
0.362167
0.376412
0.390736
0.405128
0.419577
0.434068
0.448590
0.463131
0.477678
0.492219
0.506741
0.521233
0.535681
0.550073
0.564398
0.578642
0.592793
0.606839
0.620768
0.634567
0.648223
0.661725
0.675061
0.688216
0.701180
0.713940
0.726484
0.738799
0.750872
0.762692
0.774246
0.785522
0.796508
0.807190
0.817557
0.827596
0.837295
0.846642
0.855623
0.864228
0.872443
0.880256
0.887655
0.894627
0.901160
0.907241
0.912859
0.918001
0.922654
0.926807
0.930446
0.933559
0.936135
0.938160
0.939622
0.940510
0.940809
0.940809
0.000300
0.000300
0.000600
0.001487
0.002950
0.004975
0.007550
0.010664
0.014303
0.018455
0.023108
0.028250
0.033868
0.039949
0.046482
0.053455
0.060853
0.068666
0.076881
0.085486
0.094468
0.103814
0.113513
0.123552
0.133919
0.144602
0.155587
0.166863
0.178417
0.190237
0.202311
0.214625
0.227169
0.239929
0.252893
0.266049
0.279384
0.292886
0.306542
0.320341
0.334270
0.348316
0.362467
0.376711
0.391036
0.405428
0.419876
0.434368
0.448890
0.463431
0.477978
0.492519
0.507041
0.521533
0.535981
0.550373
0.564698
0.578942
0.593093
0.607139
0.621068
0.634867
0.648523
0.662025
0.675360
0.688516
0.701480
0.714240
0.726784
0.739099
0.751172
0.762992
0.774546
0.785822
0.796808
0.807490
0.817857
0.827896
0.837595
0.846942
0.855923
0.864528
0.872743
0.880556
0.887955
0.894927
0.901460
0.907541
0.913159
0.918301
0.922954
0.927107
0.930746
0.933859
0.936435
0.938460
0.939922
0.940809
0.941109
0.941109
0.001187
0.001187
0.001487
0.002375
0.003837
0.005862
0.008438
0.011551
0.015190
0.019342
0.023996
0.029137
0.034755
0.040837
0.047370
0.054342
0.061741
0.069554
0.077769
0.086373
0.095355
0.104702
0.114401
0.124440
0.134807
0.145489
0.156474
0.167750
0.179304
0.191124
0.203198
0.215513
0.228056
0.240816
0.253780
0.266936
0.280271
0.293773
0.307430
0.321229
0.335157
0.349203
0.363355
0.377599
0.391923
0.406316
0.420764
0.435255
0.449778
0.464318
0.478865
0.493406
0.507929
0.522420
0.536868
0.551261
0.565585
0.579829
0.593980
0.608027
0.621955
0.635754
0.649411
0.662913
0.676248
0.689404
0.702368
0.715128
0.727671
0.739986
0.752059
0.763880
0.775434
0.786710
0.797695
0.808377
0.818744
0.828783
0.838482
0.847829
0.856811
0.865415
0.873630
0.881443
0.888842
0.895814
0.902347
0.908429
0.914047
0.919188
0.923842
0.927994
0.931633
0.934746
0.937322
0.939347
0.940809
0.941697
0.941997
0.941997
0.002650
0.002650
0.002950
0.003837
0.005299
0.007325
0.009900
0.013013
0.016653
0.020805
0.025458
0.030600
0.036218
0.042299
0.048832
0.055804
0.063203
0.071016
0.079231
0.087836
0.096817
0.106164
0.115863
0.125902
0.136269
0.146951
0.157937
0.169213
0.180767
0.192587
0.204660
0.216975
0.229519
0.242279
0.255243
0.268398
0.281734
0.295236
0.308892
0.322691
0.336620
0.350666
0.364817
0.379061
0.393386
0.407778
0.422226
0.436718
0.451240
0.465781
0.480328
0.494869
0.509391
0.523882
0.538331
0.552723
0.567047
0.581292
0.595443
0.609489
0.623418
0.637217
0.650873
0.664375
0.677710
0.690866
0.703830
0.716590
0.729134
0.741448
0.753522
0.765342
0.776896
0.788172
0.799157
0.809840
0.820206
0.830246
0.839945
0.849291
0.858273
0.866878
0.875093
0.882906
0.890304
0.897277
0.903810
0.909891
0.915509
0.920651
0.925304
0.929456
0.933095
0.936209
0.938784
0.940809
0.942272
0.943159
0.943459
0.943459
0.004675
0.004675
0.004975
0.005862
0.007325
0.009350
0.011925
0.015039
0.018678
0.022830
0.027483
0.032625
0.038243
0.044324
0.050857
0.057829
0.065228
0.073041
0.081256
0.089861
0.098843
0.108189
0.117888
0.127927
0.138294
0.148977
0.159962
0.171238
0.182792
0.194612
0.206686
0.219000
0.231544
0.244304
0.257268
0.270424
0.283759
0.297261
0.310917
0.324716
0.338645
0.352691
0.366842
0.381086
0.395411
0.409803
0.424251
0.438743
0.453265
0.467806
0.482353
0.496894
0.511416
0.525908
0.540356
0.554748
0.569073
0.583317
0.597468
0.611514
0.625443
0.639242
0.652898
0.666400
0.679735
0.692891
0.705855
0.718615
0.731159
0.743473
0.755547
0.767367
0.778921
0.790197
0.801182
0.811865
0.822232
0.832271
0.841970
0.851316
0.860298
0.868903
0.877118
0.884931
0.892330
0.899302
0.905835
0.911916
0.917534
0.922676
0.927329
0.931481
0.935121
0.938234
0.940809
0.942835
0.944297
0.945184
0.945484
0.945484
0.007250
0.007250
0.007550
0.008438
0.009900
0.011925
0.014501
0.017614
0.021253
0.025405
0.030059
0.035200
0.040818
0.046900
0.053433
0.060405
0.067804
0.075617
0.083832
0.092436
0.101418
0.110765
0.120464
0.130503
0.140870
0.151552
0.162537
0.173813
0.185367
0.197187
0.209261
0.221576
0.234119
0.246879
0.259843
0.272999
0.286334
0.299836
0.313493
0.327292
0.341220
0.355266
0.369418
0.383662
0.397986
0.412379
0.426827
0.441318
0.455841
0.470381
0.484929
0.499469
0.513992
0.528483
0.542931
0.557324
0.571648
0.585892
0.600043
0.614090
0.628018
0.641817
0.655474
0.668976
0.682311
0.695467
0.708431
0.721191
0.733734
0.746049
0.758123
0.769943
0.781497
0.792773
0.803758
0.814440
0.824807
0.834846
0.844545
0.853892
0.862874
0.871478
0.879693
0.887506
0.894905
0.901877
0.908410
0.914492
0.920110
0.925251
0.929905
0.934057
0.937696
0.940809
0.943385
0.945410
0.946873
0.947760
0.948060
0.948060
0.010364
0.010364
0.010664
0.011551
0.013013
0.015039
0.017614
0.020728
0.024367
0.028519
0.033172
0.038314
0.043932
0.050013
0.056546
0.063518
0.070917
0.078730
0.086945
0.095550
0.104532
0.113878
0.123577
0.133616
0.143983
0.154666
0.165651
0.176927
0.188481
0.200301
0.212375
0.224689
0.237233
0.249993
0.262957
0.276113
0.289448
0.302950
0.316606
0.330405
0.344334
0.358380
0.372531
0.386775
0.401100
0.415492
0.429940
0.444432
0.458954
0.473495
0.488042
0.502583
0.517105
0.531597
0.546045
0.560437
0.574762
0.589006
0.603157
0.617203
0.631132
0.644931
0.658587
0.672089
0.685424
0.698580
0.711544
0.724304
0.736848
0.749162
0.761236
0.773056
0.784610
0.795886
0.806871
0.817554
0.827921
0.837960
0.847659
0.857005
0.865987
0.874592
0.882807
0.890620
0.898019
0.904991
0.911524
0.917605
0.923223
0.928365
0.933018
0.937170
0.940809
0.943923
0.946498
0.948524
0.949986
0.950873
0.951173
0.951173
0.014003
0.014003
0.014303
0.015190
0.016653
0.018678
0.021253
0.024367
0.028006
0.032158
0.036811
0.041953
0.047571
0.053652
0.060185
0.067158
0.074556
0.082369
0.090584
0.099189
0.108171
0.117517
0.127216
0.137255
0.147622
0.158305
0.169290
0.180566
0.192120
0.203940
0.216014
0.228328
0.240872
0.253632
0.266596
0.279752
0.293087
0.306589
0.320245
0.334044
0.347973
0.362019
0.376170
0.390414
0.404739
0.419131
0.433579
0.448071
0.462593
0.477134
0.491681
0.506222
0.520744
0.535236
0.549684
0.564076
0.578401
0.592645
0.606796
0.620842
0.634771
0.648570
0.662226
0.675728
0.689063
0.702219
0.715183
0.727943
0.740487
0.752802
0.764875
0.776695
0.788249
0.799525
0.810511
0.821193
0.831560
0.841599
0.851298
0.860645
0.869626
0.878231
0.886446
0.894259
0.901658
0.908630
0.915163
0.921244
0.926862
0.932004
0.936657
0.940809
0.944449
0.947562
0.950138
0.952163
0.953625
0.954512
0.954812
0.954812
0.018155
0.018155
0.018455
0.019342
0.020805
0.022830
0.025405
0.028519
0.032158
0.036310
0.040964
0.046105
0.051723
0.057805
0.064338
0.071310
0.078709
0.086522
0.094737
0.103341
0.112323
0.121670
0.131369
0.141408
0.151775
0.162457
0.173442
0.184718
0.196272
0.208092
0.220166
0.232481
0.245024
0.257784
0.270748
0.283904
0.297239
0.310741
0.324398
0.338196
0.352125
0.366171
0.380323
0.394567
0.408891
0.423284
0.437732
0.452223
0.466745
0.481286
0.495833
0.510374
0.524897
0.539388
0.553836
0.568229
0.582553
0.596797
0.610948
0.624995
0.638923
0.652722
0.666379
0.679881
0.693216
0.706372
0.719336
0.732096
0.744639
0.756954
0.769027
0.780847
0.792402
0.803678
0.814663
0.825345
0.835712
0.845751
0.855450
0.864797
0.873779
0.882383
0.890598
0.898411
0.905810
0.912782
0.919315
0.925397
0.931015
0.936156
0.940809
0.944962
0.948601
0.951714
0.954290
0.956315
0.957777
0.958665
0.958965
0.958965
0.022808
0.022808
0.023108
0.023996
0.025458
0.027483
0.030059
0.033172
0.036811
0.040964
0.045617
0.050758
0.056376
0.062458
0.068991
0.075963
0.083362
0.091175
0.099390
0.107994
0.116976
0.126323
0.136022
0.146061
0.156428
0.167110
0.178095
0.189371
0.200925
0.212746
0.224819
0.237134
0.249677
0.262437
0.275401
0.288557
0.301892
0.315394
0.329051
0.342850
0.356778
0.370825
0.384976
0.399220
0.413544
0.427937
0.442385
0.456876
0.471399
0.485940
0.500487
0.515027
0.529550
0.544041
0.558489
0.572882
0.587206
0.601450
0.615602
0.629648
0.643576
0.657375
0.671032
0.684534
0.697869
0.711025
0.723989
0.736749
0.749292
0.761607
0.773681
0.785501
0.797055
0.808331
0.819316
0.829998
0.840365
0.850404
0.860103
0.869450
0.878432
0.887036
0.895251
0.903064
0.910463
0.917435
0.923968
0.930050
0.935668
0.940809
0.945463
0.949615
0.953254
0.956368
0.958943
0.960968
0.962431
0.963318
0.963618
0.963618
0.027950
0.027950
0.028250
0.029137
0.030600
0.032625
0.035200
0.038314
0.041953
0.046105
0.050758
0.055900
0.061518
0.067600
0.074133
0.081105
0.088504
0.096317
0.104532
0.113136
0.122118
0.131464
0.141164
0.151203
0.161570
0.172252
0.183237
0.194513
0.206067
0.217887
0.229961
0.242276
0.254819
0.267579
0.280543
0.293699
0.307034
0.320536
0.334193
0.347991
0.361920
0.375966
0.390118
0.404362
0.418686
0.433079
0.447527
0.462018
0.476540
0.491081
0.505628
0.520169
0.534691
0.549183
0.563631
0.578023
0.592348
0.606592
0.620743
0.634789
0.648718
0.662517
0.676174
0.689676
0.703011
0.716166
0.729130
0.741890
0.754434
0.766749
0.778822
0.790642
0.802197
0.813472
0.824458
0.835140
0.845507
0.855546
0.865245
0.874592
0.883574
0.892178
0.900393
0.908206
0.915605
0.922577
0.929110
0.935192
0.940809
0.945951
0.950604
0.954757
0.958396
0.961509
0.964085
0.966110
0.967572
0.968460
0.968760
0.968760
0.033568
0.033568
0.033868
0.034755
0.036218
0.038243
0.040818
0.043932
0.047571
0.051723
0.056376
0.061518
0.067136
0.073218
0.079751
0.086723
0.094121
0.101934
0.110149
0.118754
0.127736
0.137082
0.146781
0.156821
0.167187
0.177870
0.188855
0.200131
0.211685
0.223505
0.235579
0.247893
0.260437
0.273197
0.286161
0.299317
0.312652
0.326154
0.339810
0.353609
0.367538
0.381584
0.395735
0.409979
0.424304
0.438696
0.453145
0.467636
0.482158
0.496699
0.511246
0.525787
0.540309
0.554801
0.569249
0.583641
0.597966
0.612210
0.626361
0.640407
0.654336
0.668135
0.681791
0.695293
0.708629
0.721784
0.734748
0.747508
0.760052
0.772367
0.784440
0.796260
0.807814
0.819090
0.830076
0.840758
0.851125
0.861164
0.870863
0.880210
0.889191
0.897796
0.906011
0.913824
0.921223
0.928195
0.934728
0.940809
0.946427
0.951569
0.956222
0.960375
0.964014
0.967127
0.969703
0.971728
0.973190
0.974078
0.974377
0.974377
0.039650
0.039650
0.039949
0.040837
0.042299
0.044324
0.046900
0.050013
0.053652
0.057805
0.062458
0.067600
0.073218
0.079299
0.085832
0.092804
0.100203
0.108016
0.116231
0.124836
0.133817
0.143164
0.152863
0.162902
0.173269
0.183951
0.194937
0.206212
0.217767
0.229587
0.241660
0.253975
0.266519
0.279279
0.292243
0.305398
0.318733
0.332235
0.345892
0.359691
0.373620
0.387666
0.401817
0.416061
0.430386
0.444778
0.459226
0.473718
0.488240
0.502781
0.517328
0.531869
0.546391
0.560882
0.575331
0.589723
0.604047
0.618291
0.632443
0.646489
0.660418
0.674216
0.687873
0.701375
0.714710
0.727866
0.740830
0.753590
0.766133
0.778448
0.790522
0.802342
0.813896
0.825172
0.836157
0.846840
0.857206
0.867246
0.876945
0.886291
0.895273
0.903878
0.912093
0.919906
0.927304
0.934276
0.940809
0.946891
0.952509
0.957651
0.962304
0.966456
0.970095
0.973209
0.975784
0.977809
0.979272
0.980159
0.980459
0.980459
0.046183
0.046183
0.046482
0.047370
0.048832
0.050857
0.053433
0.056546
0.060185
0.064338
0.068991
0.074133
0.079751
0.085832
0.092365
0.099337
0.106736
0.114549
0.122764
0.131369
0.140350
0.149697
0.159396
0.169435
0.179802
0.190484
0.201470
0.212746
0.224300
0.236120
0.248193
0.260508
0.273052
0.285812
0.298776
0.311931
0.325266
0.338768
0.352425
0.366224
0.380153
0.394199
0.408350
0.422594
0.436919
0.451311
0.465759
0.480251
0.494773
0.509314
0.523861
0.538402
0.552924
0.567415
0.581864
0.596256
0.610580
0.624825
0.638976
0.653022
0.666951
0.680750
0.694406
0.707908
0.721243
0.734399
0.747363
0.760123
0.772667
0.784981
0.797055
0.808875
0.820429
0.831705
0.842690
0.853373
0.863739
0.873779
0.883478
0.892824
0.901806
0.910411
0.918626
0.926439
0.933837
0.940809
0.947343
0.953424
0.959042
0.964184
0.968837
0.972989
0.976628
0.979742
0.982317
0.984342
0.985805
0.986692
0.986992
0.986992
0.053155
0.053155
0.053455
0.054342
0.055804
0.057829
0.060405
0.063518
0.067158
0.071310
0.075963
0.081105
0.086723
0.092804
0.099337
0.106309
0.113708
0.121521
0.129736
0.138341
0.147322
0.156669
0.166368
0.176407
0.186774
0.197456
0.208442
0.219718
0.231272
0.243092
0.255165
0.267480
0.280024
0.292784
0.305748
0.318903
0.332239
0.345741
0.359397
0.373196
0.387125
0.401171
0.415322
0.429566
0.443891
0.458283
0.472731
0.487223
0.501745
0.516286
0.530833
0.545374
0.559896
0.574387
0.588836
0.603228
0.617553
0.631797
0.645948
0.659994
0.673923
0.687722
0.701378
0.714880
0.728215
0.741371
0.754335
0.767095
0.779639
0.791953
0.804027
0.815847
0.827401
0.838677
0.849662
0.860345
0.870712
0.880751
0.890450
0.899796
0.908778
0.917383
0.925598
0.933411
0.940809
0.947782
0.954315
0.960396
0.966014
0.971156
0.975809
0.979961
0.983600
0.986714
0.989289
0.991315
0.992777
0.993664
0.993964
0.993964
0.060553
0.060553
0.060853
0.061741
0.063203
0.065228
0.067804
0.070917
0.074556
0.078709
0.083362
0.088504
0.094121
0.100203
0.106736
0.113708
0.121107
0.128920
0.137135
0.145739
0.154721
0.164068
0.173767
0.183806
0.194173
0.204855
0.215840
0.227116
0.238671
0.250491
0.262564
0.274879
0.287422
0.300182
0.313146
0.326302
0.339637
0.353139
0.366796
0.380595
0.394523
0.408570
0.422721
0.436965
0.451289
0.465682
0.480130
0.494621
0.509144
0.523685
0.538232
0.552773
0.567295
0.581786
0.596234
0.610627
0.624951
0.639195
0.653347
0.667393
0.681322
0.695120
0.708777
0.722279
0.735614
0.748770
0.761734
0.774494
0.787037
0.799352
0.811426
0.823246
0.834800
0.846076
0.857061
0.867743
0.878110
0.888149
0.897849
0.907195
0.916177
0.924781
0.932996
0.940809
0.948208
0.955180
0.961713
0.967795
0.973413
0.978555
0.983208
0.987360
0.990999
0.994113
0.996688
0.998713
1.000176
1.001063
1.001363
1.001363
0.068366
0.068366
0.068666
0.069554
0.071016
0.073041
0.075617
0.078730
0.082369
0.086522
0.091175
0.096317
0.101934
0.108016
0.114549
0.121521
0.128920
0.136733
0.144948
0.153552
0.162534
0.171881
0.181580
0.191619
0.201986
0.212668
0.223653
0.234929
0.246484
0.258304
0.270377
0.282692
0.295236
0.307995
0.320960
0.334115
0.347450
0.360952
0.374609
0.388408
0.402336
0.416383
0.430534
0.444778
0.459102
0.473495
0.487943
0.502434
0.516957
0.531498
0.546045
0.560586
0.575108
0.589599
0.604047
0.618440
0.632764
0.647008
0.661160
0.675206
0.689135
0.702933
0.716590
0.730092
0.743427
0.756583
0.769547
0.782307
0.794850
0.807165
0.819239
0.831059
0.842613
0.853889
0.864874
0.875556
0.885923
0.895963
0.905662
0.915008
0.923990
0.932595
0.940809
0.948623
0.956021
0.962993
0.969526
0.975608
0.981226
0.986368
0.991021
0.995173
0.998812
1.001926
1.004501
1.006526
1.007989
1.008876
1.009176
1.009176
0.076581
0.076581
0.076881
0.077769
0.079231
0.081256
0.083832
0.086945
0.090584
0.094737
0.099390
0.104532
0.110149
0.116231
0.122764
0.129736
0.137135
0.144948
0.153163
0.161767
0.170749
0.180096
0.189795
0.199834
0.210201
0.220883
0.231868
0.243144
0.254699
0.266519
0.278592
0.290907
0.303451
0.316210
0.329175
0.342330
0.355665
0.369167
0.382824
0.396623
0.410551
0.424598
0.438749
0.452993
0.467317
0.481710
0.496158
0.510649
0.525172
0.539713
0.554260
0.568801
0.583323
0.597814
0.612262
0.626655
0.640979
0.655223
0.669375
0.683421
0.697350
0.711148
0.724805
0.738307
0.751642
0.764798
0.777762
0.790522
0.803065
0.815380
0.827454
0.839274
0.850828
0.862104
0.873089
0.883771
0.894138
0.904177
0.913877
0.923223
0.932205
0.940809
0.949024
0.956838
0.964236
0.971208
0.977741
0.983823
0.989441
0.994583
0.999236
1.003388
1.007027
1.010141
1.012716
1.014741
1.016204
1.017091
1.017391
1.017391
0.085186
0.085186
0.085486
0.086373
0.087836
0.089861
0.092436
0.095550
0.099189
0.103341
0.107994
0.113136
0.118754
0.124836
0.131369
0.138341
0.145739
0.153552
0.161767
0.170372
0.179354
0.188700
0.198399
0.208439
0.218806
0.229488
0.240473
0.251749
0.263303
0.275123
0.287197
0.299512
0.312055
0.324815
0.337779
0.350935
0.364270
0.377772
0.391428
0.405227
0.419156
0.433202
0.447354
0.461598
0.475922
0.490314
0.504763
0.519254
0.533776
0.548317
0.562864
0.577405
0.591927
0.606419
0.620867
0.635259
0.649584
0.663828
0.677979
0.692025
0.705954
0.719753
0.733410
0.746912
0.760247
0.773402
0.786366
0.799126
0.811670
0.823985
0.836058
0.847878
0.859433
0.870708
0.881694
0.892376
0.902743
0.912782
0.922481
0.931828
0.940809
0.949414
0.957629
0.965442
0.972841
0.979813
0.986346
0.992428
0.998045
1.003187
1.007840
1.011993
1.015632
1.018745
1.021321
1.023346
1.024808
1.025696
1.025996
1.025996
0.094168
0.094168
0.094468
0.095355
0.096817
0.098843
0.101418
0.104532
0.108171
0.112323
0.116976
0.122118
0.127736
0.133817
0.140350
0.147322
0.154721
0.162534
0.170749
0.179354
0.188336
0.197682
0.207381
0.217420
0.227787
0.238470
0.249455
0.260731
0.272285
0.284105
0.296179
0.308493
0.321037
0.333797
0.346761
0.359917
0.373252
0.386754
0.400410
0.414209
0.428138
0.442184
0.456335
0.470579
0.484904
0.499296
0.513744
0.528236
0.542758
0.557299
0.571846
0.586387
0.600909
0.615401
0.629849
0.644241
0.658566
0.672810
0.686961
0.701007
0.714936
0.728735
0.742391
0.755893
0.769228
0.782384
0.795348
0.808108
0.820652
0.832966
0.845040
0.856860
0.868414
0.879690
0.890675
0.901358
0.911725
0.921764
0.931463
0.940809
0.949791
0.958396
0.966611
0.974424
0.981823
0.988795
0.995328
1.001409
1.007027
1.012169
1.016822
1.020974
1.024614
1.027727
1.030303
1.032328
1.033790
1.034677
1.034977
1.034977
0.103514
0.103514
0.103814
0.104702
0.106164
0.108189
0.110765
0.113878
0.117517
0.121670
0.126323
0.131464
0.137082
0.143164
0.149697
0.156669
0.164068
0.171881
0.180096
0.188700
0.197682
0.207029
0.216728
0.226767
0.237134
0.247816
0.258801
0.270077
0.281631
0.293452
0.305525
0.317840
0.330383
0.343143
0.356107
0.369263
0.382598
0.396100
0.409757
0.423556
0.437484
0.451531
0.465682
0.479926
0.494250
0.508643
0.523091
0.537582
0.552105
0.566646
0.581193
0.595733
0.610256
0.624747
0.639195
0.653588
0.667912
0.682156
0.696308
0.710354
0.724282
0.738081
0.751738
0.765240
0.778575
0.791731
0.804695
0.817455
0.829998
0.842313
0.854387
0.866207
0.877761
0.889037
0.900022
0.910704
0.921071
0.931110
0.940809
0.950156
0.959138
0.967742
0.975957
0.983770
0.991169
0.998141
1.004674
1.010756
1.016374
1.021516
1.026169
1.030321
1.033960
1.037074
1.039649
1.041674
1.043137
1.044024
1.044324
1.044324
0.113213
0.113213
0.113513
0.114401
0.115863
0.117888
0.120464
0.123577
0.127216
0.131369
0.136022
0.141164
0.146781
0.152863
0.159396
0.166368
0.173767
0.181580
0.189795
0.198399
0.207381
0.216728
0.226427
0.236466
0.246833
0.257515
0.268500
0.279776
0.291331
0.303151
0.315224
0.327539
0.340082
0.352842
0.365807
0.378962
0.392297
0.405799
0.419456
0.433255
0.447183
0.461230
0.475381
0.489625
0.503949
0.518342
0.532790
0.547281
0.561804
0.576345
0.590892
0.605433
0.619955
0.634446
0.648894
0.663287
0.677611
0.691855
0.706007
0.720053
0.733982
0.747780
0.761437
0.774939
0.788274
0.801430
0.814394
0.827154
0.839697
0.852012
0.864086
0.875906
0.887460
0.898736
0.909721
0.920403
0.930770
0.940809
0.950509
0.959855
0.968837
0.977441
0.985656
0.993470
1.000868
1.007840
1.014373
1.020455
1.026073
1.031215
1.035868
1.040020
1.043659
1.046773
1.049348
1.051373
1.052836
1.053723
1.054023
1.054023
0.123253
0.123253
0.123552
0.124440
0.125902
0.127927
0.130503
0.133616
0.137255
0.141408
0.146061
0.151203
0.156821
0.162902
0.169435
0.176407
0.183806
0.191619
0.199834
0.208439
0.217420
0.226767
0.236466
0.246505
0.256872
0.267554
0.278540
0.289816
0.301370
0.313190
0.325263
0.337578
0.350122
0.362882
0.375846
0.389001
0.402336
0.415838
0.429495
0.443294
0.457223
0.471269
0.485420
0.499664
0.513989
0.528381
0.542829
0.557321
0.571843
0.586384
0.600931
0.615472
0.629994
0.644485
0.658934
0.673326
0.687650
0.701895
0.716046
0.730092
0.744021
0.757820
0.771476
0.784978
0.798313
0.811469
0.824433
0.837193
0.849737
0.862051
0.874125
0.885945
0.897499
0.908775
0.919760
0.930443
0.940809
0.950849
0.960548
0.969894
0.978876
0.987481
0.995696
1.003509
1.010907
1.017880
1.024413
1.030494
1.036112
1.041254
1.045907
1.050059
1.053698
1.056812
1.059387
1.061413
1.062875
1.063762
1.064062
1.064062
0.133619
0.133619
0.133919
0.134807
0.136269
0.138294
0.140870
0.143983
0.147622
0.151775
0.156428
0.161570
0.167187
0.173269
0.179802
0.186774
0.194173
0.201986
0.210201
0.218806
0.227787
0.237134
0.246833
0.256872
0.267239
0.277921
0.288907
0.300182
0.311737
0.323557
0.335630
0.347945
0.360489
0.373249
0.386213
0.399368
0.412703
0.426205
0.439862
0.453661
0.467590
0.481636
0.495787
0.510031
0.524356
0.538748
0.553196
0.567687
0.582210
0.596751
0.611298
0.625839
0.640361
0.654852
0.669300
0.683693
0.698017
0.712261
0.726413
0.740459
0.754388
0.768186
0.781843
0.795345
0.808680
0.821836
0.834800
0.847560
0.860103
0.872418
0.884492
0.896312
0.907866
0.919142
0.930127
0.940809
0.951176
0.961216
0.970915
0.980261
0.989243
0.997848
1.006063
1.013876
1.021274
1.028246
1.034779
1.040861
1.046479
1.051621
1.056274
1.060426
1.064065
1.067179
1.069754
1.071779
1.073242
1.074129
1.074429
1.074429
0.144302
0.144302
0.144602
0.145489
0.146951
0.148977
0.151552
0.154666
0.158305
0.162457
0.167110
0.172252
0.177870
0.183951
0.190484
0.197456
0.204855
0.212668
0.220883
0.229488
0.238470
0.247816
0.257515
0.267554
0.277921
0.288604
0.299589
0.310865
0.322419
0.334239
0.346313
0.358627
0.371171
0.383931
0.396895
0.410051
0.423386
0.436888
0.450544
0.464343
0.478272
0.492318
0.506469
0.520713
0.535038
0.549430
0.563878
0.578370
0.592892
0.607433
0.621980
0.636521
0.651043
0.665535
0.679983
0.694375
0.708700
0.722944
0.737095
0.751141
0.765070
0.778869
0.792525
0.806027
0.819362
0.832518
0.845482
0.858242
0.870786
0.883100
0.895174
0.906994
0.918548
0.929824
0.940809
0.951492
0.961859
0.971898
0.981597
0.990944
0.999925
1.008530
1.016745
1.024558
1.031957
1.038929
1.045462
1.051543
1.057161
1.062303
1.066956
1.071108
1.074748
1.077861
1.080437
1.082462
1.083924
1.084811
1.085111
1.085111
0.155287
0.155287
0.155587
0.156474
0.157937
0.159962
0.162537
0.165651
0.169290
0.173442
0.178095
0.183237
0.188855
0.194937
0.201470
0.208442
0.215840
0.223653
0.231868
0.240473
0.249455
0.258801
0.268500
0.278540
0.288907
0.299589
0.310574
0.321850
0.333404
0.345224
0.357298
0.369613
0.382156
0.394916
0.407880
0.421036
0.434371
0.447873
0.461530
0.475328
0.489257
0.503303
0.517455
0.531699
0.546023
0.560416
0.574864
0.589355
0.603877
0.618418
0.632965
0.647506
0.662028
0.676520
0.690968
0.705360
0.719685
0.733929
0.748080
0.762126
0.776055
0.789854
0.803511
0.817013
0.830348
0.843503
0.856467
0.869227
0.881771
0.894086
0.906159
0.917979
0.929534
0.940809
0.951795
0.962477
0.972844
0.982883
0.992582
1.001929
1.010911
1.019515
1.027730
1.035543
1.042942
1.049914
1.056447
1.062529
1.068147
1.073288
1.077941
1.082094
1.085733
1.088846
1.091422
1.093447
1.094909
1.095797
1.096097
1.096097
0.166563
0.166563
0.166863
0.167750
0.169213
0.171238
0.173813
0.176927
0.180566
0.184718
0.189371
0.194513
0.200131
0.206212
0.212746
0.219718
0.227116
0.234929
0.243144
0.251749
0.260731
0.270077
0.279776
0.289816
0.300182
0.310865
0.321850
0.333126
0.344680
0.356500
0.368574
0.380888
0.393432
0.406192
0.419156
0.432312
0.445647
0.459149
0.472805
0.486604
0.500533
0.514579
0.528730
0.542975
0.557299
0.571691
0.586140
0.600631
0.615153
0.629694
0.644241
0.658782
0.673304
0.687796
0.702244
0.716636
0.730961
0.745205
0.759356
0.773402
0.787331
0.801130
0.814787
0.828289
0.841624
0.854779
0.867743
0.880503
0.893047
0.905362
0.917435
0.929255
0.940809
0.952085
0.963071
0.973753
0.984120
0.994159
1.003858
1.013205
1.022186
1.030791
1.039006
1.046819
1.054218
1.061190
1.067723
1.073805
1.079422
1.084564
1.089217
1.093370
1.097009
1.100122
1.102698
1.104723
1.106185
1.107073
1.107373
1.107373
0.178117
0.178117
0.178417
0.179304
0.180767
0.182792
0.185367
0.188481
0.192120
0.196272
0.200925
0.206067
0.211685
0.217767
0.224300
0.231272
0.238671
0.246484
0.254699
0.263303
0.272285
0.281631
0.291331
0.301370
0.311737
0.322419
0.333404
0.344680
0.356234
0.368054
0.380128
0.392443
0.404986
0.417746
0.430710
0.443866
0.457201
0.470703
0.484360
0.498158
0.512087
0.526133
0.540285
0.554529
0.568853
0.583246
0.597694
0.612185
0.626707
0.641248
0.655795
0.670336
0.684859
0.699350
0.713798
0.728191
0.742515
0.756759
0.770910
0.784957
0.798885
0.812684
0.826341
0.839843
0.853178
0.866333
0.879298
0.892058
0.904601
0.916916
0.928989
0.940809
0.952364
0.963640
0.974625
0.985307
0.995674
1.005713
1.015412
1.024759
1.033741
1.042345
1.050560
1.058373
1.065772
1.072744
1.079277
1.085359
1.090977
1.096118
1.100771
1.104924
1.108563
1.111676
1.114252
1.116277
1.117739
1.118627
1.118927
1.118927
0.189937
0.189937
0.190237
0.191124
0.192587
0.194612
0.197187
0.200301
0.203940
0.208092
0.212746
0.217887
0.223505
0.229587
0.236120
0.243092
0.250491
0.258304
0.266519
0.275123
0.284105
0.293452
0.303151
0.313190
0.323557
0.334239
0.345224
0.356500
0.368054
0.379874
0.391948
0.404263
0.416806
0.429566
0.442530
0.455686
0.469021
0.482523
0.496180
0.509979
0.523907
0.537953
0.552105
0.566349
0.580673
0.595066
0.609514
0.624005
0.638527
0.653068
0.667615
0.682156
0.696679
0.711170
0.725618
0.740011
0.754335
0.768579
0.782730
0.796777
0.810705
0.824504
0.838161
0.851663
0.864998
0.878154
0.891118
0.903878
0.916421
0.928736
0.940809
0.952630
0.964184
0.975460
0.986445
0.997127
1.007494
1.017533
1.027232
1.036579
1.045561
1.054165
1.062380
1.070193
1.077592
1.084564
1.091097
1.097179
1.102797
1.107938
1.112592
1.116744
1.120383
1.123496
1.126072
1.128097
1.129560
1.130447
1.130747
1.130747
0.202011
0.202011
0.202311
0.203198
0.204660
0.206686
0.209261
0.212375
0.216014
0.220166
0.224819
0.229961
0.235579
0.241660
0.248193
0.255165
0.262564
0.270377
0.278592
0.287197
0.296179
0.305525
0.315224
0.325263
0.335630
0.346313
0.357298
0.368574
0.380128
0.391948
0.404022
0.416336
0.428880
0.441640
0.454604
0.467760
0.481095
0.494597
0.508253
0.522052
0.535981
0.550027
0.564178
0.578422
0.592747
0.607139
0.621587
0.636079
0.650601
0.665142
0.679689
0.694230
0.708752
0.723244
0.737692
0.752084
0.766409
0.780653
0.794804
0.808850
0.822779
0.836578
0.850234
0.863736
0.877071
0.890227
0.903191
0.915951
0.928495
0.940809
0.952883
0.964703
0.976257
0.987533
0.998518
1.009201
1.019568
1.029607
1.039306
1.048653
1.057634
1.066239
1.074454
1.082267
1.089666
1.096638
1.103171
1.109252
1.114870
1.120012
1.124665
1.128817
1.132457
1.135570
1.138146
1.140171
1.141633
1.142520
1.142820
1.142820
0.214325
0.214325
0.214625
0.215513
0.216975
0.219000
0.221576
0.224689
0.228328
0.232481
0.237134
0.242276
0.247893
0.253975
0.260508
0.267480
0.274879
0.282692
0.290907
0.299512
0.308493
0.317840
0.327539
0.337578
0.347945
0.358627
0.369613
0.380888
0.392443
0.404263
0.416336
0.428651
0.441195
0.453955
0.466919
0.480074
0.493409
0.506911
0.520568
0.534367
0.548296
0.562342
0.576493
0.590737
0.605062
0.619454
0.633902
0.648394
0.662916
0.677457
0.692004
0.706545
0.721067
0.735558
0.750006
0.764399
0.778723
0.792967
0.807119
0.821165
0.835094
0.848892
0.862549
0.876051
0.889386
0.902542
0.915506
0.928266
0.940809
0.953124
0.965198
0.977018
0.988572
0.999848
1.010833
1.021516
1.031882
1.041922
1.051621
1.060967
1.069949
1.078554
1.086769
1.094582
1.101980
1.108952
1.115486
1.121567
1.127185
1.132327
1.136980
1.141132
1.144771
1.147885
1.150460
1.152485
1.153948
1.154835
1.155135
1.155135
0.226869
0.226869
0.227169
0.228056
0.229519
0.231544
0.234119
0.237233
0.240872
0.245024
0.249677
0.254819
0.260437
0.266519
0.273052
0.280024
0.287422
0.295236
0.303451
0.312055
0.321037
0.330383
0.340082
0.350122
0.360489
0.371171
0.382156
0.393432
0.404986
0.416806
0.428880
0.441195
0.453738
0.466498
0.479462
0.492618
0.505953
0.519455
0.533112
0.546910
0.560839
0.574885
0.589037
0.603281
0.617605
0.631998
0.646446
0.660937
0.675459
0.690000
0.704547
0.719088
0.733611
0.748102
0.762550
0.776943
0.791267
0.805511
0.819662
0.833709
0.847637
0.861436
0.875093
0.888595
0.901930
0.915085
0.928050
0.940809
0.953353
0.965668
0.977741
0.989561
1.001116
1.012392
1.023377
1.034059
1.044426
1.054465
1.064164
1.073511
1.082493
1.091097
1.099312
1.107125
1.114524
1.121496
1.128029
1.134111
1.139729
1.144870
1.149523
1.153676
1.157315
1.160428
1.163004
1.165029
1.166491
1.167379
1.167679
1.167679
0.239629
0.239629
0.239929
0.240816
0.242279
0.244304
0.246879
0.249993
0.253632
0.257784
0.262437
0.267579
0.273197
0.279279
0.285812
0.292784
0.300182
0.307995
0.316210
0.324815
0.333797
0.343143
0.352842
0.362882
0.373249
0.383931
0.394916
0.406192
0.417746
0.429566
0.441640
0.453955
0.466498
0.479258
0.492222
0.505378
0.518713
0.532215
0.545872
0.559670
0.573599
0.587645
0.601797
0.616041
0.630365
0.644758
0.659206
0.673697
0.688219
0.702760
0.717307
0.731848
0.746371
0.760862
0.775310
0.789702
0.804027
0.818271
0.832422
0.846468
0.860397
0.874196
0.887853
0.901355
0.914690
0.927845
0.940809
0.953569
0.966113
0.978428
0.990501
1.002321
1.013876
1.025152
1.036137
1.046819
1.057186
1.067225
1.076924
1.086271
1.095253
1.103857
1.112072
1.119885
1.127284
1.134256
1.140789
1.146871
1.152489
1.157630
1.162283
1.166436
1.170075
1.173188
1.175764
1.177789
1.179251
1.180139
1.180439
1.180439
0.252593
0.252593
0.252893
0.253780
0.255243
0.257268
0.259843
0.262957
0.266596
0.270748
0.275401
0.280543
0.286161
0.292243
0.298776
0.305748
0.313146
0.320960
0.329175
0.337779
0.346761
0.356107
0.365807
0.375846
0.386213
0.396895
0.407880
0.419156
0.430710
0.442530
0.454604
0.466919
0.479462
0.492222
0.505186
0.518342
0.531677
0.545179
0.558836
0.572634
0.586563
0.600609
0.614761
0.629005
0.643329
0.657722
0.672170
0.686661
0.701183
0.715724
0.730271
0.744812
0.759335
0.773826
0.788274
0.802667
0.816991
0.831235
0.845386
0.859433
0.873361
0.887160
0.900817
0.914319
0.927654
0.940809
0.953774
0.966534
0.979077
0.991392
1.003465
1.015285
1.026840
1.038116
1.049101
1.059783
1.070150
1.080189
1.089888
1.099235
1.108217
1.116821
1.125036
1.132849
1.140248
1.147220
1.153753
1.159835
1.165453
1.170594
1.175248
1.179400
1.183039
1.186152
1.188728
1.190753
1.192215
1.193103
1.193403
1.193403
0.265749
0.265749
0.266049
0.266936
0.268398
0.270424
0.272999
0.276113
0.279752
0.283904
0.288557
0.293699
0.299317
0.305398
0.311931
0.318903
0.326302
0.334115
0.342330
0.350935
0.359917
0.369263
0.378962
0.389001
0.399368
0.410051
0.421036
0.432312
0.443866
0.455686
0.467760
0.480074
0.492618
0.505378
0.518342
0.531498
0.544833
0.558335
0.571991
0.585790
0.599719
0.613765
0.627916
0.642160
0.656485
0.670877
0.685325
0.699817
0.714339
0.728880
0.743427
0.757968
0.772490
0.786982
0.801430
0.815822
0.830147
0.844391
0.858542
0.872588
0.886517
0.900316
0.913972
0.927474
0.940809
0.953965
0.966929
0.979689
0.992233
1.004548
1.016621
1.028441
1.039995
1.051271
1.062257
1.072939
1.083306
1.093345
1.103044
1.112391
1.121372
1.129977
1.138192
1.146005
1.153404
1.160376
1.166909
1.172990
1.178608
1.183750
1.188403
1.192556
1.196195
1.199308
1.201884
1.203909
1.205371
1.206259
1.206558
1.206558
0.279084
0.279084
0.279384
0.280271
0.281734
0.283759
0.286334
0.289448
0.293087
0.297239
0.301892
0.307034
0.312652
0.318733
0.325266
0.332239
0.339637
0.347450
0.355665
0.364270
0.373252
0.382598
0.392297
0.402336
0.412703
0.423386
0.434371
0.445647
0.457201
0.469021
0.481095
0.493409
0.505953
0.518713
0.531677
0.544833
0.558168
0.571670
0.585326
0.599125
0.613054
0.627100
0.641251
0.655495
0.669820
0.684212
0.698660
0.713152
0.727674
0.742215
0.756762
0.771303
0.785825
0.800317
0.814765
0.829157
0.843482
0.857726
0.871877
0.885923
0.899852
0.913651
0.927307
0.940809
0.954145
0.967300
0.980264
0.993024
1.005568
1.017883
1.029956
1.041776
1.053330
1.064606
1.075592
1.086274
1.096641
1.106680
1.116379
1.125726
1.134707
1.143312
1.151527
1.159340
1.166739
1.173711
1.180244
1.186326
1.191943
1.197085
1.201738
1.205891
1.209530
1.212643
1.215219
1.217244
1.218706
1.219594
1.219894
1.219894
0.292586
0.292586
0.292886
0.293773
0.295236
0.297261
0.299836
0.302950
0.306589
0.310741
0.315394
0.320536
0.326154
0.332235
0.338768
0.345741
0.353139
0.360952
0.369167
0.377772
0.386754
0.396100
0.405799
0.415838
0.426205
0.436888
0.447873
0.459149
0.470703
0.482523
0.494597
0.506911
0.519455
0.532215
0.545179
0.558335
0.571670
0.585172
0.598828
0.612627
0.626556
0.640602
0.654753
0.668997
0.683322
0.697714
0.712163
0.726654
0.741176
0.755717
0.770264
0.784805
0.799327
0.813819
0.828267
0.842659
0.856984
0.871228
0.885379
0.899425
0.913354
0.927153
0.940809
0.954312
0.967647
0.980802
0.993766
1.006526
1.019070
1.031385
1.043458
1.055278
1.066832
1.078108
1.089094
1.099776
1.110143
1.120182
1.129881
1.139228
1.148209
1.156814
1.165029
1.172842
1.180241
1.187213
1.193746
1.199828
1.205445
1.210587
1.215240
1.219393
1.223032
1.226145
1.228721
1.230746
1.232208
1.233096
1.233396
1.233396
0.306242
0.306242
0.306542
0.307430
0.308892
0.310917
0.313493
0.316606
0.320245
0.324398
0.329051
0.334193
0.339810
0.345892
0.352425
0.359397
0.366796
0.374609
0.382824
0.391428
0.400410
0.409757
0.419456
0.429495
0.439862
0.450544
0.461530
0.472805
0.484360
0.496180
0.508253
0.520568
0.533112
0.545872
0.558836
0.571991
0.585326
0.598828
0.612485
0.626284
0.640213
0.654259
0.668410
0.682654
0.696979
0.711371
0.725819
0.740311
0.754833
0.769374
0.783921
0.798462
0.812984
0.827475
0.841924
0.856316
0.870640
0.884884
0.899036
0.913082
0.927011
0.940809
0.954466
0.967968
0.981303
0.994459
1.007423
1.020183
1.032727
1.045041
1.057115
1.068935
1.080489
1.091765
1.102750
1.113433
1.123799
1.133839
1.143538
1.152884
1.161866
1.170471
1.178686
1.186499
1.193897
1.200869
1.207403
1.213484
1.219102
1.224244
1.228897
1.233049
1.236688
1.239802
1.242377
1.244402
1.245865
1.246752
1.247052
1.247052
0.320041
0.320041
0.320341
0.321229
0.322691
0.324716
0.327292
0.330405
0.334044
0.338196
0.342850
0.347991
0.353609
0.359691
0.366224
0.373196
0.380595
0.388408
0.396623
0.405227
0.414209
0.423556
0.433255
0.443294
0.453661
0.464343
0.475328
0.486604
0.498158
0.509979
0.522052
0.534367
0.546910
0.559670
0.572634
0.585790
0.599125
0.612627
0.626284
0.640083
0.654011
0.668058
0.682209
0.696453
0.710777
0.725170
0.739618
0.754109
0.768632
0.783173
0.797720
0.812260
0.826783
0.841274
0.855722
0.870115
0.884439
0.898683
0.912835
0.926881
0.940809
0.954608
0.968265
0.981767
0.995102
1.008258
1.021222
1.033982
1.046525
1.058840
1.070914
1.082734
1.094288
1.105564
1.116549
1.127231
1.137598
1.147637
1.157337
1.166683
1.175665
1.184269
1.192484
1.200298
1.207696
1.214668
1.221201
1.227283
1.232901
1.238043
1.242696
1.246848
1.250487
1.253601
1.256176
1.258201
1.259664
1.260551
1.260851
1.260851
0.333970
0.333970
0.334270
0.335157
0.336620
0.338645
0.341220
0.344334
0.347973
0.352125
0.356778
0.361920
0.367538
0.373620
0.380153
0.387125
0.394523
0.402336
0.410551
0.419156
0.428138
0.437484
0.447183
0.457223
0.467590
0.478272
0.489257
0.500533
0.512087
0.523907
0.535981
0.548296
0.560839
0.573599
0.586563
0.599719
0.613054
0.626556
0.640213
0.654011
0.667940
0.681986
0.696138
0.710382
0.724706
0.739099
0.753547
0.768038
0.782560
0.797101
0.811648
0.826189
0.840712
0.855203
0.869651
0.884043
0.898368
0.912612
0.926763
0.940809
0.954738
0.968537
0.982194
0.995696
1.009031
1.022186
1.035150
1.047910
1.060454
1.072769
1.084842
1.096662
1.108217
1.119493
1.130478
1.141160
1.151527
1.161566
1.171265
1.180612
1.189594
1.198198
1.206413
1.214226
1.221625
1.228597
1.235130
1.241212
1.246830
1.251971
1.256624
1.260777
1.264416
1.267529
1.270105
1.272130
1.273592
1.274480
1.274780
1.274780
0.348016
0.348016
0.348316
0.349203
0.350666
0.352691
0.355266
0.358380
0.362019
0.366171
0.370825
0.375966
0.381584
0.387666
0.394199
0.401171
0.408570
0.416383
0.424598
0.433202
0.442184
0.451531
0.461230
0.471269
0.481636
0.492318
0.503303
0.514579
0.526133
0.537953
0.550027
0.562342
0.574885
0.587645
0.600609
0.613765
0.627100
0.640602
0.654259
0.668058
0.681986
0.696032
0.710184
0.724428
0.738752
0.753145
0.767593
0.782084
0.796607
0.811147
0.825694
0.840235
0.854758
0.869249
0.883697
0.898090
0.912414
0.926658
0.940809
0.954856
0.968784
0.982583
0.996240
1.009742
1.023077
1.036233
1.049197
1.061957
1.074500
1.086815
1.098889
1.110709
1.122263
1.133539
1.144524
1.155206
1.165573
1.175612
1.185311
1.194658
1.203640
1.212244
1.220459
1.228272
1.235671
1.242643
1.249176
1.255258
1.260876
1.266017
1.270671
1.274823
1.278462
1.281576
1.284151
1.286176
1.287639
1.288526
1.288826
1.288826
0.362167
0.362167
0.362467
0.363355
0.364817
0.366842
0.369418
0.372531
0.376170
0.380323
0.384976
0.390118
0.395735
0.401817
0.408350
0.415322
0.422721
0.430534
0.438749
0.447354
0.456335
0.465682
0.475381
0.485420
0.495787
0.506469
0.517455
0.528730
0.540285
0.552105
0.564178
0.576493
0.589037
0.601797
0.614761
0.627916
0.641251
0.654753
0.668410
0.682209
0.696138
0.710184
0.724335
0.738579
0.752904
0.767296
0.781744
0.796236
0.810758
0.825299
0.839846
0.854387
0.868909
0.883400
0.897849
0.912241
0.926565
0.940809
0.954961
0.969007
0.982936
0.996735
1.010391
1.023893
1.037228
1.050384
1.063348
1.076108
1.088652
1.100966
1.113040
1.124860
1.136414
1.147690
1.158675
1.169358
1.179724
1.189764
1.199463
1.208809
1.217791
1.226396
1.234611
1.242424
1.249822
1.256795
1.263328
1.269409
1.275027
1.280169
1.284822
1.288974
1.292613
1.295727
1.298302
1.300327
1.301790
1.302677
1.302977
1.302977
0.376412
0.376412
0.376711
0.377599
0.379061
0.381086
0.383662
0.386775
0.390414
0.394567
0.399220
0.404362
0.409979
0.416061
0.422594
0.429566
0.436965
0.444778
0.452993
0.461598
0.470579
0.479926
0.489625
0.499664
0.510031
0.520713
0.531699
0.542975
0.554529
0.566349
0.578422
0.590737
0.603281
0.616041
0.629005
0.642160
0.655495
0.668997
0.682654
0.696453
0.710382
0.724428
0.738579
0.752823
0.767148
0.781540
0.795988
0.810480
0.825002
0.839543
0.854090
0.868631
0.883153
0.897644
0.912093
0.926485
0.940809
0.955054
0.969205
0.983251
0.997180
1.010979
1.024635
1.038137
1.051472
1.064628
1.077592
1.090352
1.102896
1.115210
1.127284
1.139104
1.150658
1.161934
1.172919
1.183602
1.193969
1.204008
1.213707
1.223053
1.232035
1.240640
1.248855
1.256668
1.264067
1.271039
1.277572
1.283653
1.289271
1.294413
1.299066
1.303218
1.306857
1.309971
1.312546
1.314572
1.316034
1.316921
1.317221
1.317221
0.390736
0.390736
0.391036
0.391923
0.393386
0.395411
0.397986
0.401100
0.404739
0.408891
0.413544
0.418686
0.424304
0.430386
0.436919
0.443891
0.451289
0.459102
0.467317
0.475922
0.484904
0.494250
0.503949
0.513989
0.524356
0.535038
0.546023
0.557299
0.568853
0.580673
0.592747
0.605062
0.617605
0.630365
0.643329
0.656485
0.669820
0.683322
0.696979
0.710777
0.724706
0.738752
0.752904
0.767148
0.781472
0.795865
0.810313
0.824804
0.839326
0.853867
0.868414
0.882955
0.897477
0.911969
0.926417
0.940809
0.955134
0.969378
0.983529
0.997575
1.011504
1.025303
1.038960
1.052462
1.065797
1.078952
1.091916
1.104676
1.117220
1.129535
1.141608
1.153428
1.164983
1.176259
1.187244
1.197926
1.208293
1.218332
1.228031
1.237378
1.246360
1.254964
1.263179
1.270992
1.278391
1.285363
1.291896
1.297978
1.303596
1.308737
1.313390
1.317543
1.321182
1.324295
1.326871
1.328896
1.330358
1.331246
1.331546
1.331546
0.405128
0.405128
0.405428
0.406316
0.407778
0.409803
0.412379
0.415492
0.419131
0.423284
0.427937
0.433079
0.438696
0.444778
0.451311
0.458283
0.465682
0.473495
0.481710
0.490314
0.499296
0.508643
0.518342
0.528381
0.538748
0.549430
0.560416
0.571691
0.583246
0.595066
0.607139
0.619454
0.631998
0.644758
0.657722
0.670877
0.684212
0.697714
0.711371
0.725170
0.739099
0.753145
0.767296
0.781540
0.795865
0.810257
0.824705
0.839197
0.853719
0.868260
0.882807
0.897348
0.911870
0.926361
0.940809
0.955202
0.969526
0.983770
0.997922
1.011968
1.025897
1.039695
1.053352
1.066854
1.080189
1.093345
1.106309
1.119069
1.131612
1.143927
1.156001
1.167821
1.179375
1.190651
1.201636
1.212319
1.222685
1.232725
1.242424
1.251770
1.260752
1.269357
1.277572
1.285385
1.292783
1.299755
1.306289
1.312370
1.317988
1.323130
1.327783
1.331935
1.335574
1.338688
1.341263
1.343288
1.344751
1.345638
1.345938
1.345938
0.419577
0.419577
0.419876
0.420764
0.422226
0.424251
0.426827
0.429940
0.433579
0.437732
0.442385
0.447527
0.453145
0.459226
0.465759
0.472731
0.480130
0.487943
0.496158
0.504763
0.513744
0.523091
0.532790
0.542829
0.553196
0.563878
0.574864
0.586140
0.597694
0.609514
0.621587
0.633902
0.646446
0.659206
0.672170
0.685325
0.698660
0.712163
0.725819
0.739618
0.753547
0.767593
0.781744
0.795988
0.810313
0.824705
0.839153
0.853645
0.868167
0.882708
0.897255
0.911796
0.926318
0.940809
0.955258
0.969650
0.983975
0.998219
1.012370
1.026416
1.040345
1.054144
1.067800
1.081302
1.094637
1.107793
1.120757
1.133517
1.146061
1.158375
1.170449
1.182269
1.193823
1.205099
1.216084
1.226767
1.237134
1.247173
1.256872
1.266218
1.275200
1.283805
1.292020
1.299833
1.307232
1.314204
1.320737
1.326818
1.332436
1.337578
1.342231
1.346383
1.350022
1.353136
1.355711
1.357737
1.359199
1.360086
1.360386
1.360386
0.434068
0.434068
0.434368
0.435255
0.436718
0.438743
0.441318
0.444432
0.448071
0.452223
0.456876
0.462018
0.467636
0.473718
0.480251
0.487223
0.494621
0.502434
0.510649
0.519254
0.528236
0.537582
0.547281
0.557321
0.567687
0.578370
0.589355
0.600631
0.612185
0.624005
0.636079
0.648394
0.660937
0.673697
0.686661
0.699817
0.713152
0.726654
0.740311
0.754109
0.768038
0.782084
0.796236
0.810480
0.824804
0.839197
0.853645
0.868136
0.882658
0.897199
0.911746
0.926287
0.940809
0.955301
0.969749
0.984141
0.998466
1.012710
1.026861
1.040907
1.054836
1.068635
1.082292
1.095794
1.109129
1.122284
1.135248
1.148008
1.160552
1.172867
1.184940
1.196760
1.208315
1.219591
1.230576
1.241258
1.251625
1.261664
1.271363
1.280710
1.289692
1.298296
1.306511
1.314324
1.321723
1.328695
1.335228
1.341310
1.346928
1.352069
1.356722
1.360875
1.364514
1.367627
1.370203
1.372228
1.373690
1.374578
1.374878
1.374878
0.448590
0.448590
0.448890
0.449778
0.451240
0.453265
0.455841
0.458954
0.462593
0.466745
0.471399
0.476540
0.482158
0.488240
0.494773
0.501745
0.509144
0.516957
0.525172
0.533776
0.542758
0.552105
0.561804
0.571843
0.582210
0.592892
0.603877
0.615153
0.626707
0.638527
0.650601
0.662916
0.675459
0.688219
0.701183
0.714339
0.727674
0.741176
0.754833
0.768632
0.782560
0.796607
0.810758
0.825002
0.839326
0.853719
0.868167
0.882658
0.897181
0.911722
0.926269
0.940809
0.955332
0.969823
0.984271
0.998664
1.012988
1.027232
1.041384
1.055430
1.069359
1.083157
1.096814
1.110316
1.123651
1.136807
1.149771
1.162531
1.175074
1.187389
1.199463
1.211283
1.222837
1.234113
1.245098
1.255780
1.266147
1.276186
1.285886
1.295232
1.304214
1.312818
1.321033
1.328847
1.336245
1.343217
1.349750
1.355832
1.361450
1.366592
1.371245
1.375397
1.379036
1.382150
1.384725
1.386750
1.388213
1.389100
1.389400
1.389400
0.463131
0.463131
0.463431
0.464318
0.465781
0.467806
0.470381
0.473495
0.477134
0.481286
0.485940
0.491081
0.496699
0.502781
0.509314
0.516286
0.523685
0.531498
0.539713
0.548317
0.557299
0.566646
0.576345
0.586384
0.596751
0.607433
0.618418
0.629694
0.641248
0.653068
0.665142
0.677457
0.690000
0.702760
0.715724
0.728880
0.742215
0.755717
0.769374
0.783173
0.797101
0.811147
0.825299
0.839543
0.853867
0.868260
0.882708
0.897199
0.911722
0.926262
0.940809
0.955350
0.969873
0.984364
0.998812
1.013205
1.027529
1.041773
1.055925
1.069971
1.083899
1.097698
1.111355
1.124857
1.138192
1.151348
1.164312
1.177072
1.189615
1.201930
1.214004
1.225824
1.237378
1.248654
1.259639
1.270321
1.280688
1.290727
1.300426
1.309773
1.318755
1.327359
1.335574
1.343387
1.350786
1.357758
1.364291
1.370373
1.375991
1.381132
1.385786
1.389938
1.393577
1.396691
1.399266
1.401291
1.402754
1.403641
1.403941
1.403941
0.477678
0.477678
0.477978
0.478865
0.480328
0.482353
0.484929
0.488042
0.491681
0.495833
0.500487
0.505628
0.511246
0.517328
0.523861
0.530833
0.538232
0.546045
0.554260
0.562864
0.571846
0.581193
0.590892
0.600931
0.611298
0.621980
0.632965
0.644241
0.655795
0.667615
0.679689
0.692004
0.704547
0.717307
0.730271
0.743427
0.756762
0.770264
0.783921
0.797720
0.811648
0.825694
0.839846
0.854090
0.868414
0.882807
0.897255
0.911746
0.926269
0.940809
0.955357
0.969897
0.984420
0.998911
1.013359
1.027752
1.042076
1.056320
1.070472
1.084518
1.098446
1.112245
1.125902
1.139404
1.152739
1.165895
1.178859
1.191619
1.204162
1.216477
1.228551
1.240371
1.251925
1.263201
1.274186
1.284868
1.295235
1.305274
1.314973
1.324320
1.333302
1.341906
1.350121
1.357934
1.365333
1.372305
1.378838
1.384920
1.390538
1.395680
1.400333
1.404485
1.408124
1.411238
1.413813
1.415838
1.417301
1.418188
1.418488
1.418488
0.492219
0.492219
0.492519
0.493406
0.494869
0.496894
0.499469
0.502583
0.506222
0.510374
0.515027
0.520169
0.525787
0.531869
0.538402
0.545374
0.552773
0.560586
0.568801
0.577405
0.586387
0.595733
0.605433
0.615472
0.625839
0.636521
0.647506
0.658782
0.670336
0.682156
0.694230
0.706545
0.719088
0.731848
0.744812
0.757968
0.771303
0.784805
0.798462
0.812260
0.826189
0.840235
0.854387
0.868631
0.882955
0.897348
0.911796
0.926287
0.940809
0.955350
0.969897
0.984438
0.998961
1.013452
1.027900
1.042293
1.056617
1.070861
1.085012
1.099059
1.112987
1.126786
1.140443
1.153945
1.167280
1.180436
1.193400
1.206160
1.218703
1.231018
1.243092
1.254912
1.266466
1.277742
1.288727
1.299409
1.309776
1.319815
1.329514
1.338861
1.347843
1.356447
1.364662
1.372475
1.379874
1.386846
1.393379
1.399461
1.405079
1.410220
1.414874
1.419026
1.422665
1.425778
1.428354
1.430379
1.431842
1.432729
1.433029
1.433029
0.506741
0.506741
0.507041
0.507929
0.509391
0.511416
0.513992
0.517105
0.520744
0.524897
0.529550
0.534691
0.540309
0.546391
0.552924
0.559896
0.567295
0.575108
0.583323
0.591927
0.600909
0.610256
0.619955
0.629994
0.640361
0.651043
0.662028
0.673304
0.684859
0.696679
0.708752
0.721067
0.733611
0.746371
0.759335
0.772490
0.785825
0.799327
0.812984
0.826783
0.840712
0.854758
0.868909
0.883153
0.897477
0.911870
0.926318
0.940809
0.955332
0.969873
0.984420
0.998961
1.013483
1.027974
1.042422
1.056815
1.071139
1.085383
1.099535
1.113581
1.127510
1.141308
1.154965
1.168467
1.181802
1.194958
1.207922
1.220682
1.233225
1.245540
1.257614
1.269434
1.280988
1.292264
1.303249
1.313932
1.324298
1.334338
1.344037
1.353383
1.362365
1.370970
1.379185
1.386998
1.394396
1.401368
1.407902
1.413983
1.419601
1.424743
1.429396
1.433548
1.437187
1.440301
1.442876
1.444901
1.446364
1.447251
1.447551
1.447551
0.521233
0.521233
0.521533
0.522420
0.523882
0.525908
0.528483
0.531597
0.535236
0.539388
0.544041
0.549183
0.554801
0.560882
0.567415
0.574387
0.581786
0.589599
0.597814
0.606419
0.615401
0.624747
0.634446
0.644485
0.654852
0.665535
0.676520
0.687796
0.699350
0.711170
0.723244
0.735558
0.748102
0.760862
0.773826
0.786982
0.800317
0.813819
0.827475
0.841274
0.855203
0.869249
0.883400
0.897644
0.911969
0.926361
0.940809
0.955301
0.969823
0.984364
0.998911
1.013452
1.027974
1.042466
1.056914
1.071306
1.085631
1.099875
1.114026
1.128072
1.142001
1.155800
1.169456
1.182959
1.196294
1.209449
1.222413
1.235173
1.247717
1.260032
1.272105
1.283925
1.295479
1.306755
1.317741
1.328423
1.338790
1.348829
1.358528
1.367875
1.376856
1.385461
1.393676
1.401489
1.408888
1.415860
1.422393
1.428475
1.434092
1.439234
1.443887
1.448040
1.451679
1.454792
1.457368
1.459393
1.460855
1.461743
1.462043
1.462043
0.535681
0.535681
0.535981
0.536868
0.538331
0.540356
0.542931
0.546045
0.549684
0.553836
0.558489
0.563631
0.569249
0.575331
0.581864
0.588836
0.596234
0.604047
0.612262
0.620867
0.629849
0.639195
0.648894
0.658934
0.669300
0.679983
0.690968
0.702244
0.713798
0.725618
0.737692
0.750006
0.762550
0.775310
0.788274
0.801430
0.814765
0.828267
0.841924
0.855722
0.869651
0.883697
0.897849
0.912093
0.926417
0.940809
0.955258
0.969749
0.984271
0.998812
1.013359
1.027900
1.042422
1.056914
1.071362
1.085754
1.100079
1.114323
1.128474
1.142520
1.156449
1.170248
1.183905
1.197407
1.210742
1.223897
1.236861
1.249621
1.262165
1.274480
1.286553
1.298373
1.309928
1.321204
1.332189
1.342871
1.353238
1.363277
1.372976
1.382323
1.391305
1.399909
1.408124
1.415937
1.423336
1.430308
1.436841
1.442923
1.448541
1.453682
1.458335
1.462488
1.466127
1.469240
1.471816
1.473841
1.475303
1.476191
1.476491
1.476491
0.550073
0.550073
0.550373
0.551261
0.552723
0.554748
0.557324
0.560437
0.564076
0.568229
0.572882
0.578023
0.583641
0.589723
0.596256
0.603228
0.610627
0.618440
0.626655
0.635259
0.644241
0.653588
0.663287
0.673326
0.683693
0.694375
0.705360
0.716636
0.728191
0.740011
0.752084
0.764399
0.776943
0.789702
0.802667
0.815822
0.829157
0.842659
0.856316
0.870115
0.884043
0.898090
0.912241
0.926485
0.940809
0.955202
0.969650
0.984141
0.998664
1.013205
1.027752
1.042293
1.056815
1.071306
1.085754
1.100147
1.114471
1.128715
1.142867
1.156913
1.170842
1.184640
1.198297
1.211799
1.225134
1.238290
1.251254
1.264014
1.276557
1.288872
1.300946
1.312766
1.324320
1.335596
1.346581
1.357264
1.367630
1.377670
1.387369
1.396715
1.405697
1.414302
1.422517
1.430330
1.437728
1.444700
1.451234
1.457315
1.462933
1.468075
1.472728
1.476880
1.480519
1.483633
1.486208
1.488233
1.489696
1.490583
1.490883
1.490883
0.564398
0.564398
0.564698
0.565585
0.567047
0.569073
0.571648
0.574762
0.578401
0.582553
0.587206
0.592348
0.597966
0.604047
0.610580
0.617553
0.624951
0.632764
0.640979
0.649584
0.658566
0.667912
0.677611
0.687650
0.698017
0.708700
0.719685
0.730961
0.742515
0.754335
0.766409
0.778723
0.791267
0.804027
0.816991
0.830147
0.843482
0.856984
0.870640
0.884439
0.898368
0.912414
0.926565
0.940809
0.955134
0.969526
0.983975
0.998466
1.012988
1.027529
1.042076
1.056617
1.071139
1.085631
1.100079
1.114471
1.128796
1.143040
1.157191
1.171237
1.185166
1.198965
1.212622
1.226124
1.239459
1.252614
1.265578
1.278338
1.290882
1.303197
1.315270
1.327090
1.338645
1.349920
1.360906
1.371588
1.381955
1.391994
1.401693
1.411040
1.420022
1.428626
1.436841
1.444654
1.452053
1.459025
1.465558
1.471640
1.477257
1.482399
1.487052
1.491205
1.494844
1.497957
1.500533
1.502558
1.504020
1.504908
1.505208
1.505208
0.578642
0.578642
0.578942
0.579829
0.581292
0.583317
0.585892
0.589006
0.592645
0.596797
0.601450
0.606592
0.612210
0.618291
0.624825
0.631797
0.639195
0.647008
0.655223
0.663828
0.672810
0.682156
0.691855
0.701895
0.712261
0.722944
0.733929
0.745205
0.756759
0.768579
0.780653
0.792967
0.805511
0.818271
0.831235
0.844391
0.857726
0.871228
0.884884
0.898683
0.912612
0.926658
0.940809
0.955054
0.969378
0.983770
0.998219
1.012710
1.027232
1.041773
1.056320
1.070861
1.085383
1.099875
1.114323
1.128715
1.143040
1.157284
1.171435
1.185481
1.199410
1.213209
1.226866
1.240368
1.253703
1.266858
1.279822
1.292582
1.305126
1.317441
1.329514
1.341334
1.352889
1.364164
1.375150
1.385832
1.396199
1.406238
1.415937
1.425284
1.434266
1.442870
1.451085
1.458898
1.466297
1.473269
1.479802
1.485884
1.491502
1.496643
1.501296
1.505449
1.509088
1.512201
1.514777
1.516802
1.518264
1.519152
1.519452
1.519452
0.592793
0.592793
0.593093
0.593980
0.595443
0.597468
0.600043
0.603157
0.606796
0.610948
0.615602
0.620743
0.626361
0.632443
0.638976
0.645948
0.653347
0.661160
0.669375
0.677979
0.686961
0.696308
0.706007
0.716046
0.726413
0.737095
0.748080
0.759356
0.770910
0.782730
0.794804
0.807119
0.819662
0.832422
0.845386
0.858542
0.871877
0.885379
0.899036
0.912835
0.926763
0.940809
0.954961
0.969205
0.983529
0.997922
1.012370
1.026861
1.041384
1.055925
1.070472
1.085012
1.099535
1.114026
1.128474
1.142867
1.157191
1.171435
1.185587
1.199633
1.213561
1.227360
1.241017
1.254519
1.267854
1.281010
1.293974
1.306734
1.319277
1.331592
1.343666
1.355486
1.367040
1.378316
1.389301
1.399983
1.410350
1.420389
1.430088
1.439435
1.448417
1.457021
1.465236
1.473049
1.480448
1.487420
1.493953
1.500035
1.505653
1.510795
1.515448
1.519600
1.523239
1.526353
1.528928
1.530953
1.532416
1.533303
1.533603
1.533603
0.606839
0.606839
0.607139
0.608027
0.609489
0.611514
0.614090
0.617203
0.620842
0.624995
0.629648
0.634789
0.640407
0.646489
0.653022
0.659994
0.667393
0.675206
0.683421
0.692025
0.701007
0.710354
0.720053
0.730092
0.740459
0.751141
0.762126
0.773402
0.784957
0.796777
0.808850
0.821165
0.833709
0.846468
0.859433
0.872588
0.885923
0.899425
0.913082
0.926881
0.940809
0.954856
0.969007
0.983251
0.997575
1.011968
1.026416
1.040907
1.055430
1.069971
1.084518
1.099059
1.113581
1.128072
1.142520
1.156913
1.171237
1.185481
1.199633
1.213679
1.227608
1.241406
1.255063
1.268565
1.281900
1.295056
1.308020
1.320780
1.333323
1.345638
1.357712
1.369532
1.381086
1.392362
1.403347
1.414030
1.424396
1.434436
1.444135
1.453481
1.462463
1.471068
1.479283
1.487096
1.494494
1.501466
1.508000
1.514081
1.519699
1.524841
1.529494
1.533646
1.537285
1.540399
1.542974
1.544999
1.546462
1.547349
1.547649
1.547649
0.620768
0.620768
0.621068
0.621955
0.623418
0.625443
0.628018
0.631132
0.634771
0.638923
0.643576
0.648718
0.654336
0.660418
0.666951
0.673923
0.681322
0.689135
0.697350
0.705954
0.714936
0.724282
0.733982
0.744021
0.754388
0.765070
0.776055
0.787331
0.798885
0.810705
0.822779
0.835094
0.847637
0.860397
0.873361
0.886517
0.899852
0.913354
0.927011
0.940809
0.954738
0.968784
0.982936
0.997180
1.011504
1.025897
1.040345
1.054836
1.069359
1.083899
1.098446
1.112987
1.127510
1.142001
1.156449
1.170842
1.185166
1.199410
1.213561
1.227608
1.241536
1.255335
1.268992
1.282494
1.295829
1.308985
1.321949
1.334709
1.347252
1.359567
1.371641
1.383461
1.395015
1.406291
1.417276
1.427958
1.438325
1.448364
1.458063
1.467410
1.476392
1.484996
1.493211
1.501024
1.508423
1.515395
1.521928
1.528010
1.533628
1.538769
1.543423
1.547575
1.551214
1.554328
1.556903
1.558928
1.560391
1.561278
1.561578
1.561578
0.634567
0.634567
0.634867
0.635754
0.637217
0.639242
0.641817
0.644931
0.648570
0.652722
0.657375
0.662517
0.668135
0.674216
0.680750
0.687722
0.695120
0.702933
0.711148
0.719753
0.728735
0.738081
0.747780
0.757820
0.768186
0.778869
0.789854
0.801130
0.812684
0.824504
0.836578
0.848892
0.861436
0.874196
0.887160
0.900316
0.913651
0.927153
0.940809
0.954608
0.968537
0.982583
0.996735
1.010979
1.025303
1.039695
1.054144
1.068635
1.083157
1.097698
1.112245
1.126786
1.141308
1.155800
1.170248
1.184640
1.198965
1.213209
1.227360
1.241406
1.255335
1.269134
1.282791
1.296293
1.309628
1.322783
1.335747
1.348507
1.361051
1.373366
1.385439
1.397259
1.408814
1.420090
1.431075
1.441757
1.452124
1.462163
1.471862
1.481209
1.490191
1.498795
1.507010
1.514823
1.522222
1.529194
1.535727
1.541809
1.547427
1.552568
1.557221
1.561374
1.565013
1.568126
1.570702
1.572727
1.574189
1.575077
1.575377
1.575377
0.648223
0.648223
0.648523
0.649411
0.650873
0.652898
0.655474
0.658587
0.662226
0.666379
0.671032
0.676174
0.681791
0.687873
0.694406
0.701378
0.708777
0.716590
0.724805
0.733410
0.742391
0.751738
0.761437
0.771476
0.781843
0.792525
0.803511
0.814787
0.826341
0.838161
0.850234
0.862549
0.875093
0.887853
0.900817
0.913972
0.927307
0.940809
0.954466
0.968265
0.982194
0.996240
1.010391
1.024635
1.038960
1.053352
1.067800
1.082292
1.096814
1.111355
1.125902
1.140443
1.154965
1.169456
1.183905
1.198297
1.212622
1.226866
1.241017
1.255063
1.268992
1.282791
1.296447
1.309949
1.323284
1.336440
1.349404
1.362164
1.374708
1.387022
1.399096
1.410916
1.422470
1.433746
1.444731
1.455414
1.465781
1.475820
1.485519
1.494865
1.503847
1.512452
1.520667
1.528480
1.535879
1.542851
1.549384
1.555465
1.561083
1.566225
1.570878
1.575030
1.578669
1.581783
1.584358
1.586384
1.587846
1.588733
1.589033
1.589033
0.661725
0.661725
0.662025
0.662913
0.664375
0.666400
0.668976
0.672089
0.675728
0.679881
0.684534
0.689676
0.695293
0.701375
0.707908
0.714880
0.722279
0.730092
0.738307
0.746912
0.755893
0.765240
0.774939
0.784978
0.795345
0.806027
0.817013
0.828289
0.839843
0.851663
0.863736
0.876051
0.888595
0.901355
0.914319
0.927474
0.940809
0.954312
0.967968
0.981767
0.995696
1.009742
1.023893
1.038137
1.052462
1.066854
1.081302
1.095794
1.110316
1.124857
1.139404
1.153945
1.168467
1.182959
1.197407
1.211799
1.226124
1.240368
1.254519
1.268565
1.282494
1.296293
1.309949
1.323451
1.336786
1.349942
1.362906
1.375666
1.388210
1.400524
1.412598
1.424418
1.435972
1.447248
1.458233
1.468916
1.479283
1.489322
1.499021
1.508367
1.517349
1.525954
1.534169
1.541982
1.549381
1.556353
1.562886
1.568967
1.574585
1.579727
1.584380
1.588532
1.592172
1.595285
1.597860
1.599886
1.601348
1.602235
1.602535
1.602535
0.675061
0.675061
0.675360
0.676248
0.677710
0.679735
0.682311
0.685424
0.689063
0.693216
0.697869
0.703011
0.708629
0.714710
0.721243
0.728215
0.735614
0.743427
0.751642
0.760247
0.769228
0.778575
0.788274
0.798313
0.808680
0.819362
0.830348
0.841624
0.853178
0.864998
0.877071
0.889386
0.901930
0.914690
0.927654
0.940809
0.954145
0.967647
0.981303
0.995102
1.009031
1.023077
1.037228
1.051472
1.065797
1.080189
1.094637
1.109129
1.123651
1.138192
1.152739
1.167280
1.181802
1.196294
1.210742
1.225134
1.239459
1.253703
1.267854
1.281900
1.295829
1.309628
1.323284
1.336786
1.350121
1.363277
1.376241
1.389001
1.401545
1.413859
1.425933
1.437753
1.449307
1.460583
1.471568
1.482251
1.492618
1.502657
1.512356
1.521703
1.530684
1.539289
1.547504
1.555317
1.562716
1.569688
1.576221
1.582302
1.587920
1.593062
1.597715
1.601867
1.605507
1.608620
1.611196
1.613221
1.614683
1.615570
1.615870
1.615870
0.688216
0.688216
0.688516
0.689404
0.690866
0.692891
0.695467
0.698580
0.702219
0.706372
0.711025
0.716166
0.721784
0.727866
0.734399
0.741371
0.748770
0.756583
0.764798
0.773402
0.782384
0.791731
0.801430
0.811469
0.821836
0.832518
0.843503
0.854779
0.866333
0.878154
0.890227
0.902542
0.915085
0.927845
0.940809
0.953965
0.967300
0.980802
0.994459
1.008258
1.022186
1.036233
1.050384
1.064628
1.078952
1.093345
1.107793
1.122284
1.136807
1.151348
1.165895
1.180436
1.194958
1.209449
1.223897
1.238290
1.252614
1.266858
1.281010
1.295056
1.308985
1.322783
1.336440
1.349942
1.363277
1.376433
1.389397
1.402157
1.414700
1.427015
1.439089
1.450909
1.462463
1.473739
1.484724
1.495407
1.505773
1.515813
1.525512
1.534858
1.543840
1.552445
1.560660
1.568473
1.575871
1.582843
1.589377
1.595458
1.601076
1.606218
1.610871
1.615023
1.618662
1.621776
1.624351
1.626376
1.627839
1.628726
1.629026
1.629026
0.701180
0.701180
0.701480
0.702368
0.703830
0.705855
0.708431
0.711544
0.715183
0.719336
0.723989
0.729130
0.734748
0.740830
0.747363
0.754335
0.761734
0.769547
0.777762
0.786366
0.795348
0.804695
0.814394
0.824433
0.834800
0.845482
0.856467
0.867743
0.879298
0.891118
0.903191
0.915506
0.928050
0.940809
0.953774
0.966929
0.980264
0.993766
1.007423
1.021222
1.035150
1.049197
1.063348
1.077592
1.091916
1.106309
1.120757
1.135248
1.149771
1.164312
1.178859
1.193400
1.207922
1.222413
1.236861
1.251254
1.265578
1.279822
1.293974
1.308020
1.321949
1.335747
1.349404
1.362906
1.376241
1.389397
1.402361
1.415121
1.427665
1.439979
1.452053
1.463873
1.475427
1.486703
1.497688
1.508371
1.518737
1.528777
1.538476
1.547822
1.556804
1.565409
1.573624
1.581437
1.588835
1.595808
1.602341
1.608422
1.614040
1.619182
1.623835
1.627987
1.631626
1.634740
1.637315
1.639340
1.640803
1.641690
1.641990
1.641990
0.713940
0.713940
0.714240
0.715128
0.716590
0.718615
0.721191
0.724304
0.727943
0.732096
0.736749
0.741890
0.747508
0.753590
0.760123
0.767095
0.774494
0.782307
0.790522
0.799126
0.808108
0.817455
0.827154
0.837193
0.847560
0.858242
0.869227
0.880503
0.892058
0.903878
0.915951
0.928266
0.940809
0.953569
0.966534
0.979689
0.993024
1.006526
1.020183
1.033982
1.047910
1.061957
1.076108
1.090352
1.104676
1.119069
1.133517
1.148008
1.162531
1.177072
1.191619
1.206160
1.220682
1.235173
1.249621
1.264014
1.278338
1.292582
1.306734
1.320780
1.334709
1.348507
1.362164
1.375666
1.389001
1.402157
1.415121
1.427881
1.440424
1.452739
1.464813
1.476633
1.488187
1.499463
1.510448
1.521131
1.531497
1.541537
1.551236
1.560582
1.569564
1.578169
1.586384
1.594197
1.601595
1.608567
1.615101
1.621182
1.626800
1.631942
1.636595
1.640747
1.644386
1.647500
1.650075
1.652100
1.653563
1.654450
1.654750
1.654750
0.726484
0.726484
0.726784
0.727671
0.729134
0.731159
0.733734
0.736848
0.740487
0.744639
0.749292
0.754434
0.760052
0.766133
0.772667
0.779639
0.787037
0.794850
0.803065
0.811670
0.820652
0.829998
0.839697
0.849737
0.860103
0.870786
0.881771
0.893047
0.904601
0.916421
0.928495
0.940809
0.953353
0.966113
0.979077
0.992233
1.005568
1.019070
1.032727
1.046525
1.060454
1.074500
1.088652
1.102896
1.117220
1.131612
1.146061
1.160552
1.175074
1.189615
1.204162
1.218703
1.233225
1.247717
1.262165
1.276557
1.290882
1.305126
1.319277
1.333323
1.347252
1.361051
1.374708
1.388210
1.401545
1.414700
1.427665
1.440424
1.452968
1.465283
1.477356
1.489176
1.500731
1.512007
1.522992
1.533674
1.544041
1.554080
1.563779
1.573126
1.582108
1.590712
1.598927
1.606740
1.614139
1.621111
1.627644
1.633726
1.639344
1.644485
1.649138
1.653291
1.656930
1.660043
1.662619
1.664644
1.666106
1.666994
1.667294
1.667294
0.738799
0.738799
0.739099
0.739986
0.741448
0.743473
0.746049
0.749162
0.752802
0.756954
0.761607
0.766749
0.772367
0.778448
0.784981
0.791953
0.799352
0.807165
0.815380
0.823985
0.832966
0.842313
0.852012
0.862051
0.872418
0.883100
0.894086
0.905362
0.916916
0.928736
0.940809
0.953124
0.965668
0.978428
0.991392
1.004548
1.017883
1.031385
1.045041
1.058840
1.072769
1.086815
1.100966
1.115210
1.129535
1.143927
1.158375
1.172867
1.187389
1.201930
1.216477
1.231018
1.245540
1.260032
1.274480
1.288872
1.303197
1.317441
1.331592
1.345638
1.359567
1.373366
1.387022
1.400524
1.413859
1.427015
1.439979
1.452739
1.465283
1.477598
1.489671
1.501491
1.513045
1.524321
1.535307
1.545989
1.556356
1.566395
1.576094
1.585441
1.594422
1.603027
1.611242
1.619055
1.626454
1.633426
1.639959
1.646040
1.651658
1.656800
1.661453
1.665606
1.669245
1.672358
1.674934
1.676959
1.678421
1.679309
1.679608
1.679608
0.750872
0.750872
0.751172
0.752059
0.753522
0.755547
0.758123
0.761236
0.764875
0.769027
0.773681
0.778822
0.784440
0.790522
0.797055
0.804027
0.811426
0.819239
0.827454
0.836058
0.845040
0.854387
0.864086
0.874125
0.884492
0.895174
0.906159
0.917435
0.928989
0.940809
0.952883
0.965198
0.977741
0.990501
1.003465
1.016621
1.029956
1.043458
1.057115
1.070914
1.084842
1.098889
1.113040
1.127284
1.141608
1.156001
1.170449
1.184940
1.199463
1.214004
1.228551
1.243092
1.257614
1.272105
1.286553
1.300946
1.315270
1.329514
1.343666
1.357712
1.371641
1.385439
1.399096
1.412598
1.425933
1.439089
1.452053
1.464813
1.477356
1.489671
1.501745
1.513565
1.525119
1.536395
1.547380
1.558062
1.568429
1.578469
1.588168
1.597514
1.606496
1.615101
1.623316
1.631129
1.638527
1.645499
1.652032
1.658114
1.663732
1.668874
1.673527
1.677679
1.681318
1.684432
1.687007
1.689032
1.690495
1.691382
1.691682
1.691682
0.762692
0.762692
0.762992
0.763880
0.765342
0.767367
0.769943
0.773056
0.776695
0.780847
0.785501
0.790642
0.796260
0.802342
0.808875
0.815847
0.823246
0.831059
0.839274
0.847878
0.856860
0.866207
0.875906
0.885945
0.896312
0.906994
0.917979
0.929255
0.940809
0.952630
0.964703
0.977018
0.989561
1.002321
1.015285
1.028441
1.041776
1.055278
1.068935
1.082734
1.096662
1.110709
1.124860
1.139104
1.153428
1.167821
1.182269
1.196760
1.211283
1.225824
1.240371
1.254912
1.269434
1.283925
1.298373
1.312766
1.327090
1.341334
1.355486
1.369532
1.383461
1.397259
1.410916
1.424418
1.437753
1.450909
1.463873
1.476633
1.489176
1.501491
1.513565
1.525385
1.536939
1.548215
1.559200
1.569883
1.580249
1.590289
1.599988
1.609334
1.618316
1.626921
1.635136
1.642949
1.650347
1.657319
1.663853
1.669934
1.675552
1.680694
1.685347
1.689499
1.693138
1.696252
1.698827
1.700852
1.702315
1.703202
1.703502
1.703502
0.774246
0.774246
0.774546
0.775434
0.776896
0.778921
0.781497
0.784610
0.788249
0.792402
0.797055
0.802197
0.807814
0.813896
0.820429
0.827401
0.834800
0.842613
0.850828
0.859433
0.868414
0.877761
0.887460
0.897499
0.907866
0.918548
0.929534
0.940809
0.952364
0.964184
0.976257
0.988572
1.001116
1.013876
1.026840
1.039995
1.053330
1.066832
1.080489
1.094288
1.108217
1.122263
1.136414
1.150658
1.164983
1.179375
1.193823
1.208315
1.222837
1.237378
1.251925
1.266466
1.280988
1.295479
1.309928
1.324320
1.338645
1.352889
1.367040
1.381086
1.395015
1.408814
1.422470
1.435972
1.449307
1.462463
1.475427
1.488187
1.500731
1.513045
1.525119
1.536939
1.548493
1.559769
1.570754
1.581437
1.591804
1.601843
1.611542
1.620888
1.629870
1.638475
1.646690
1.654503
1.661902
1.668874
1.675407
1.681488
1.687106
1.692248
1.696901
1.701053
1.704693
1.707806
1.710381
1.712407
1.713869
1.714756
1.715056
1.715056
0.785522
0.785522
0.785822
0.786710
0.788172
0.790197
0.792773
0.795886
0.799525
0.803678
0.808331
0.813472
0.819090
0.825172
0.831705
0.838677
0.846076
0.853889
0.862104
0.870708
0.879690
0.889037
0.898736
0.908775
0.919142
0.929824
0.940809
0.952085
0.963640
0.975460
0.987533
0.999848
1.012392
1.025152
1.038116
1.051271
1.064606
1.078108
1.091765
1.105564
1.119493
1.133539
1.147690
1.161934
1.176259
1.190651
1.205099
1.219591
1.234113
1.248654
1.263201
1.277742
1.292264
1.306755
1.321204
1.335596
1.349920
1.364164
1.378316
1.392362
1.406291
1.420090
1.433746
1.447248
1.460583
1.473739
1.486703
1.499463
1.512007
1.524321
1.536395
1.548215
1.559769
1.571045
1.582030
1.592713
1.603079
1.613119
1.622818
1.632164
1.641146
1.649751
1.657966
1.665779
1.673177
1.680150
1.686683
1.692764
1.698382
1.703524
1.708177
1.712329
1.715968
1.719082
1.721657
1.723683
1.725145
1.726032
1.726332
1.726332
0.796508
0.796508
0.796808
0.797695
0.799157
0.801182
0.803758
0.806871
0.810511
0.814663
0.819316
0.824458
0.830076
0.836157
0.842690
0.849662
0.857061
0.864874
0.873089
0.881694
0.890675
0.900022
0.909721
0.919760
0.930127
0.940809
0.951795
0.963071
0.974625
0.986445
0.998518
1.010833
1.023377
1.036137
1.049101
1.062257
1.075592
1.089094
1.102750
1.116549
1.130478
1.144524
1.158675
1.172919
1.187244
1.201636
1.216084
1.230576
1.245098
1.259639
1.274186
1.288727
1.303249
1.317741
1.332189
1.346581
1.360906
1.375150
1.389301
1.403347
1.417276
1.431075
1.444731
1.458233
1.471568
1.484724
1.497688
1.510448
1.522992
1.535307
1.547380
1.559200
1.570754
1.582030
1.593016
1.603698
1.614065
1.624104
1.633803
1.643150
1.652131
1.660736
1.668951
1.676764
1.684163
1.691135
1.697668
1.703749
1.709367
1.714509
1.719162
1.723315
1.726954
1.730067
1.732643
1.734668
1.736130
1.737018
1.737317
1.737317
0.807190
0.807190
0.807490
0.808377
0.809840
0.811865
0.814440
0.817554
0.821193
0.825345
0.829998
0.835140
0.840758
0.846840
0.853373
0.860345
0.867743
0.875556
0.883771
0.892376
0.901358
0.910704
0.920403
0.930443
0.940809
0.951492
0.962477
0.973753
0.985307
0.997127
1.009201
1.021516
1.034059
1.046819
1.059783
1.072939
1.086274
1.099776
1.113433
1.127231
1.141160
1.155206
1.169358
1.183602
1.197926
1.212319
1.226767
1.241258
1.255780
1.270321
1.284868
1.299409
1.313932
1.328423
1.342871
1.357264
1.371588
1.385832
1.399983
1.414030
1.427958
1.441757
1.455414
1.468916
1.482251
1.495407
1.508371
1.521131
1.533674
1.545989
1.558062
1.569883
1.581437
1.592713
1.603698
1.614380
1.624747
1.634786
1.644485
1.653832
1.662814
1.671418
1.679633
1.687446
1.694845
1.701817
1.708350
1.714432
1.720050
1.725191
1.729845
1.733997
1.737636
1.740749
1.743325
1.745350
1.746813
1.747700
1.748000
1.748000
0.817557
0.817557
0.817857
0.818744
0.820206
0.822232
0.824807
0.827921
0.831560
0.835712
0.840365
0.845507
0.851125
0.857206
0.863739
0.870712
0.878110
0.885923
0.894138
0.902743
0.911725
0.921071
0.930770
0.940809
0.951176
0.961859
0.972844
0.984120
0.995674
1.007494
1.019568
1.031882
1.044426
1.057186
1.070150
1.083306
1.096641
1.110143
1.123799
1.137598
1.151527
1.165573
1.179724
1.193969
1.208293
1.222685
1.237134
1.251625
1.266147
1.280688
1.295235
1.309776
1.324298
1.338790
1.353238
1.367630
1.381955
1.396199
1.410350
1.424396
1.438325
1.452124
1.465781
1.479283
1.492618
1.505773
1.518737
1.531497
1.544041
1.556356
1.568429
1.580249
1.591804
1.603079
1.614065
1.624747
1.635114
1.645153
1.654852
1.664199
1.673181
1.681785
1.690000
1.697813
1.705212
1.712184
1.718717
1.724799
1.730417
1.735558
1.740211
1.744364
1.748003
1.751116
1.753692
1.755717
1.757179
1.758067
1.758367
1.758367
0.827596
0.827596
0.827896
0.828783
0.830246
0.832271
0.834846
0.837960
0.841599
0.845751
0.850404
0.855546
0.861164
0.867246
0.873779
0.880751
0.888149
0.895963
0.904177
0.912782
0.921764
0.931110
0.940809
0.950849
0.961216
0.971898
0.982883
0.994159
1.005713
1.017533
1.029607
1.041922
1.054465
1.067225
1.080189
1.093345
1.106680
1.120182
1.133839
1.147637
1.161566
1.175612
1.189764
1.204008
1.218332
1.232725
1.247173
1.261664
1.276186
1.290727
1.305274
1.319815
1.334338
1.348829
1.363277
1.377670
1.391994
1.406238
1.420389
1.434436
1.448364
1.462163
1.475820
1.489322
1.502657
1.515813
1.528777
1.541537
1.554080
1.566395
1.578469
1.590289
1.601843
1.613119
1.624104
1.634786
1.645153
1.655192
1.664891
1.674238
1.683220
1.691824
1.700039
1.707852
1.715251
1.722223
1.728756
1.734838
1.740456
1.745597
1.750251
1.754403
1.758042
1.761156
1.763731
1.765756
1.767219
1.768106
1.768406
1.768406
0.837295
0.837295
0.837595
0.838482
0.839945
0.841970
0.844545
0.847659
0.851298
0.855450
0.860103
0.865245
0.870863
0.876945
0.883478
0.890450
0.897849
0.905662
0.913877
0.922481
0.931463
0.940809
0.950509
0.960548
0.970915
0.981597
0.992582
1.003858
1.015412
1.027232
1.039306
1.051621
1.064164
1.076924
1.089888
1.103044
1.116379
1.129881
1.143538
1.157337
1.171265
1.185311
1.199463
1.213707
1.228031
1.242424
1.256872
1.271363
1.285886
1.300426
1.314973
1.329514
1.344037
1.358528
1.372976
1.387369
1.401693
1.415937
1.430088
1.444135
1.458063
1.471862
1.485519
1.499021
1.512356
1.525512
1.538476
1.551236
1.563779
1.576094
1.588168
1.599988
1.611542
1.622818
1.633803
1.644485
1.654852
1.664891
1.674590
1.683937
1.692919
1.701523
1.709738
1.717551
1.724950
1.731922
1.738455
1.744537
1.750155
1.755296
1.759950
1.764102
1.767741
1.770855
1.773430
1.775455
1.776918
1.777805
1.778105
1.778105
0.846642
0.846642
0.846942
0.847829
0.849291
0.851316
0.853892
0.857005
0.860645
0.864797
0.869450
0.874592
0.880210
0.886291
0.892824
0.899796
0.907195
0.915008
0.923223
0.931828
0.940809
0.950156
0.959855
0.969894
0.980261
0.990944
1.001929
1.013205
1.024759
1.036579
1.048653
1.060967
1.073511
1.086271
1.099235
1.112391
1.125726
1.139228
1.152884
1.166683
1.180612
1.194658
1.208809
1.223053
1.237378
1.251770
1.266218
1.280710
1.295232
1.309773
1.324320
1.338861
1.353383
1.367875
1.382323
1.396715
1.411040
1.425284
1.439435
1.453481
1.467410
1.481209
1.494865
1.508367
1.521703
1.534858
1.547822
1.560582
1.573126
1.585441
1.597514
1.609334
1.620888
1.632164
1.643150
1.653832
1.664199
1.674238
1.683937
1.693284
1.702265
1.710870
1.719085
1.726898
1.734297
1.741269
1.747802
1.753884
1.759501
1.764643
1.769296
1.773449
1.777088
1.780201
1.782777
1.784802
1.786264
1.787152
1.787452
1.787452
0.855623
0.855623
0.855923
0.856811
0.858273
0.860298
0.862874
0.865987
0.869626
0.873779
0.878432
0.883574
0.889191
0.895273
0.901806
0.908778
0.916177
0.923990
0.932205
0.940809
0.949791
0.959138
0.968837
0.978876
0.989243
0.999925
1.010911
1.022186
1.033741
1.045561
1.057634
1.069949
1.082493
1.095253
1.108217
1.121372
1.134707
1.148209
1.161866
1.175665
1.189594
1.203640
1.217791
1.232035
1.246360
1.260752
1.275200
1.289692
1.304214
1.318755
1.333302
1.347843
1.362365
1.376856
1.391305
1.405697
1.420022
1.434266
1.448417
1.462463
1.476392
1.490191
1.503847
1.517349
1.530684
1.543840
1.556804
1.569564
1.582108
1.594422
1.606496
1.618316
1.629870
1.641146
1.652131
1.662814
1.673181
1.683220
1.692919
1.702265
1.711247
1.719852
1.728067
1.735880
1.743279
1.750251
1.756784
1.762865
1.768483
1.773625
1.778278
1.782430
1.786069
1.789183
1.791758
1.793784
1.795246
1.796133
1.796433
1.796433
0.864228
0.864228
0.864528
0.865415
0.866878
0.868903
0.871478
0.874592
0.878231
0.882383
0.887036
0.892178
0.897796
0.903878
0.910411
0.917383
0.924781
0.932595
0.940809
0.949414
0.958396
0.967742
0.977441
0.987481
0.997848
1.008530
1.019515
1.030791
1.042345
1.054165
1.066239
1.078554
1.091097
1.103857
1.116821
1.129977
1.143312
1.156814
1.170471
1.184269
1.198198
1.212244
1.226396
1.240640
1.254964
1.269357
1.283805
1.298296
1.312818
1.327359
1.341906
1.356447
1.370970
1.385461
1.399909
1.414302
1.428626
1.442870
1.457021
1.471068
1.484996
1.498795
1.512452
1.525954
1.539289
1.552445
1.565409
1.578169
1.590712
1.603027
1.615101
1.626921
1.638475
1.649751
1.660736
1.671418
1.681785
1.691824
1.701523
1.710870
1.719852
1.728456
1.736671
1.744484
1.751883
1.758855
1.765388
1.771470
1.777088
1.782229
1.786883
1.791035
1.794674
1.797788
1.800363
1.802388
1.803851
1.804738
1.805038
1.805038
0.872443
0.872443
0.872743
0.873630
0.875093
0.877118
0.879693
0.882807
0.886446
0.890598
0.895251
0.900393
0.906011
0.912093
0.918626
0.925598
0.932996
0.940809
0.949024
0.957629
0.966611
0.975957
0.985656
0.995696
1.006063
1.016745
1.027730
1.039006
1.050560
1.062380
1.074454
1.086769
1.099312
1.112072
1.125036
1.138192
1.151527
1.165029
1.178686
1.192484
1.206413
1.220459
1.234611
1.248855
1.263179
1.277572
1.292020
1.306511
1.321033
1.335574
1.350121
1.364662
1.379185
1.393676
1.408124
1.422517
1.436841
1.451085
1.465236
1.479283
1.493211
1.507010
1.520667
1.534169
1.547504
1.560660
1.573624
1.586384
1.598927
1.611242
1.623316
1.635136
1.646690
1.657966
1.668951
1.679633
1.690000
1.700039
1.709738
1.719085
1.728067
1.736671
1.744886
1.752699
1.760098
1.767070
1.773603
1.779685
1.785303
1.790444
1.795098
1.799250
1.802889
1.806003
1.808578
1.810603
1.812066
1.812953
1.813253
1.813253
0.880256
0.880256
0.880556
0.881443
0.882906
0.884931
0.887506
0.890620
0.894259
0.898411
0.903064
0.908206
0.913824
0.919906
0.926439
0.933411
0.940809
0.948623
0.956838
0.965442
0.974424
0.983770
0.993470
1.003509
1.013876
1.024558
1.035543
1.046819
1.058373
1.070193
1.082267
1.094582
1.107125
1.119885
1.132849
1.146005
1.159340
1.172842
1.186499
1.200298
1.214226
1.228272
1.242424
1.256668
1.270992
1.285385
1.299833
1.314324
1.328847
1.343387
1.357934
1.372475
1.386998
1.401489
1.415937
1.430330
1.444654
1.458898
1.473049
1.487096
1.501024
1.514823
1.528480
1.541982
1.555317
1.568473
1.581437
1.594197
1.606740
1.619055
1.631129
1.642949
1.654503
1.665779
1.676764
1.687446
1.697813
1.707852
1.717551
1.726898
1.735880
1.744484
1.752699
1.760512
1.767911
1.774883
1.781416
1.787498
1.793116
1.798257
1.802911
1.807063
1.810702
1.813816
1.816391
1.818416
1.819879
1.820766
1.821066
1.821066
0.887655
0.887655
0.887955
0.888842
0.890304
0.892330
0.894905
0.898019
0.901658
0.905810
0.910463
0.915605
0.921223
0.927304
0.933837
0.940809
0.948208
0.956021
0.964236
0.972841
0.981823
0.991169
1.000868
1.010907
1.021274
1.031957
1.042942
1.054218
1.065772
1.077592
1.089666
1.101980
1.114524
1.127284
1.140248
1.153404
1.166739
1.180241
1.193897
1.207696
1.221625
1.235671
1.249822
1.264067
1.278391
1.292783
1.307232
1.321723
1.336245
1.350786
1.365333
1.379874
1.394396
1.408888
1.423336
1.437728
1.452053
1.466297
1.480448
1.494494
1.508423
1.522222
1.535879
1.549381
1.562716
1.575871
1.588835
1.601595
1.614139
1.626454
1.638527
1.650347
1.661902
1.673177
1.684163
1.694845
1.705212
1.715251
1.724950
1.734297
1.743279
1.751883
1.760098
1.767911
1.775310
1.782282
1.788815
1.794897
1.800515
1.805656
1.810309
1.814462
1.818101
1.821214
1.823790
1.825815
1.827277
1.828165
1.828465
1.828465
0.894627
0.894627
0.894927
0.895814
0.897277
0.899302
0.901877
0.904991
0.908630
0.912782
0.917435
0.922577
0.928195
0.934276
0.940809
0.947782
0.955180
0.962993
0.971208
0.979813
0.988795
0.998141
1.007840
1.017880
1.028246
1.038929
1.049914
1.061190
1.072744
1.084564
1.096638
1.108952
1.121496
1.134256
1.147220
1.160376
1.173711
1.187213
1.200869
1.214668
1.228597
1.242643
1.256795
1.271039
1.285363
1.299755
1.314204
1.328695
1.343217
1.357758
1.372305
1.386846
1.401368
1.415860
1.430308
1.444700
1.459025
1.473269
1.487420
1.501466
1.515395
1.529194
1.542851
1.556353
1.569688
1.582843
1.595808
1.608567
1.621111
1.633426
1.645499
1.657319
1.668874
1.680150
1.691135
1.701817
1.712184
1.722223
1.731922
1.741269
1.750251
1.758855
1.767070
1.774883
1.782282
1.789254
1.795787
1.801869
1.807487
1.812628
1.817282
1.821434
1.825073
1.828186
1.830762
1.832787
1.834249
1.835137
1.835437
1.835437
0.901160
0.901160
0.901460
0.902347
0.903810
0.905835
0.908410
0.911524
0.915163
0.919315
0.923968
0.929110
0.934728
0.940809
0.947343
0.954315
0.961713
0.969526
0.977741
0.986346
0.995328
1.004674
1.014373
1.024413
1.034779
1.045462
1.056447
1.067723
1.079277
1.091097
1.103171
1.115486
1.128029
1.140789
1.153753
1.166909
1.180244
1.193746
1.207403
1.221201
1.235130
1.249176
1.263328
1.277572
1.291896
1.306289
1.320737
1.335228
1.349750
1.364291
1.378838
1.393379
1.407902
1.422393
1.436841
1.451234
1.465558
1.479802
1.493953
1.508000
1.521928
1.535727
1.549384
1.562886
1.576221
1.589377
1.602341
1.615101
1.627644
1.639959
1.652032
1.663853
1.675407
1.686683
1.697668
1.708350
1.718717
1.728756
1.738455
1.747802
1.756784
1.765388
1.773603
1.781416
1.788815
1.795787
1.802320
1.808402
1.814020
1.819161
1.823815
1.827967
1.831606
1.834719
1.837295
1.839320
1.840783
1.841670
1.841970
1.841970
0.907241
0.907241
0.907541
0.908429
0.909891
0.911916
0.914492
0.917605
0.921244
0.925397
0.930050
0.935192
0.940809
0.946891
0.953424
0.960396
0.967795
0.975608
0.983823
0.992428
1.001409
1.010756
1.020455
1.030494
1.040861
1.051543
1.062529
1.073805
1.085359
1.097179
1.109252
1.121567
1.134111
1.146871
1.159835
1.172990
1.186326
1.199828
1.213484
1.227283
1.241212
1.255258
1.269409
1.283653
1.297978
1.312370
1.326818
1.341310
1.355832
1.370373
1.384920
1.399461
1.413983
1.428475
1.442923
1.457315
1.471640
1.485884
1.500035
1.514081
1.528010
1.541809
1.555465
1.568967
1.582302
1.595458
1.608422
1.621182
1.633726
1.646040
1.658114
1.669934
1.681488
1.692764
1.703749
1.714432
1.724799
1.734838
1.744537
1.753884
1.762865
1.771470
1.779685
1.787498
1.794897
1.801869
1.808402
1.814483
1.820101
1.825243
1.829896
1.834049
1.837688
1.840801
1.843377
1.845402
1.846864
1.847751
1.848051
1.848051
0.912859
0.912859
0.913159
0.914047
0.915509
0.917534
0.920110
0.923223
0.926862
0.931015
0.935668
0.940809
0.946427
0.952509
0.959042
0.966014
0.973413
0.981226
0.989441
0.998045
1.007027
1.016374
1.026073
1.036112
1.046479
1.057161
1.068147
1.079422
1.090977
1.102797
1.114870
1.127185
1.139729
1.152489
1.165453
1.178608
1.191943
1.205445
1.219102
1.232901
1.246830
1.260876
1.275027
1.289271
1.303596
1.317988
1.332436
1.346928
1.361450
1.375991
1.390538
1.405079
1.419601
1.434092
1.448541
1.462933
1.477257
1.491502
1.505653
1.519699
1.533628
1.547427
1.561083
1.574585
1.587920
1.601076
1.614040
1.626800
1.639344
1.651658
1.663732
1.675552
1.687106
1.698382
1.709367
1.720050
1.730417
1.740456
1.750155
1.759501
1.768483
1.777088
1.785303
1.793116
1.800515
1.807487
1.814020
1.820101
1.825719
1.830861
1.835514
1.839666
1.843305
1.846419
1.848994
1.851020
1.852482
1.853369
1.853669
1.853669
0.918001
0.918001
0.918301
0.919188
0.920651
0.922676
0.925251
0.928365
0.932004
0.936156
0.940809
0.945951
0.951569
0.957651
0.964184
0.971156
0.978555
0.986368
0.994583
1.003187
1.012169
1.021516
1.031215
1.041254
1.051621
1.062303
1.073288
1.084564
1.096118
1.107938
1.120012
1.132327
1.144870
1.157630
1.170594
1.183750
1.197085
1.210587
1.224244
1.238043
1.251971
1.266017
1.280169
1.294413
1.308737
1.323130
1.337578
1.352069
1.366592
1.381132
1.395680
1.410220
1.424743
1.439234
1.453682
1.468075
1.482399
1.496643
1.510795
1.524841
1.538769
1.552568
1.566225
1.579727
1.593062
1.606218
1.619182
1.631942
1.644485
1.656800
1.668874
1.680694
1.692248
1.703524
1.714509
1.725191
1.735558
1.745597
1.755296
1.764643
1.773625
1.782229
1.790444
1.798257
1.805656
1.812628
1.819161
1.825243
1.830861
1.836003
1.840656
1.844808
1.848447
1.851561
1.854136
1.856161
1.857624
1.858511
1.858811
1.858811
0.922654
0.922654
0.922954
0.923842
0.925304
0.927329
0.929905
0.933018
0.936657
0.940809
0.945463
0.950604
0.956222
0.962304
0.968837
0.975809
0.983208
0.991021
0.999236
1.007840
1.016822
1.026169
1.035868
1.045907
1.056274
1.066956
1.077941
1.089217
1.100771
1.112592
1.124665
1.136980
1.149523
1.162283
1.175248
1.188403
1.201738
1.215240
1.228897
1.242696
1.256624
1.270671
1.284822
1.299066
1.313390
1.327783
1.342231
1.356722
1.371245
1.385786
1.400333
1.414874
1.429396
1.443887
1.458335
1.472728
1.487052
1.501296
1.515448
1.529494
1.543423
1.557221
1.570878
1.584380
1.597715
1.610871
1.623835
1.636595
1.649138
1.661453
1.673527
1.685347
1.696901
1.708177
1.719162
1.729845
1.740211
1.750251
1.759950
1.769296
1.778278
1.786883
1.795098
1.802911
1.810309
1.817282
1.823815
1.829896
1.835514
1.840656
1.845309
1.849461
1.853100
1.856214
1.858789
1.860814
1.862277
1.863164
1.863464
1.863464
0.926807
0.926807
0.927107
0.927994
0.929456
0.931481
0.934057
0.937170
0.940809
0.944962
0.949615
0.954757
0.960375
0.966456
0.972989
0.979961
0.987360
0.995173
1.003388
1.011993
1.020974
1.030321
1.040020
1.050059
1.060426
1.071108
1.082094
1.093370
1.104924
1.116744
1.128817
1.141132
1.153676
1.166436
1.179400
1.192556
1.205891
1.219393
1.233049
1.246848
1.260777
1.274823
1.288974
1.303218
1.317543
1.331935
1.346383
1.360875
1.375397
1.389938
1.404485
1.419026
1.433548
1.448040
1.462488
1.476880
1.491205
1.505449
1.519600
1.533646
1.547575
1.561374
1.575030
1.588532
1.601867
1.615023
1.627987
1.640747
1.653291
1.665606
1.677679
1.689499
1.701053
1.712329
1.723315
1.733997
1.744364
1.754403
1.764102
1.773449
1.782430
1.791035
1.799250
1.807063
1.814462
1.821434
1.827967
1.834049
1.839666
1.844808
1.849461
1.853614
1.857253
1.860366
1.862942
1.864967
1.866429
1.867317
1.867617
1.867617
0.930446
0.930446
0.930746
0.931633
0.933095
0.935121
0.937696
0.940809
0.944449
0.948601
0.953254
0.958396
0.964014
0.970095
0.976628
0.983600
0.990999
0.998812
1.007027
1.015632
1.024614
1.033960
1.043659
1.053698
1.064065
1.074748
1.085733
1.097009
1.108563
1.120383
1.132457
1.144771
1.157315
1.170075
1.183039
1.196195
1.209530
1.223032
1.236688
1.250487
1.264416
1.278462
1.292613
1.306857
1.321182
1.335574
1.350022
1.364514
1.379036
1.393577
1.408124
1.422665
1.437187
1.451679
1.466127
1.480519
1.494844
1.509088
1.523239
1.537285
1.551214
1.565013
1.578669
1.592172
1.605507
1.618662
1.631626
1.644386
1.656930
1.669245
1.681318
1.693138
1.704693
1.715968
1.726954
1.737636
1.748003
1.758042
1.767741
1.777088
1.786069
1.794674
1.802889
1.810702
1.818101
1.825073
1.831606
1.837688
1.843305
1.848447
1.853100
1.857253
1.860892
1.864005
1.866581
1.868606
1.870068
1.870956
1.871256
1.871256
0.933559
0.933559
0.933859
0.934746
0.936209
0.938234
0.940809
0.943923
0.947562
0.951714
0.956368
0.961509
0.967127
0.973209
0.979742
0.986714
0.994113
1.001926
1.010141
1.018745
1.027727
1.037074
1.046773
1.056812
1.067179
1.077861
1.088846
1.100122
1.111676
1.123496
1.135570
1.147885
1.160428
1.173188
1.186152
1.199308
1.212643
1.226145
1.239802
1.253601
1.267529
1.281576
1.295727
1.309971
1.324295
1.338688
1.353136
1.367627
1.382150
1.396691
1.411238
1.425778
1.440301
1.454792
1.469240
1.483633
1.497957
1.512201
1.526353
1.540399
1.554328
1.568126
1.581783
1.595285
1.608620
1.621776
1.634740
1.647500
1.660043
1.672358
1.684432
1.696252
1.707806
1.719082
1.730067
1.740749
1.751116
1.761156
1.770855
1.780201
1.789183
1.797788
1.806003
1.813816
1.821214
1.828186
1.834719
1.840801
1.846419
1.851561
1.856214
1.860366
1.864005
1.867119
1.869694
1.871719
1.873182
1.874069
1.874369
1.874369
0.936135
0.936135
0.936435
0.937322
0.938784
0.940809
0.943385
0.946498
0.950138
0.954290
0.958943
0.964085
0.969703
0.975784
0.982317
0.989289
0.996688
1.004501
1.012716
1.021321
1.030303
1.039649
1.049348
1.059387
1.069754
1.080437
1.091422
1.102698
1.114252
1.126072
1.138146
1.150460
1.163004
1.175764
1.188728
1.201884
1.215219
1.228721
1.242377
1.256176
1.270105
1.284151
1.298302
1.312546
1.326871
1.341263
1.355711
1.370203
1.384725
1.399266
1.413813
1.428354
1.442876
1.457368
1.471816
1.486208
1.500533
1.514777
1.528928
1.542974
1.556903
1.570702
1.584358
1.597860
1.611196
1.624351
1.637315
1.650075
1.662619
1.674934
1.687007
1.698827
1.710381
1.721657
1.732643
1.743325
1.753692
1.763731
1.773430
1.782777
1.791758
1.800363
1.808578
1.816391
1.823790
1.830762
1.837295
1.843377
1.848994
1.854136
1.858789
1.862942
1.866581
1.869694
1.872270
1.874295
1.875757
1.876645
1.876945
1.876945
0.938160
0.938160
0.938460
0.939347
0.940809
0.942835
0.945410
0.948524
0.952163
0.956315
0.960968
0.966110
0.971728
0.977809
0.984342
0.991315
0.998713
1.006526
1.014741
1.023346
1.032328
1.041674
1.051373
1.061413
1.071779
1.082462
1.093447
1.104723
1.116277
1.128097
1.140171
1.152485
1.165029
1.177789
1.190753
1.203909
1.217244
1.230746
1.244402
1.258201
1.272130
1.286176
1.300327
1.314572
1.328896
1.343288
1.357737
1.372228
1.386750
1.401291
1.415838
1.430379
1.444901
1.459393
1.473841
1.488233
1.502558
1.516802
1.530953
1.544999
1.558928
1.572727
1.586384
1.599886
1.613221
1.626376
1.639340
1.652100
1.664644
1.676959
1.689032
1.700852
1.712407
1.723683
1.734668
1.745350
1.755717
1.765756
1.775455
1.784802
1.793784
1.802388
1.810603
1.818416
1.825815
1.832787
1.839320
1.845402
1.851020
1.856161
1.860814
1.864967
1.868606
1.871719
1.874295
1.876320
1.877782
1.878670
1.878970
1.878970
0.939622
0.939622
0.939922
0.940809
0.942272
0.944297
0.946873
0.949986
0.953625
0.957777
0.962431
0.967572
0.973190
0.979272
0.985805
0.992777
1.000176
1.007989
1.016204
1.024808
1.033790
1.043137
1.052836
1.062875
1.073242
1.083924
1.094909
1.106185
1.117739
1.129560
1.141633
1.153948
1.166491
1.179251
1.192215
1.205371
1.218706
1.232208
1.245865
1.259664
1.273592
1.287639
1.301790
1.316034
1.330358
1.344751
1.359199
1.373690
1.388213
1.402754
1.417301
1.431842
1.446364
1.460855
1.475303
1.489696
1.504020
1.518264
1.532416
1.546462
1.560391
1.574189
1.587846
1.601348
1.614683
1.627839
1.640803
1.653563
1.666106
1.678421
1.690495
1.702315
1.713869
1.725145
1.736130
1.746813
1.757179
1.767219
1.776918
1.786264
1.795246
1.803851
1.812066
1.819879
1.827277
1.834249
1.840783
1.846864
1.852482
1.857624
1.862277
1.866429
1.870068
1.873182
1.875757
1.877782
1.879245
1.880132
1.880432
1.880432
0.940510
0.940510
0.940809
0.941697
0.943159
0.945184
0.947760
0.950873
0.954512
0.958665
0.963318
0.968460
0.974078
0.980159
0.986692
0.993664
1.001063
1.008876
1.017091
1.025696
1.034677
1.044024
1.053723
1.063762
1.074129
1.084811
1.095797
1.107073
1.118627
1.130447
1.142520
1.154835
1.167379
1.180139
1.193103
1.206259
1.219594
1.233096
1.246752
1.260551
1.274480
1.288526
1.302677
1.316921
1.331246
1.345638
1.360086
1.374578
1.389100
1.403641
1.418188
1.432729
1.447251
1.461743
1.476191
1.490583
1.504908
1.519152
1.533303
1.547349
1.561278
1.575077
1.588733
1.602235
1.615570
1.628726
1.641690
1.654450
1.666994
1.679309
1.691382
1.703202
1.714756
1.726032
1.737018
1.747700
1.758067
1.768106
1.777805
1.787152
1.796133
1.804738
1.812953
1.820766
1.828165
1.835137
1.841670
1.847751
1.853369
1.858511
1.863164
1.867317
1.870956
1.874069
1.876645
1.878670
1.880132
1.881020
1.881320
1.881320
0.940809
0.940809
0.941109
0.941997
0.943459
0.945484
0.948060
0.951173
0.954812
0.958965
0.963618
0.968760
0.974377
0.980459
0.986992
0.993964
1.001363
1.009176
1.017391
1.025996
1.034977
1.044324
1.054023
1.064062
1.074429
1.085111
1.096097
1.107373
1.118927
1.130747
1.142820
1.155135
1.167679
1.180439
1.193403
1.206558
1.219894
1.233396
1.247052
1.260851
1.274780
1.288826
1.302977
1.317221
1.331546
1.345938
1.360386
1.374878
1.389400
1.403941
1.418488
1.433029
1.447551
1.462043
1.476491
1.490883
1.505208
1.519452
1.533603
1.547649
1.561578
1.575377
1.589033
1.602535
1.615870
1.629026
1.641990
1.654750
1.667294
1.679608
1.691682
1.703502
1.715056
1.726332
1.737317
1.748000
1.758367
1.768406
1.778105
1.787452
1.796433
1.805038
1.813253
1.821066
1.828465
1.835437
1.841970
1.848051
1.853669
1.858811
1.863464
1.867617
1.871256
1.874369
1.876945
1.878970
1.880432
1.881320
1.881619
1.881619
0.940809
0.940809
0.941109
0.941997
0.943459
0.945484
0.948060
0.951173
0.954812
0.958965
0.963618
0.968760
0.974377
0.980459
0.986992
0.993964
1.001363
1.009176
1.017391
1.025996
1.034977
1.044324
1.054023
1.064062
1.074429
1.085111
1.096097
1.107373
1.118927
1.130747
1.142820
1.155135
1.167679
1.180439
1.193403
1.206558
1.219894
1.233396
1.247052
1.260851
1.274780
1.288826
1.302977
1.317221
1.331546
1.345938
1.360386
1.374878
1.389400
1.403941
1.418488
1.433029
1.447551
1.462043
1.476491
1.490883
1.505208
1.519452
1.533603
1.547649
1.561578
1.575377
1.589033
1.602535
1.615870
1.629026
1.641990
1.654750
1.667294
1.679608
1.691682
1.703502
1.715056
1.726332
1.737317
1.748000
1.758367
1.768406
1.778105
1.787452
1.796433
1.805038
1.813253
1.821066
1.828465
1.835437
1.841970
1.848051
1.853669
1.858811
1.863464
1.867617
1.871256
1.874369
1.876945
1.878970
1.880432
1.881320
1.881619
1.881619